100
10
2.85401682280935 -9.6165230449366 2.13387962721003 -10.3638491455297 0 12.7497409259201 2.82187173304701 19.0058825253536 2.06952411451821 0 15.2766814170762 0.595608745978963 0 0 0.860422585560206 0 0.79409043040317 0 0.0348374208783905 1.55277195365763 0.591217487878733 -17.9936584914074 13.8948257145913 5.43270056668329 0 15.718997639799 3.13085404973517 13.0460968488111 0 18.4724600017641 -4.22133633644382 -1.77381643269854 0 -0.230153424074013 2.26721421987154 0.368912837034516 -1.81739824908664 -1.54860505999467 0.855582403072893 1.74054222448754 -0.044609132243604 
2.85401682280935 -9.6165230449366 7.30142838116802 0 0 0 2.82187173304701 12.7032875608202 1.18992964191825 -0.307268424195828 14.3290552097974 0.595608745978963 0.0356107136772995 -0.350463444455743 0.860422585560206 0.495501579947538 0.79409043040317 0 0.510160379144438 -0.560845573437794 0.594697144159441 17.8765355828575 19.5161355920677 4.75644002943599 -13.1164008998854 8.74422812601283 3.13085404973517 17.3993106021543 19.3847518097305 7.65148613958223 0 0.317181885650932 0.72311685530614 -0.388893530442796 0 -0.594654094937562 -1.81739824908664 -1.70862130471907 0.581065051635292 0 -0.044609132243604 
2.85401682280935 -9.6165230449366 7.29248250422184 14.2524333333841 3.39300922252844 0.422914800873452 3.82697485749469 -0.0771754043536146 22.3340620832211 0.112371983175339 12.1445830739777 0.595608745978963 0.493731254899749 0.475854398424669 1.48790800912208 0.389900489700912 0.867401597927046 1.78570482816813 1.31061227878119 1.24312016103096 1.02763989435399 0 0 -0.1098511438397 3.3398776808008 -23.5621707292097 17.6326684363338 17.3993106021543 0 -19.3184636123099 14.8171766717998 1.97945172897515 0 -0.254479559261575 -0.309161031879094 -0.886556222809737 1.46405320403355 -1.70862130471907 0.855582403072893 -1.17049035844882 0.48456446357284 
1.57142565333233 -9.6165230449366 5.75512571609818 14.2524333333841 3.39300922252844 0.422914800873452 2.82187173304701 -0.0771754043536146 22.3340620832211 0.112371983175339 12.1445830739777 0.595608745978963 0.75899016615422 0.475854398424669 1.48790800912208 0.389900489700912 0.79409043040317 1.78570482816813 1.31061227878119 1.24312016103096 1.30371724692346 0 -1.87978522269045 -0.1098511438397 0 7.20691330647418 17.6326684363338 17.3993106021543 0 -19.3184636123099 17.3991788636656 1.97945172897515 -0.23258512202305 -0.254479559261575 0 -0.221321241404545 1.46405320403355 -1.70862130471907 0.855582403072893 -1.17049035844882 0.48456446357284 
2.85380961187157 -8.20008195107807 10.7108050502887 6.69565338811169 0.560331688663145 0 2.82187173304701 12.7032875608202 19.9770825323309 -4.00204821354805 11.7308498523342 1.09673194805939 0.493731254899749 0.113440549901426 0.860422585560206 0.495501579947538 0.79409043040317 0 1.21922591098548 0.398703834413878 0.921548834732524 4.51637977013196 -2.63655989679348 -5.22881116407402 11.7437230211653 -21.5882046992836 18.96162224494 17.3993106021543 19.3847518097305 7.93019393974924 0.22068421948733 -0.874160631966852 -1.22670822586711 -0.667678957184627 0.473854490152492 -0.672353881924578 2.57854126267533 -1.70862130471907 0.581065051635292 0.652254304956763 -0.044609132243604 
2.85307086116648 -9.6165230449366 10.7108050502887 3.23005655930846 0 18.5528534135096 7.29032523263727 -0.0771754043536146 18.1124276659044 0 1.89087667804718 0.595608745978963 0.940650173365441 1.20186968389986 0.860422585560206 -0.191552240341693 -1.13388523669629 1.78570482816813 1.32666692572025 0 0.0866061290989659 0 -5.16352909829632 5.0755332191128 9.08221915638178 -18.7414049910109 16.6679209721358 19.4777762421769 10.0467394912833 -0.430134157384808 12.1851239914937 1.54672771768026 0.0727693303920185 -1.07924685198313 -0.0593000749029685 0.168417195248612 1.89857760578793 -1.46783191220268 -0.00272511171769591 0.1631679539956 0.892010547636082 
2.85356313813162 -9.6165230449366 3.06568608491946 3.23005655930846 0.560331688663145 23.5421309294841 2.82187173304701 -0.0771754043536146 18.1124276659044 0 14.3290552097974 0.75073004968964 0.393974937840353 1.20186968389986 0.860422585560206 -0.794128951562628 0.79409043040317 1.78570482816813 1.32666692572025 1.21117743209525 0.594697144159441 2.28181713217954 -0.761790586338281 5.43270056668329 0 -21.5882046992836 17.6326684363338 11.736142372124 0 3.89367877249312 12.1851239914937 -0.874160631966852 0.138249316587229 -0.230153424074013 2.26721421987154 -0.89204717118854 -0.00347218213764555 -2.01234856421703 0.855582403072893 -0.0839662442654214 0.892010547636082 
2.85349825055944 -9.6165230449366 3.83664804519464 3.23005655930846 0 12.7497409259201 2.82187173304701 -0.0771754043536146 19.7519327040538 0.51080394606609 12.1445830739777 0.595608745978963 0.802945579906435 1.20186968389986 1.16322991966886 0 0.79409043040317 1.78570482816813 1.32666692572025 0.290363522297872 1.02763989435399 0 -1.87978522269045 5.43270056668329 7.43751919543721 7.20691330647418 0 21.2051998741483 19.781968115611 2.89170165955634 9.71817587954838 1.73176888700191 0.0707090704751707 -0.230153424074013 -0.493103477458052 -0.221321241404545 -1.81739824908664 -1.70862130471907 0.194386927701713 0.481224283432226 0.892010547636082 
0 -2.46813107420138 -12.6065675134801 3.23005655930846 0 17.7051188946725 2.82187173304701 -2.48132224438308 22.3340620832211 0 14.3290552097974 -0.769844808387497 0 1.20186968389986 0.860422585560206 0.366502849043581 0.79409043040317 1.78570482816813 1.31061227878119 2.01674147189909 0.594697144159441 1.96679915584009 -1.87978522269045 5.43270056668329 -13.1164008998854 -21.5882046992836 17.6326684363338 19.4777762421769 10.0467394912833 2.23647666039712 12.1851239914937 -0.467369177447338 -0.23258512202305 -0.230153424074013 0 -0.672353881924578 1.50988520317706 -1.74027874501901 -0.00272511171769591 0.833622060610736 0.892010547636082 
2.85304364239642 -8.5880554152597 2.8344479789885 16.9659098322345 0 18.3043850970475 -1.5278992824852 -0.0771754043536146 9.48171761707948 -2.80035309344547 0.00548789510758961 0.69390264552734 1.6489678213368 0.57008058175914 0.828666320130539 0.366502849043581 -0.651197210499643 1.78570482816813 1.27771223947765 0 0.252594015711264 11.3847516087278 -15.0430522985026 6.3126108834113 -13.1164008998854 11.9341761752657 20.9840854494758 0 10.4699979327479 7.65148613958223 17.4242149374561 -0.215749014232191 0.777818305035037 -0.676888563985419 0 0.127850810535182 2.13836172201594 -0.699646122753455 -0.00272511171769591 0.627150817041821 0 
2.85265509800914 -9.6165230449366 10.7108050502887 -2.17944260206047 3.39300922252844 17.7051188946725 2.82187173304701 -0.0771754043536146 22.3340620832211 1.83768806752641 14.3290552097974 0.595608745978963 0.493731254899749 -0.0703306671512922 1.48790800912208 0.654347718523046 0.79409043040317 1.78570482816813 1.31061227878119 0.695830386884432 0.594697144159441 4.51637977013196 -1.87978522269045 5.0755332191128 0 -19.8868149399929 3.13085404973517 17.3993106021543 16.2473004009562 7.65148613958223 9.71817587954838 -0.874160631966852 -0.23258512202305 -1.25197365129458 1.52201228954923 -0.213647198962815 -1.81739824908664 -1.70862130471907 0.461214881078906 -0.0839662442654214 1.35861408496677 
2.85252232190791 -6.48989549679211 10.7108050502887 3.53618742734482 3.51764245741891 17.7051188946725 7.29032523263727 -0.0771754043536146 22.3340620832211 1.83768806752641 14.3290552097974 0.849124694615195 0.493731254899749 0.0944221428010717 1.48126034934132 0.366502849043581 -1.13388523669629 1.78570482816813 1.31061227878119 0.695830386884432 0.594697144159441 4.51637977013196 -1.87978522269045 5.0755332191128 -13.1164008998854 -18.7414049910109 3.13085404973517 17.3993106021543 16.2473004009562 7.65148613958223 12.1851239914937 -0.395347612414205 -0.23258512202305 -1.25197365129458 0 0.0703606859223734 -1.81739824908664 -1.70862130471907 0.461214881078906 -0.0839662442654214 0.892010547636082 
2.56802859629803 -7.88964496626968 3.94357362014408 14.2524333333841 3.39300922252844 0.422914800873452 7.29032523263727 -0.0771754043536146 22.3340620832211 0 14.3290552097974 0.595608745978963 0 0.557846121330674 0.980131293931106 1.26292353507733 -1.13388523669629 1.78570482816813 1.31061227878119 1.456729500078 0.594697144159441 3.30415186155781 -1.87978522269045 0 -12.5223308611998 -16.4030669781394 2.04711511409707 17.3993106021543 16.2473004009562 -0.430134157384808 12.1851239914937 -0.874160631966852 -0.23258512202305 -0.667678957184627 -0.40210111345728 -0.0874332195042786 -1.60309314721408 -1.70862130471907 0.461214881078906 0.102783863201171 0.892010547636082 
2.85296702945728 -7.88964496626968 3.13629086042582 6.40022221775736 3.39300922252844 17.7051188946725 -2.60993134624321 -0.0771754043536146 18.1124276659044 -0.0698750087152584 14.2602092911304 0.595608745978963 0 0.963090784811923 1.48790800912208 0.366502849043581 0.680381466169088 1.78570482816813 1.32666692572025 -0.263169920194508 0.594697144159441 0.912785321270481 -2.0694721698386 0.58477505190986 -13.1164008998854 -18.7414049910109 1.06418901715157 17.3993106021543 10.0467394912833 2.80304112206355 12.1851239914937 1.97945172897515 -0.23258512202305 -0.960433059218541 0 0.168417195248612 -1.74009686092385 -1.70862130471907 -0.00272511171769591 0.176467678168075 0.892010547636082 
1.57142565333233 -7.88964496626968 4.00775783907518 6.40022221775736 6.69953011111334 18.5528534135096 7.29032523263727 -0.0771754043536146 18.1124276659044 -0.0698750087152584 14.3290552097974 0.595608745978963 -0.281547978716692 0.963090784811923 1.48790800912208 -0.191552240341693 -1.07999322281219 1.78570482816813 1.32666692572025 -0.263169920194508 0.594697144159441 3.30415186155781 -0.0453521320807531 4.04985858486027 -11.502806136642 -18.7414049910109 1.06418901715157 19.4777762421769 16.2473004009562 -0.430134157384808 12.1851239914937 -0.874160631966852 -0.131619887278238 -1.07924685198313 -0.538226925799729 0.168417195248612 -1.60309314721408 -1.46783191220268 0.461214881078906 0.102783863201171 0.892010547636082 
2.85296702945728 -7.88964496626968 1.73438365926705 6.40022221775736 3.39300922252844 17.7051188946725 3.410206303564 -0.0771754043536146 18.1124276659044 -2.80035309344547 14.3290552097974 0.595608745978963 0.611240587072093 0.963090784811923 1.48790800912208 0.0938445722888432 0.271811686834233 1.78570482816813 1.32666692572025 0 0.594697144159441 3.30415186155781 1.69765792542494 0.58477505190986 -13.1164008998854 -18.7414049910109 0.235501334786184 19.4777762421769 16.2473004009562 -0.430134157384808 12.1851239914937 -0.874160631966852 -0.23258512202305 -0.355160973647219 0 0.397825299537659 -1.48536870647472 -1.46783191220268 0.461214881078906 0.102783863201171 0.892010547636082 
0 -7.96469454465653 3.94357362014408 8.0018293219627 3.39300922252844 17.7051188946725 5.24386391134181 -0.612534287438045 18.1124276659044 -0.0698750087152584 14.3290552097974 -1.12923244310507 0 0.564712925318029 1.48790800912208 0.366502849043581 0.79409043040317 1.78570482816813 1.32666692572025 -0.263169920194508 0.594697144159441 3.30415186155781 -0.0453521320807531 0 0 -21.5882046992836 2.04711511409707 14.8622778588497 8.60062024663231 -0.430134157384808 0 -0.874160631966852 -0.131619887278238 -0.667678957184627 2.26721421987154 -0.404981171402606 -1.60309314721408 -1.70932685772391 0.0949900055886199 0.102783863201171 -0.044609132243604 
2.85283533369343 -9.6165230449366 9.87974431772239 14.2524333333841 3.39300922252844 17.7051188946725 -4.17879500686135 -0.0771754043536146 18.1124276659044 -2.64093658334619 -5.62973323617118 0.778663264717284 0.493731254899749 0.557846121330674 1.48790800912208 0.366502849043581 -0.164135479682188 1.78570482816813 1.32666692572025 0 -0.555537694387854 4.51637977013196 -1.87978522269045 7.93350558280177 -13.1164008998854 14.9860957893478 20.1627476529743 0 19.3847518097305 3.89367877249312 5.20655095102571 -0.874160631966852 -0.475487350297853 -0.387402305690293 0 0 1.72830990844793 -0.699646122753455 0.581065051635292 -0.0839662442654214 0.421053572102009 
2.85283533369343 -12.1666011978717 -13.3281067257412 0 3.39300922252844 0.422914800873452 5.87814492666076 -0.0771754043536146 18.1124276659044 -0.0698750087152584 1.77938435379387 0.706191634119578 -0.0115807310731992 -0.550279709692243 1.48790800912208 0.389900489700912 0.832470254047061 1.78570482816813 1.32666692572025 -0.263169920194508 -0.58537630092603 4.51637977013196 -2.63655989679348 1.38156475896554 0 -18.7414049910109 3.13085404973517 17.3993106021543 8.60062024663231 7.65148613958223 15.4001649952262 -0.874160631966852 -1.22670822586711 -0.960433059218541 1.52201228954923 0.0703606859223734 -1.81739824908664 -1.70862130471907 0.0949900055886199 -0.0839662442654214 0.77956829406301 
0.748595936178965 -9.6165230449366 -13.3281067257412 15.686356700252 3.39300922252844 0 2.82187173304701 -0.0771754043536146 18.1124276659044 -2.64093658334619 -5.62973323617118 0.778663264717284 -0.0115807310731992 0.354404753807189 1.48790800912208 0.495501579947538 0.79409043040317 1.78570482816813 1.32666692572025 0 -0.555537694387854 4.51637977013196 -2.63655989679348 -1.90124349170422 0 -18.7414049910109 3.13085404973517 0 19.3847518097305 3.89367877249312 5.20655095102571 -0.874160631966852 -1.22670822586711 0.837774428482062 1.52201228954923 0.0703606859223734 -1.81739824908664 -0.699646122753455 0.581065051635292 -0.0839662442654214 0.421053572102009 
2.85282505739307 -7.25477113318852 -12.6065675134801 3.23005655930846 0 17.7051188946725 -0.237130987824466 -0.0771754043536146 18.1124276659044 0 14.3290552097974 0.34073995715973 0 1.20186968389986 0.860422585560206 0.366502849043581 0.79409043040317 1.78570482816813 1.32666692572025 1.55277195365763 0.962441256419961 1.0774882979819 -1.87978522269045 5.43270056668329 -13.1164008998854 -18.7414049910109 14.3112060420733 19.4777762421769 10.0467394912833 -0.430134157384808 12.1851239914937 1.8741623808882 -0.23258512202305 -0.230153424074013 0 0.0703606859223734 1.51153566519801 -1.46783191220268 -0.00272511171769591 0.1631679539956 0.892010547636082 
2.57009741187275 -10.0868849364281 -12.6065675134801 3.23005655930846 0 17.7051188946725 1.88353217385408 -0.0771754043536146 18.1124276659044 -1.01199588892609 14.3290552097974 0.34073995715973 0 1.20186968389986 0.860422585560206 0.366502849043581 0.278607121635511 1.78570482816813 1.32666692572025 1.185288872847 0.962441256419961 -17.9936584914074 0.976683238487077 5.43270056668329 -17.7115514211876 -18.7414049910109 19.5119972246056 17.3993106021543 10.0467394912833 6.45386853877169 0 -1.77381643269854 0.383926654292236 -0.230153424074013 -1.52048759140097 0.0703606859223734 1.89857760578793 -1.70862130471907 -0.00272511171769591 -0.0839662442654214 -0.044609132243604 
2.85252232190791 -12.1666011978717 -12.6065675134801 0 3.39300922252844 0.422914800873452 3.87830645131334 -0.0771754043536146 22.3340620832211 -3.1488930660062 1.77938435379387 0.706191634119578 0 -0.550279709692243 1.48790800912208 0.389900489700912 0.678744244002153 1.78570482816813 1.31061227878119 0.211430093236933 -0.58537630092603 2.74256187432565 0 1.39058398219784 0 -18.7414049910109 0.235501334786184 17.3993106021543 0 8.18259643529663 15.4001649952262 -0.874160631966852 0 0.173234727332943 2.06864346923709 0.0703606859223734 -1.58524416192679 -1.70862130471907 0.855582403072893 -0.142793770783019 0.77956829406301 
1.57142565333233 -2.46813107420138 5.75512571609818 3.23005655930846 0 17.7051188946725 -0.264169320517297 -0.0771754043536146 25.399870881508 0 14.3290552097974 -0.769844808387497 0.75899016615422 1.20186968389986 0.860422585560206 0.366502849043581 0.79409043040317 1.78570482816813 1.31061227878119 2.01674147189909 0.594697144159441 0 13.8948257145913 5.43270056668329 -13.1164008998854 -21.5882046992836 17.6326684363338 19.4777762421769 19.3847518097305 2.80304112206355 9.71817587954838 1.73176888700191 0 -0.230153424074013 0 -0.672353881924578 1.50988520317706 -1.46783191220268 0.581065051635292 0.899531756206197 0.892010547636082 
2.85269303993233 -12.1666011978717 -14.9357068406119 0 3.39300922252844 17.7051188946725 2.82187173304701 -0.0771754043536146 18.1124276659044 -1.07376052365813 14.3290552097974 0.706191634119578 0.226143059407427 -0.550279709692243 1.48790800912208 0.366502849043581 0.79409043040317 1.78570482816813 1.32666692572025 -0.669753721724149 0.962441256419961 2.74256187432565 -2.50014811721637 -2.04416472785834 0 -18.7414049910109 1.24519768417589 21.2051998741483 19.3847518097305 5.93990393646057 10.6914820638911 -0.874160631966852 -0.23258512202305 -0.716334602244354 2.06864346923709 0.0703606859223734 -2.41878447859026 -1.70862130471907 0.581065051635292 0.176467678168075 0.393495418947887 
2.57326343743162 -9.6165230449366 7.29248250422184 14.2524333333841 3.39300922252844 0.422914800873452 5.7743651548514 -0.0771754043536146 18.1124276659044 -0.0698750087152584 12.1445830739777 0.778663264717284 0.493731254899749 0.557846121330674 1.48790800912208 1.26292353507733 1.18264571079642 1.78570482816813 1.32666692572025 -0.263169920194508 1.02763989435399 3.00281728899703 -1.87978522269045 0 -13.1164008998854 7.20691330647418 -1.14878998510483 17.3993106021543 0 3.89367877249312 12.1851239914937 -0.556049525763863 -0.23258512202305 -0.667678957184627 0 -0.221321241404545 -1.5917551491604 -1.70862130471907 0.855582403072893 -0.0839662442654214 0.892010547636082 
0 -12.1666011978717 7.29248250422184 0 3.39300922252844 -0.309863696973707 3.82697485749469 -1.1558341630296 22.3340620832211 -3.3400324052619 14.3290552097974 0.706191634119578 0.493731254899749 -0.550279709692243 1.48790800912208 0.679107252261186 0.867401597927046 1.94319339548852 1.31061227878119 -0.0688787104323873 0.594697144159441 4.51637977013196 0 1.39058398219784 3.3398776808008 -23.5621707292097 17.6326684363338 14.383084967515 5.37659419527119 -19.3184636123099 15.4001649952262 -0.874160631966852 0 0.173234727332943 -0.309161031879094 -0.886556222809737 1.46405320403355 -1.70862130471907 0.245785419752721 -1.17049035844882 0.77956829406301 
2.40553712244532 -9.6165230449366 3.94357362014408 14.2524333333841 3.39300922252844 0.422914800873452 7.29032523263727 -0.0771754043536146 18.2341752742111 0 12.1445830739777 0.595608745978963 0 0.557846121330674 1.48790800912208 1.26292353507733 -1.13388523669629 1.78570482816813 0.912856060556535 1.456729500078 1.02763989435399 0 -1.87978522269045 5.43270056668329 7.43751919543721 -16.4030669781394 2.04711511409707 21.2051998741483 19.3847518097305 2.89170165955634 12.1851239914937 1.73176888700191 -0.23258512202305 -0.230153424074013 -0.493103477458052 -0.0874332195042786 -1.60309314721408 -1.70862130471907 0.581065051635292 0.481224283432226 0.892010547636082 
2.56893598292203 -9.6165230449366 10.7108050502887 6.69565338811169 3.39300922252844 0 2.82187173304701 -0.0771754043536146 25.4191676475197 -1.96301868812322 1.89087667804718 0.595608745978963 0.493731254899749 0.113440549901426 1.48790800912208 0.495501579947538 0.79409043040317 1.78570482816813 1.12960012502484 0.398703834413878 0.0866061290989659 4.51637977013196 0.976683238487077 1.39058398219784 9.08221915638178 14.9860957893478 19.5119972246056 17.3993106021543 18.8223368540045 5.55246178456697 12.1851239914937 -0.874160631966852 0.383926654292236 0.173234727332943 -0.0593000749029685 0 1.89857760578793 -1.70862130471907 0.663189114245208 0.376858007869151 0.892010547636082 
2.8523801306885 -12.1666011978717 4.10406904169548 8.0018293219627 3.39300922252844 0.422914800873452 2.82187173304701 -0.0771754043536146 22.3340620832211 -0.0698750087152584 1.77938435379387 0.706191634119578 0.541834007828419 0.564712925318029 1.48790800912208 0.389900489700912 0.79409043040317 1.78570482816813 1.31061227878119 -0.263169920194508 -0.58537630092603 2.74256187432565 -1.87978522269045 1.38156475896554 -1.74817996683911 -18.7414049910109 17.6326684363338 17.3724829841976 10.0467394912833 2.80304112206355 0 -0.874160631966852 -0.388550977249886 -0.960433059218541 -0.0808739939894872 0.0703606859223734 1.46405320403355 -1.70862130471907 -0.00272511171769591 0.481224283432226 -0.044609132243604 
0.748595936178965 -12.1666011978717 -9.68573890313774 0 6.04759849421568 0.422914800873452 3.82697485749469 -0.0771754043536146 22.3340620832211 -0.0698750087152584 1.77938435379387 0.706191634119578 0.560775784235809 -0.550279709692243 1.83232474956304 0.389900489700912 0.867401597927046 1.78570482816813 1.31061227878119 -0.263169920194508 -0.58537630092603 2.74256187432565 -1.87978522269045 1.38156475896554 -2.25524150855152 -18.7414049910109 3.13085404973517 17.3993106021543 8.60062024663231 7.65148613958223 15.4001649952262 -0.874160631966852 -0.441293390766388 -0.960433059218541 2.62863247773546 0.0703606859223734 -1.75876191552671 -1.70862130471907 0.0949900055886199 -0.0839662442654214 0.77956829406301 
2.8523801306885 -12.1666011978717 7.29248250422184 3.53618742734482 3.51764245741891 -3.26418827938111 7.29032523263727 -0.0771754043536146 22.3340620832211 1.83768806752641 14.3290552097974 0.706191634119578 0.493731254899749 0.0944221428010717 1.48126034934132 0.565669955129582 -1.13388523669629 1.78570482816813 1.31061227878119 0.695830386884432 0.594697144159441 4.51637977013196 0 5.0755332191128 3.3398776808008 -19.2534301157358 17.6326684363338 17.3993106021543 8.60062024663231 -19.3184636123099 12.1851239914937 -0.874160631966852 0 -1.25197365129458 -0.309161031879094 0.0703606859223734 1.46405320403355 -1.70862130471907 0.0949900055886199 -1.17049035844882 0.892010547636082 
2.85226753047078 -9.6165230449366 2.748681126837 14.2524333333841 3.39300922252844 0.422914800873452 2.82187173304701 -0.0771754043536146 22.3340620832211 0.112371983175339 -2.78108200627895 0.778663264717284 0 0.557846121330674 1.48790800912208 1.26292353507733 0.79409043040317 1.78570482816813 1.31061227878119 1.24312016103096 -0.555537694387854 4.51637977013196 -0.851784304926072 0 -13.1164008998854 -23.7276062339207 3.13085404973517 19.4777762421769 19.3847518097305 3.89367877249312 0 -0.874160631966852 -0.23258512202305 -0.667678957184627 0 -0.564429142137258 -1.81739824908664 -1.46783191220268 0.581065051635292 -0.0839662442654214 -0.044609132243604 
2.85216340300209 -9.6165230449366 8.67624307813879 6.69565338811169 3.39300922252844 15.4665359556053 7.29032523263727 -0.0771754043536146 22.3340620832211 0 1.89087667804718 0.595608745978963 0.493731254899749 0.0944221428010717 1.48790800912208 -0.673247126086264 -1.13388523669629 1.78570482816813 1.31061227878119 0 0.0866061290989659 4.51637977013196 1.48886464593879 5.0755332191128 9.08221915638178 -19.9626072462241 16.6679209721358 17.3993106021543 16.2473004009562 6.52482635107582 12.1851239914937 -0.874160631966852 0.383926654292236 -1.07924685198313 -0.0593000749029685 0.406489702247311 1.89857760578793 -1.70862130471907 0.461214881078906 -0.0839662442654214 0.892010547636082 
2.85216340300209 -12.1666011978717 10.7108050502887 0 3.39300922252844 0.422914800873452 3.87830645131334 -0.0771754043536146 22.3340620832211 1.83768806752641 14.3290552097974 0.706191634119578 0.493731254899749 -0.489680075994544 1.48790800912208 0.389900489700912 0.867401597927046 1.78570482816813 1.31061227878119 0.695830386884432 0.594697144159441 2.74256187432565 -1.87978522269045 2.68362742689607 0 -18.7414049910109 0.235501334786184 17.3993106021543 0 7.65148613958223 12.1851239914937 -0.874160631966852 -0.23258512202305 -0.894764591220191 2.06864346923709 0.0703606859223734 -1.48536870647472 -1.70862130471907 0.855582403072893 -0.0839662442654214 0.892010547636082 
2.85216340300209 -9.6165230449366 7.30142838116802 0 3.39300922252844 0 2.82187173304701 -0.0771754043536146 22.3340620832211 -0.0698750087152584 1.77938435379387 0.595608745978963 0.254675041462609 -0.550279709692243 1.48790800912208 0.495501579947538 0.79409043040317 1.78570482816813 1.31061227878119 -0.263169920194508 -0.58537630092603 17.8765355828575 0 4.75644002943599 -13.1164008998854 -23.5621707292097 3.13085404973517 17.3993106021543 19.3847518097305 -19.3184636123099 15.4001649952262 0.317181885650932 0.1322658138919 -0.388893530442796 0 -0.886556222809737 -1.81739824908664 -1.70862130471907 0.581065051635292 -1.17049035844882 0.77956829406301 
2.85206656194692 -9.6165230449366 5.75512571609818 0 3.39300922252844 18.0820935323285 3.84524594240135 -0.0771754043536146 18.1124276659044 -2.80035309344547 14.3290552097974 0.595608745978963 0.806164592437523 -0.550279709692243 1.48790800912208 0.378201669761074 0 1.78570482816813 1.32666692572025 0 0.594697144159441 -17.9936584914074 -15.0430522985026 7.93350558280177 -13.1164008998854 -16.1769723468353 20.4858299084407 20.1535155434643 10.0471587402034 7.65148613958223 0 -1.77381643269854 0.777818305035037 -0.387402305690293 0 0.0703606859223734 2.16036358673142 -2.383272355843 -0.595540274197953 -0.0839662442654214 -0.044609132243604 
2.85206656194692 -12.7006089466161 7.29248250422184 16.9659098322345 3.39300922252844 17.7051188946725 -4.17879500686135 -0.0771754043536146 18.1124276659044 -0.173581668535985 15.2766814170762 0.595608745978963 0.493731254899749 0.545840444381274 1.48790800912208 0.366502849043581 0 1.78570482816813 1.32666692572025 -0.195116214102654 0.591217487878733 4.98609058735244 -15.0430522985026 7.93350558280177 -13.1164008998854 14.9860957893478 20.4858299084407 0 19.3847518097305 3.23380132447174 5.20655095102571 -1.14434545644761 0.777818305035037 -0.387402305690293 0 0 2.16036358673142 -0.699646122753455 0.581065051635292 -0.280278128357734 0.421053572102009 
1.57142565333233 -19.6061065236368 7.29248250422184 9.47629504321436 3.39300922252844 17.6844792424862 2.82187173304701 -0.0771754043536146 18.1124276659044 -3.3400324052619 14.3290552097974 -0.699111080644238 0.493731254899749 1.13001272186637 1.48790800912208 -0.160235606604365 0.79409043040317 1.78570482816813 1.32666692572025 -0.0688787104323873 0.594697144159441 4.51637977013196 -1.87978522269045 4.54964193843754 0 7.20691330647418 17.6326684363338 17.3993106021543 8.60062024663231 -19.3259265355188 17.4242149374561 -0.874160631966852 -0.23258512202305 -0.0728398296389914 0 -0.221321241404545 1.46405320403355 -1.70862130471907 0.0949900055886199 -1.04289093879186 0 
2.85206656194692 -8.49179961173413 1.73438365926705 -2.69103255355313 3.39300922252844 17.7051188946725 3.410206303564 -0.0771754043536146 18.1124276659044 -2.80035309344547 14.3290552097974 -0.622732090653261 0.611240587072093 0.349078696691002 1.48790800912208 0.366502849043581 0.271811686834233 1.78570482816813 1.32666692572025 0.202321223510579 0.594697144159441 28.432138362309 1.69765792542494 1.4023563721461 -13.1164008998854 -18.7414049910109 4.49852210190078 19.4777762421769 19.3847518097305 2.80304112206355 -3.11203519167008 1.03065258613352 -0.23258512202305 -0.355160973647219 0 0.0703606859223734 -2.70501538077603 -1.46783191220268 0.581065051635292 0.176467678168075 -0.044609132243604 
2.85206656194692 -11.3571470064843 3.94357362014408 8.0018293219627 3.39300922252844 17.7051188946725 3.84524594240135 -0.0771754043536146 18.1124276659044 -0.0698750087152584 14.3290552097974 -1.12923244310507 0 0.564712925318029 1.48790800912208 0.366502849043581 0 1.78570482816813 1.32666692572025 -0.148268773140511 0.594697144159441 1.5975760122517 -0.0453521320807531 0 -13.1164008998854 7.20691330647418 2.04711511409707 19.4777762421769 16.2473004009562 3.04688256361842 0 1.97945172897515 -0.131619887278238 -0.667678957184627 0 -0.221321241404545 -1.60309314721408 -1.46783191220268 0.461214881078906 0.541557376893031 -0.044609132243604 
2.85206656194692 -7.96469454465653 3.13629086042582 -2.17944260206047 3.39300922252844 17.7051188946725 -0.196729770231399 -0.0771754043536146 18.1124276659044 -2.80035309344547 14.3290552097974 -0.632761416571569 0 -0.0703306671512922 1.48790800912208 0.366502849043581 0.758117416798192 1.78570482816813 1.32666692572025 0 0.594697144159441 0.912785321270481 -2.0694721698386 0.58477505190986 -13.1164008998854 -18.7414049910109 2.53527642578598 17.3993106021543 10.0467394912833 2.80304112206355 15.4001649952262 1.97945172897515 -0.23258512202305 -0.355160973647219 0 0.0703606859223734 -1.62237813028152 -1.70862130471907 -0.00272511171769591 0.176467678168075 0.77956829406301 
2.85206656194692 -7.88964496626968 -9.94904817601156 14.2524333333841 3.39300922252844 17.7051188946725 7.29032523263727 -0.0771754043536146 18.1124276659044 -2.80035309344547 14.3290552097974 0.595608745978963 0.486838138595614 0.557846121330674 1.48790800912208 0.366502849043581 -1.13388523669629 1.78570482816813 1.32666692572025 0 0.594697144159441 3.30415186155781 -2.0694721698386 0 -13.1164008998854 -18.7414049910109 17.6326684363338 17.3993106021543 16.2473004009562 -0.430134157384808 0 -0.874160631966852 -0.33578264362448 -0.667678957184627 0 0.0703606859223734 1.50988520317706 -1.68741140699825 0.461214881078906 0.102783863201171 -0.044609132243604 
2.85196189212818 -9.6165230449366 10.7108050502887 -3.23100418137899 3.39300922252844 0.422914800873452 2.82187173304701 -0.0771754043536146 22.3340620832211 0.112371983175339 14.3290552097974 0.595608745978963 0.493731254899749 0.417383391553249 1.48790800912208 0.389900489700912 0.79409043040317 1.78570482816813 1.31061227878119 1.24312016103096 0.594697144159441 4.51637977013196 -1.87978522269045 0 9.08221915638178 -23.667384320622 19.5119972246056 17.3993106021543 0 7.65148613958223 0 -0.874160631966852 -0.23258512202305 -0.306589075041278 -0.0593000749029685 -1.3695590271985 1.89857760578793 -1.70862130471907 0.855582403072893 -0.0839662442654214 -0.044609132243604 
2.85196189212818 -9.6165230449366 5.75512571609818 14.2524333333841 3.39300922252844 0.422914800873452 2.82187173304701 -0.0771754043536146 22.3340620832211 0.112371983175339 16.7523956945643 0.595608745978963 0.75899016615422 0.0330732370135717 1.48790800912208 0.389900489700912 0.79409043040317 1.78570482816813 1.31061227878119 1.24312016103096 0.386744412172932 0.262759531714376 -1.87978522269045 0.58477505190986 0 7.20691330647418 17.6326684363338 17.3993106021543 16.2473004009562 7.65148613958223 8.72760694098082 1.97945172897515 -0.23258512202305 -0.355160973647219 1.52201228954923 -0.221321241404545 1.46405320403355 -1.70862130471907 0.461214881078906 -0.0839662442654214 1.35861408496677 
2.85196189212818 -8.5880554152597 2.8344479789885 16.9659098322345 -2.64423923149902 15.5122106060443 -4.17879500686135 -0.0771754043536146 7.91577677403846 0.617433711987656 1.77938435379387 0.952860246437071 1.6489678213368 0.57008058175914 0.867914221169387 0.420814440087794 -0.124191282491289 1.78570482816813 1.32205672695397 -0.263169920194508 -0.58537630092603 8.84275944765786 -15.0430522985026 6.3126108834113 -13.1164008998854 7.61366293414667 23.5670976150162 17.3993106021543 10.0467394912833 7.65148613958223 17.4242149374561 -0.356071219451759 0.777818305035037 -0.676888563985419 0 -0.427704162643153 1.97387218640366 -1.70862130471907 0.443096199246634 0.627150817041821 0 
2.85196189212818 -9.6165230449366 -12.6065675134801 -2.6196556549378 3.39300922252844 0.422914800873452 3.87830645131334 -0.0771754043536146 22.3340620832211 0.112371983175339 14.3290552097974 0.595608745978963 0 -0.550279709692243 1.48790800912208 0.389900489700912 0.867401597927046 1.78570482816813 1.31061227878119 1.24312016103096 0.594697144159441 2.74256187432565 0 3.9238156993053 0 -18.7414049910109 0.235501334786184 17.3993106021543 16.2473004009562 2.80304112206355 15.4001649952262 -0.874160631966852 0 -0.0072219200139968 2.06864346923709 0.0703606859223734 -1.48536870647472 -1.70862130471907 0.461214881078906 0.176467678168075 0.77956829406301 
2.85189431548331 -7.96469454465653 3.94357362014408 0.314974813146971 3.51764245741891 0.422914800873452 3.84524594240135 -0.0771754043536146 18.1124276659044 -0.0698750087152584 1.89087667804718 -0.215791586579658 0 0.334688300273702 1.48126034934132 0.389900489700912 0 1.78570482816813 1.32666692572025 -0.263169920194508 0.0866061290989659 4.51637977013196 -1.87978522269045 1.07589928089916 -13.1164008998854 -19.2798999723885 17.6326684363338 19.4777762421769 19.3847518097305 5.55246178456697 12.1851239914937 -0.874160631966852 -0.23258512202305 -1.93480902714413 0 -0.100454165707554 1.50988520317706 -1.46783191220268 0.581065051635292 0.376858007869151 0.892010547636082 
2.85189431548331 -9.6165230449366 -13.3281067257412 6.69565338811169 3.39300922252844 0 2.82187173304701 -0.0771754043536146 18.1124276659044 0 14.3290552097974 0.595608745978963 0.299584604678482 0.113440549901426 1.48790800912208 0.350620754310219 0.79409043040317 1.78570482816813 1.32666692572025 0 0.594697144159441 4.51637977013196 -2.63655989679348 1.39058398219784 0 -15.609862056123 3.13085404973517 17.3993106021543 19.3847518097305 5.55246178456697 12.1851239914937 -0.874160631966852 -1.28133653954199 0.173234727332943 1.52201228954923 -0.541703016958992 -1.81739824908664 -1.70862130471907 0.581065051635292 0.376858007869151 0.892010547636082 
2.85189431548331 -9.6165230449366 3.94357362014408 8.0018293219627 3.39300922252844 17.8350951827295 3.84524594240135 -0.0771754043536146 18.1124276659044 -0.125524705287779 14.3290552097974 0.595608745978963 0 0.564712925318029 1.48790800912208 0.0839157815016415 0 1.78570482816813 1.32666692572025 0.287503853918753 0.594697144159441 1.5975760122517 -0.0453521320807531 0 -13.1164008998854 7.37617238677394 0 21.2051998741483 19.3847518097305 2.80304112206355 9.71817587954838 1.97945172897515 -0.131619887278238 -0.667678957184627 0 -0.601741398471287 -1.81739824908664 -1.70862130471907 0.581065051635292 0.481224283432226 0.892010547636082 
0 -9.6165230449366 2.13387962721003 6.69565338811169 0 0 2.82187173304701 -0.0771754043536146 2.06952411451821 0 14.3290552097974 0.595608745978963 0 0.113440549901426 0.860422585560206 0.495501579947538 0.79409043040317 1.78570482816813 0.0348374208783905 1.55277195365763 0.594697144159441 4.51637977013196 13.8948257145913 5.43270056668329 0 -18.7414049910109 3.13085404973517 13.0460968488111 0 5.55246178456697 -4.22133633644382 -0.874160631966852 0 -0.230153424074013 1.52201228954923 0.0703606859223734 -1.81739824908664 -1.54860505999467 0.855582403072893 0.376858007869151 -0.044609132243604 
2.85401682280935 -9.6165230449366 7.30142838116802 0 0 0 2.82187173304701 12.7032875608202 1.18992964191825 -0.307268424195828 14.3290552097974 0.595608745978963 0.0356107136772995 -0.350463444455743 0.860422585560206 0.495501579947538 0.79409043040317 0 0.510160379144438 -0.560845573437794 0.594697144159441 17.8765355828575 19.5161355920677 4.75644002943599 -13.1164008998854 8.74422812601283 3.13085404973517 17.3993106021543 19.3847518097305 7.65148613958223 0 0.317181885650932 0.72311685530614 -0.388893530442796 0 -0.594654094937562 -1.81739824908664 -1.70862130471907 0.581065051635292 0 -0.044609132243604 
2.53092753865895 -2.46813107420138 7.29248250422184 3.23005655930846 0 0.422914800873452 3.82697485749469 -0.0771754043536146 22.3340620832211 0 12.1445830739777 -0.769844808387497 0.493731254899749 1.20186968389986 0.860422585560206 0.389900489700912 0.867401597927046 1.78570482816813 1.31061227878119 2.01674147189909 1.02763989435399 0 -1.87978522269045 -0.1098511438397 3.3398776808008 -21.5882046992836 17.6326684363338 17.3993106021543 10.0467394912833 2.23647666039712 12.1851239914937 1.97945172897515 -0.23258512202305 -0.254479559261575 -0.309161031879094 -0.672353881924578 1.46405320403355 -1.70862130471907 -0.00272511171769591 0.833622060610736 0.892010547636082 
2.85436689897359 -9.6165230449366 5.75512571609818 0 3.39300922252844 0.422914800873452 2.82187173304701 -0.0771754043536146 22.3340620832211 0.112371983175339 12.1445830739777 0.595608745978963 0.75899016615422 -0.550279709692243 1.48790800912208 0.389900489700912 0.79409043040317 1.78570482816813 1.31061227878119 1.24312016103096 1.02763989435399 0 -1.87978522269045 -0.1098511438397 0 7.20691330647418 0.235501334786184 17.3993106021543 0 7.65148613958223 14.8171766717998 1.97945172897515 -0.23258512202305 -0.254479559261575 2.06864346923709 -0.221321241404545 -1.58524416192679 -1.70862130471907 0.855582403072893 -0.0839662442654214 0.48456446357284 
1.57142565333233 -8.20008195107807 10.7108050502887 6.69565338811169 3.39300922252844 0 2.82187173304701 12.7032875608202 19.9770825323309 0 1.89087667804718 1.09673194805939 0.493731254899749 0.0944221428010717 1.48790800912208 0.495501579947538 0.79409043040317 0 1.21922591098548 0 0.0866061290989659 4.51637977013196 -2.63655989679348 -5.22881116407402 11.7437230211653 -18.7414049910109 18.96162224494 17.3993106021543 19.3847518097305 6.52482635107582 12.1851239914937 -0.874160631966852 -1.22670822586711 -0.667678957184627 0.473854490152492 0.168417195248612 2.57854126267533 -1.70862130471907 0.581065051635292 -0.0839662442654214 0.892010547636082 
2.85189431548331 -7.96469454465653 3.94357362014408 -2.17944260206047 3.51764245741891 18.5528534135096 7.29032523263727 -0.0771754043536146 18.1124276659044 -0.0698750087152584 1.89087667804718 -0.215791586579658 0 -0.0703306671512922 1.48126034934132 -0.191552240341693 -1.13388523669629 1.78570482816813 1.32666692572025 -0.263169920194508 0.0866061290989659 0 -1.87978522269045 0.58477505190986 9.08221915638178 -18.7414049910109 17.6326684363338 19.4777762421769 10.0467394912833 -0.430134157384808 12.1851239914937 1.54672771768026 -0.23258512202305 -1.28212209064147 -0.0593000749029685 0.168417195248612 1.50988520317706 -1.46783191220268 -0.00272511171769591 0.1631679539956 0.892010547636082 
2.85356313813162 -9.6165230449366 3.06568608491946 3.23005655930846 0.560331688663145 22.6080074404171 3.82697485749469 -0.0771754043536146 18.1124276659044 0 14.3290552097974 0.75073004968964 0.393974937840353 1.20186968389986 0.860422585560206 -0.794128951562628 0.867401597927046 1.78570482816813 1.32666692572025 1.21117743209525 0.594697144159441 4.51637977013196 -2.63655989679348 5.43270056668329 0 -21.5882046992836 17.6326684363338 17.3993106021543 8.60062024663231 7.65148613958223 12.1851239914937 -0.874160631966852 -1.22670822586711 -0.230153424074013 2.26721421987154 -0.672353881924578 -0.00347218213764555 -1.70862130471907 0.0949900055886199 -0.0839662442654214 0.892010547636082 
1.57142565333233 -12.1666011978717 5.75512571609818 3.23005655930846 3.39300922252844 0.422914800873452 2.82187173304701 -0.0771754043536146 19.7519327040538 -0.0698750087152584 1.77938435379387 0.706191634119578 0.75899016615422 1.20186968389986 1.48790800912208 0.389900489700912 0.79409043040317 1.78570482816813 1.32666692572025 -0.263169920194508 -0.58537630092603 0 -2.63655989679348 5.43270056668329 7.43751919543721 -18.7414049910109 0 17.3993106021543 8.60062024663231 2.89170165955634 9.71817587954838 1.73176888700191 -1.22670822586711 -0.230153424074013 -0.493103477458052 0.0703606859223734 -1.81739824908664 -1.70862130471907 0.0949900055886199 0.481224283432226 0.892010547636082 
1.57142565333233 -2.46813107420138 7.29248250422184 3.23005655930846 3.51764245741891 17.7051188946725 7.29032523263727 -0.0771754043536146 22.3340620832211 0 14.3290552097974 -0.769844808387497 0.493731254899749 1.20186968389986 1.48126034934132 0.366502849043581 -1.13388523669629 1.78570482816813 1.31061227878119 2.01674147189909 0.594697144159441 1.96679915584009 0 5.0755332191128 3.3398776808008 -21.5882046992836 17.6326684363338 19.4777762421769 8.60062024663231 -19.3184636123099 12.1851239914937 -0.467369177447338 0 -1.25197365129458 -0.309161031879094 -0.672353881924578 1.50988520317706 -1.46783191220268 0.0949900055886199 -1.17049035844882 0.892010547636082 
1.57142565333233 -8.5880554152597 2.8344479789885 16.9659098322345 3.39300922252844 0.422914800873452 -1.5278992824852 -0.0771754043536146 22.3340620832211 0.112371983175339 12.1445830739777 0.952860246437071 1.6489678213368 0.57008058175914 1.48790800912208 0.389900489700912 -0.651197210499643 1.78570482816813 1.31061227878119 1.24312016103096 1.02763989435399 10.0643274118958 -15.0430522985026 -0.1098511438397 3.3398776808008 -23.5621707292097 20.9840854494758 17.3993106021543 0 7.65148613958223 14.8171766717998 0.230906117218968 0.777818305035037 -0.254479559261575 -0.309161031879094 -0.886556222809737 2.13836172201594 -1.70862130471907 0.855582403072893 0.627150817041821 0.48456446357284 
1.57142565333233 -9.6165230449366 3.83664804519464 3.23005655930846 3.39300922252844 12.7497409259201 2.82187173304701 -0.0771754043536146 19.7519327040538 0.51080394606609 14.3290552097974 0.595608745978963 0.802945579906435 1.20186968389986 1.48790800912208 0 0.79409043040317 1.78570482816813 1.32666692572025 0.290363522297872 0.594697144159441 0 -1.87978522269045 5.43270056668329 7.43751919543721 7.20691330647418 0 21.2051998741483 16.2473004009562 2.89170165955634 9.71817587954838 1.73176888700191 0.0707090704751707 -0.230153424074013 -0.493103477458052 -0.221321241404545 -1.81739824908664 -1.70862130471907 0.461214881078906 0.481224283432226 1.35861408496677 
2.85304364239642 -9.6165230449366 10.7108050502887 3.53618742734482 3.51764245741891 17.7051188946725 7.29032523263727 -0.0771754043536146 22.3340620832211 1.83768806752641 14.3290552097974 0.595608745978963 0.493731254899749 0.0944221428010717 1.48126034934132 0.366502849043581 -1.13388523669629 1.78570482816813 1.31061227878119 0.695830386884432 0.594697144159441 4.51637977013196 -1.87978522269045 5.0755332191128 -13.1164008998854 -18.7414049910109 3.13085404973517 17.3993106021543 16.2473004009562 7.65148613958223 12.1851239914937 -0.874160631966852 -0.23258512202305 -1.25197365129458 0 0.0703606859223734 -1.81739824908664 -1.70862130471907 0.461214881078906 -0.0839662442654214 0.892010547636082 
2.85436689897359 -12.1666011978717 7.29248250422184 14.2524333333841 3.39300922252844 0.422914800873452 3.82697485749469 -0.0771754043536146 22.3340620832211 -3.3400324052619 14.3290552097974 0.706191634119578 0.493731254899749 0.557846121330674 1.48790800912208 1.26292353507733 0.867401597927046 1.78570482816813 1.31061227878119 -0.0688787104323873 0.594697144159441 4.51637977013196 0 1.39058398219784 3.3398776808008 -16.4030669781394 17.6326684363338 17.3993106021543 16.2473004009562 -19.3184636123099 12.1851239914937 -0.874160631966852 0 0.173234727332943 -0.309161031879094 -0.0874332195042786 1.46405320403355 -1.70862130471907 0.461214881078906 -1.17049035844882 0.892010547636082 
2.57036047570913 -8.5880554152597 3.13629086042582 6.40022221775736 -2.64423923149902 17.7051188946725 -0.196729770231399 -0.0771754043536146 7.91577677403846 0.617433711987656 14.2602092911304 0.952860246437071 0 0.963090784811923 0.867914221169387 0.366502849043581 0.758117416798192 1.78570482816813 1.32205672695397 -0.263169920194508 0.594697144159441 8.84275944765786 -2.0694721698386 0.58477505190986 -13.1164008998854 -18.7414049910109 23.5670976150162 17.3993106021543 10.0467394912833 2.80304112206355 17.4242149374561 -0.356071219451759 -0.23258512202305 -0.960433059218541 0 0.168417195248612 1.97387218640366 -1.70862130471907 -0.00272511171769591 0.176467678168075 0 
2.85189431548331 -7.88964496626968 4.00775783907518 0 3.39300922252844 18.5528534135096 7.29032523263727 -0.0771754043536146 18.1124276659044 -2.80035309344547 14.3290552097974 0.595608745978963 -0.281547978716692 -0.550279709692243 1.48790800912208 -0.191552240341693 -1.07999322281219 1.78570482816813 1.32666692572025 0 0.594697144159441 -17.9936584914074 -0.0453521320807531 7.93350558280177 -13.1164008998854 -18.7414049910109 1.06418901715157 20.1535155434643 10.0471587402034 7.65148613958223 12.1851239914937 -1.77381643269854 -0.131619887278238 -0.387402305690293 0 0.168417195248612 -1.60309314721408 -2.383272355843 -0.595540274197953 -0.0839662442654214 0.892010547636082 
2.85304364239642 -7.88964496626968 10.7108050502887 0 3.39300922252844 0.422914800873452 3.410206303564 -0.0771754043536146 22.3340620832211 1.83768806752641 14.3290552097974 0.595608745978963 0.493731254899749 -0.550279709692243 1.48790800912208 0.389900489700912 0.271811686834233 1.78570482816813 1.31061227878119 0.695830386884432 0.594697144159441 3.30415186155781 1.69765792542494 0.58477505190986 0 -18.7414049910109 0.235501334786184 19.4777762421769 0 -0.430134157384808 12.1851239914937 -0.874160631966852 -0.23258512202305 -0.355160973647219 2.06864346923709 0.168417195248612 -1.48536870647472 -1.46783191220268 0.855582403072893 0.102783863201171 0.892010547636082 
2.85206656194692 -7.96469454465653 3.94357362014408 14.2524333333841 3.39300922252844 17.7051188946725 2.82187173304701 -0.0771754043536146 18.1124276659044 -0.0698750087152584 14.3290552097974 -1.12923244310507 0 0.0330732370135717 1.48790800912208 0.366502849043581 0.79409043040317 1.78570482816813 1.32666692572025 -0.263169920194508 0.594697144159441 3.30415186155781 -1.87978522269045 0.58477505190986 0 -21.5882046992836 17.6326684363338 17.3993106021543 16.2473004009562 7.65148613958223 9.71817587954838 -0.874160631966852 -0.23258512202305 -0.355160973647219 2.26721421987154 -0.404981171402606 1.46405320403355 -1.70862130471907 0.461214881078906 -0.0839662442654214 1.35861408496677 
2.85206656194692 -12.7006089466161 9.87974431772239 16.9659098322345 3.39300922252844 17.7051188946725 -4.17879500686135 -0.0771754043536146 18.1124276659044 -2.64093658334619 15.2766814170762 0.595608745978963 0.493731254899749 0.545840444381274 1.48790800912208 0.366502849043581 0 1.78570482816813 1.32666692572025 0 0.591217487878733 4.98609058735244 -1.87978522269045 7.93350558280177 -13.1164008998854 14.9860957893478 20.4858299084407 0 19.3847518097305 3.89367877249312 5.20655095102571 -1.14434545644761 -0.475487350297853 -0.387402305690293 0 0 2.16036358673142 -0.699646122753455 0.581065051635292 -0.0839662442654214 0.421053572102009 
2.8523801306885 -12.1666011978717 -13.3281067257412 3.53618742734482 3.51764245741891 17.7051188946725 3.82697485749469 -0.0771754043536146 22.3340620832211 -0.0698750087152584 1.77938435379387 0.706191634119578 -0.0115807310731992 0.0944221428010717 1.48126034934132 0.366502849043581 0.867401597927046 1.78570482816813 1.31061227878119 -0.263169920194508 -0.58537630092603 4.51637977013196 -2.63655989679348 5.0755332191128 0 -18.7414049910109 3.13085404973517 17.3993106021543 8.60062024663231 7.65148613958223 15.4001649952262 -0.874160631966852 -1.22670822586711 -1.25197365129458 1.52201228954923 0.0703606859223734 -1.81739824908664 -1.70862130471907 0.0949900055886199 -0.0839662442654214 0.77956829406301 
2.85213375340425 -12.1666011978717 -13.3281067257412 14.2524333333841 3.39300922252844 0 2.82187173304701 -0.0771754043536146 18.1124276659044 -2.80035309344547 -5.62973323617118 0.706191634119578 -0.0115807310731992 0.557846121330674 1.48790800912208 0.495501579947538 0.79409043040317 1.78570482816813 1.32666692572025 0 -0.555537694387854 4.51637977013196 -2.50014811721637 1.39058398219784 0 -18.7414049910109 3.13085404973517 21.2051998741483 19.3847518097305 2.80304112206355 10.6914820638911 -0.874160631966852 -0.23258512202305 0.173234727332943 2.06864346923709 0.0703606859223734 -1.81739824908664 -1.70862130471907 0.581065051635292 0.176467678168075 0.393495418947887 
2.85356313813162 -9.6165230449366 -12.6065675134801 3.23005655930846 0 17.7051188946725 2.82187173304701 -0.0771754043536146 18.1124276659044 0 14.3290552097974 0.75073004968964 0 1.20186968389986 0.860422585560206 0.366502849043581 0.79409043040317 1.78570482816813 1.32666692572025 1.55277195365763 0.594697144159441 2.28181713217954 -0.761790586338281 5.43270056668329 0 -21.5882046992836 14.3112060420733 11.736142372124 10.0467394912833 3.89367877249312 12.1851239914937 -0.874160631966852 0.138249316587229 -0.230153424074013 2.26721421987154 -0.89204717118854 1.51153566519801 -2.01234856421703 -0.00272511171769591 -0.0839662442654214 0.892010547636082 
1.57142565333233 -10.0868849364281 5.75512571609818 3.23005655930846 3.39300922252844 17.7051188946725 1.88353217385408 -0.0771754043536146 18.1124276659044 0 14.3290552097974 0.34073995715973 0.806164592437523 1.20186968389986 1.48790800912208 0.366502849043581 0.278607121635511 1.78570482816813 1.32666692572025 1.55277195365763 0.962441256419961 -17.9936584914074 -15.0430522985026 5.43270056668329 -13.1164008998854 -18.7414049910109 20.4858299084407 17.3993106021543 10.0471587402034 3.89367877249312 0 -1.77381643269854 0.777818305035037 -0.230153424074013 0 0.0703606859223734 2.16036358673142 -1.70862130471907 -0.595540274197953 -0.0839662442654214 -0.044609132243604 
1.57142565333233 -12.1666011978717 3.06568608491946 3.23005655930846 3.39300922252844 0.422914800873452 3.87830645131334 -0.0771754043536146 22.3340620832211 -0.0698750087152584 14.3290552097974 0.706191634119578 0.393974937840353 1.20186968389986 1.48790800912208 0.389900489700912 0.678744244002153 1.78570482816813 1.31061227878119 -0.263169920194508 0.594697144159441 2.74256187432565 -0.761790586338281 1.39058398219784 0 -21.5882046992836 17.6326684363338 11.736142372124 0 7.65148613958223 15.4001649952262 -0.874160631966852 0.138249316587229 0.173234727332943 2.06864346923709 -0.89204717118854 -0.00347218213764555 -2.01234856421703 0.855582403072893 -0.0839662442654214 0.77956829406301 
0.748595936178965 -2.46813107420138 5.75512571609818 3.23005655930846 3.39300922252844 17.7051188946725 2.82187173304701 -0.0771754043536146 18.1124276659044 -2.64093658334619 14.3290552097974 -0.769844808387497 0.75899016615422 1.20186968389986 1.48790800912208 0.366502849043581 0.79409043040317 1.78570482816813 1.32666692572025 0 0.594697144159441 0 -2.63655989679348 -1.90124349170422 0 -18.7414049910109 3.13085404973517 19.4777762421769 19.3847518097305 3.89367877249312 5.20655095102571 1.73176888700191 -1.22670822586711 0.837774428482062 1.52201228954923 0.0703606859223734 -1.81739824908664 -1.46783191220268 0.581065051635292 -0.0839662442654214 0.421053572102009 
2.85265509800914 -12.1666011978717 7.29248250422184 0 3.39300922252844 17.7051188946725 2.82187173304701 -0.0771754043536146 18.1124276659044 -2.80035309344547 14.3290552097974 0.706191634119578 0.493731254899749 -0.550279709692243 1.48790800912208 0.366502849043581 0.79409043040317 1.78570482816813 1.32666692572025 0 0.962441256419961 4.98609058735244 -2.50014811721637 7.93350558280177 0 -18.7414049910109 20.4858299084407 21.2051998741483 19.3847518097305 2.80304112206355 10.6914820638911 -1.14434545644761 -0.23258512202305 -0.387402305690293 2.06864346923709 0.0703606859223734 2.16036358673142 -1.70862130471907 0.581065051635292 0.176467678168075 0.393495418947887 
2.85314768722572 -9.6165230449366 10.7108050502887 14.2524333333841 3.39300922252844 17.7051188946725 2.82187173304701 -0.0771754043536146 22.3340620832211 1.83768806752641 12.1445830739777 0.595608745978963 0.493731254899749 0.557846121330674 1.48790800912208 0.654347718523046 0.79409043040317 1.78570482816813 1.31061227878119 0.695830386884432 1.02763989435399 3.00281728899703 -1.87978522269045 5.0755332191128 -13.1164008998854 -19.8868149399929 3.13085404973517 17.3993106021543 16.2473004009562 3.89367877249312 12.1851239914937 -0.556049525763863 -0.23258512202305 -1.25197365129458 0 -0.213647198962815 -1.81739824908664 -1.70862130471907 0.461214881078906 -0.0839662442654214 0.892010547636082 
2.85206656194692 -7.88964496626968 7.29248250422184 0 3.39300922252844 -0.309863696973707 3.82697485749469 -0.0771754043536146 18.1124276659044 -3.3400324052619 14.2602092911304 0.595608745978963 0.493731254899749 -0.550279709692243 1.48790800912208 0.679107252261186 0.867401597927046 1.78570482816813 1.32666692572025 -0.0688787104323873 0.594697144159441 4.51637977013196 -2.0694721698386 1.39058398219784 3.3398776808008 -18.7414049910109 17.6326684363338 17.3993106021543 10.0467394912833 2.80304112206355 12.1851239914937 -0.874160631966852 -0.23258512202305 0.173234727332943 -0.309161031879094 0.168417195248612 1.46405320403355 -1.70862130471907 -0.00272511171769591 0.176467678168075 0.892010547636082 
2.85258881000389 -9.6165230449366 3.94357362014408 14.2524333333841 3.39300922252844 0 7.29032523263727 -0.0771754043536146 22.3340620832211 0 12.1445830739777 0.595608745978963 0 0.557846121330674 1.48790800912208 0.495501579947538 -1.13388523669629 1.78570482816813 1.31061227878119 1.456729500078 1.02763989435399 0 -1.87978522269045 4.75644002943599 7.43751919543721 -16.4030669781394 3.13085404973517 17.3993106021543 19.3847518097305 2.89170165955634 15.4001649952262 1.73176888700191 -0.23258512202305 -0.388893530442796 -0.493103477458052 -0.0874332195042786 -1.81739824908664 -1.70862130471907 0.581065051635292 0.481224283432226 0.77956829406301 
2.85189431548331 -9.6165230449366 -9.94904817601156 14.2524333333841 3.39300922252844 17.7051188946725 7.29032523263727 -0.0771754043536146 18.1124276659044 -1.96301868812322 1.89087667804718 0.595608745978963 0.486838138595614 0.557846121330674 1.48790800912208 0.366502849043581 -1.13388523669629 1.78570482816813 1.32666692572025 0.398703834413878 0.0866061290989659 4.51637977013196 -2.0694721698386 1.39058398219784 9.08221915638178 -18.7414049910109 17.6326684363338 17.3993106021543 16.9443354330465 -0.430134157384808 12.1851239914937 -0.874160631966852 -0.33578264362448 0.173234727332943 -0.0593000749029685 0.0703606859223734 1.50988520317706 -1.70862130471907 0.663189114245208 0.102783863201171 0.892010547636082 
2.85314768722572 -12.1666011978717 5.15372766144747 0 3.39300922252844 0.422914800873452 3.87830645131334 -0.0771754043536146 22.3340620832211 0.112371983175339 14.3290552097974 0.706191634119578 0.458565329782928 -0.550279709692243 1.48790800912208 0.389900489700912 0.867401597927046 1.78570482816813 1.31061227878119 1.24312016103096 0.594697144159441 2.74256187432565 -1.87978522269045 1.38156475896554 -1.74817996683911 -18.7414049910109 0.235501334786184 17.3993106021543 10.0467394912833 2.80304112206355 0 -0.874160631966852 -0.23258512202305 -0.960433059218541 -0.0808739939894872 0.0703606859223734 -1.48536870647472 -1.70862130471907 -0.00272511171769591 0.481224283432226 -0.044609132243604 
0 -9.6165230449366 -9.68573890313774 -10.3638491455297 0 12.7497409259201 3.82697485749469 -0.0771754043536146 2.06952411451821 -0.0698750087152584 15.2766814170762 0.595608745978963 0.560775784235809 0 0.860422585560206 0 0.867401597927046 1.78570482816813 0.0348374208783905 -0.263169920194508 0.591217487878733 -17.9936584914074 -1.87978522269045 1.38156475896554 0 15.718997639799 3.13085404973517 13.0460968488111 8.60062024663231 18.4724600017641 15.4001649952262 -1.77381643269854 -0.441293390766388 -0.960433059218541 2.26721421987154 0.368912837034516 -1.75876191552671 -1.54860505999467 0.0949900055886199 1.74054222448754 0.77956829406301 
2.85216340300209 -12.1666011978717 7.29248250422184 -2.17944260206047 3.51764245741891 -0.309863696973707 7.29032523263727 -0.0771754043536146 22.3340620832211 0.112371983175339 14.3290552097974 0.706191634119578 0.493731254899749 -0.0703306671512922 1.48126034934132 0.679107252261186 -1.13388523669629 1.78570482816813 1.31061227878119 1.24312016103096 0.594697144159441 4.51637977013196 -1.87978522269045 5.0755332191128 3.3398776808008 -23.667384320622 19.5119972246056 17.3993106021543 0 -19.3184636123099 0 -0.874160631966852 -0.23258512202305 -1.25197365129458 -0.309161031879094 -1.3695590271985 1.89857760578793 -1.70862130471907 0.855582403072893 -1.17049035844882 -0.044609132243604 
0 -9.6165230449366 3.94357362014408 14.2524333333841 3.39300922252844 0.422914800873452 2.82187173304701 -0.612534287438045 18.1124276659044 -0.0698750087152584 14.3290552097974 0.778663264717284 0 0.557846121330674 1.48790800912208 1.26292353507733 0.79409043040317 1.78570482816813 1.32666692572025 -0.263169920194508 0.594697144159441 3.30415186155781 -1.87978522269045 0 -13.1164008998854 -23.7276062339207 2.04711511409707 19.4777762421769 19.3847518097305 3.89367877249312 0 -0.874160631966852 -0.23258512202305 -0.667678957184627 0 -0.564429142137258 -1.60309314721408 -1.46783191220268 0.581065051635292 -0.0839662442654214 -0.044609132243604 
1.57142565333233 -7.88964496626968 4.00775783907518 6.69565338811169 6.69953011111334 18.5528534135096 7.29032523263727 -0.0771754043536146 22.3340620832211 0 1.89087667804718 0.595608745978963 -0.281547978716692 0.0944221428010717 1.48790800912208 -0.191552240341693 -1.07999322281219 1.78570482816813 1.31061227878119 0 0.0866061290989659 4.51637977013196 1.48886464593879 5.0755332191128 9.08221915638178 -18.7414049910109 16.6679209721358 17.3993106021543 16.2473004009562 -0.430134157384808 12.1851239914937 -0.874160631966852 0.383926654292236 -1.07924685198313 -0.0593000749029685 0.168417195248612 1.89857760578793 -1.70862130471907 0.461214881078906 0.102783863201171 0.892010547636082 
2.85206656194692 -12.7006089466161 7.29248250422184 16.9659098322345 3.39300922252844 0.422914800873452 -4.17879500686135 -0.0771754043536146 18.1124276659044 1.83768806752641 15.2766814170762 0.595608745978963 0.493731254899749 0.545840444381274 1.48790800912208 0.389900489700912 0 1.78570482816813 1.32666692572025 0.695830386884432 0.591217487878733 4.98609058735244 -15.0430522985026 7.93350558280177 -13.1164008998854 14.9860957893478 20.4858299084407 0 0 7.65148613958223 12.1851239914937 -1.14434545644761 0.777818305035037 -0.387402305690293 0 0 2.16036358673142 -0.699646122753455 0.855582403072893 -0.0839662442654214 0.892010547636082 
2.85216340300209 -9.6165230449366 7.30142838116802 0 3.39300922252844 0 2.82187173304701 -0.0771754043536146 22.3340620832211 -0.0698750087152584 1.77938435379387 0.595608745978963 0.0356107136772995 -0.550279709692243 1.48790800912208 0.495501579947538 0.79409043040317 1.78570482816813 1.31061227878119 -0.263169920194508 -0.58537630092603 4.51637977013196 0.976683238487077 1.39058398219784 9.08221915638178 14.9860957893478 19.5119972246056 17.3993106021543 19.3847518097305 -19.3184636123099 15.4001649952262 -0.874160631966852 0.383926654292236 0.173234727332943 -0.0593000749029685 0 1.89857760578793 -1.70862130471907 0.581065051635292 -1.17049035844882 0.77956829406301 
0.748595936178965 -9.6165230449366 5.75512571609818 0 3.39300922252844 17.7051188946725 3.84524594240135 -0.0771754043536146 18.1124276659044 -2.80035309344547 14.3290552097974 0.778663264717284 0.806164592437523 -0.550279709692243 1.48790800912208 0.366502849043581 0 1.78570482816813 1.32666692572025 0 0.594697144159441 4.51637977013196 -15.0430522985026 -1.90124349170422 0 -18.7414049910109 3.13085404973517 20.1535155434643 19.3847518097305 3.89367877249312 0 -0.874160631966852 0.777818305035037 0.837774428482062 1.52201228954923 0.0703606859223734 -1.81739824908664 -2.383272355843 0.581065051635292 -0.0839662442654214 -0.044609132243604 
2.85206656194692 -12.7006089466161 7.29248250422184 16.9659098322345 3.39300922252844 17.7051188946725 -4.17879500686135 -0.0771754043536146 18.1124276659044 0.240384616907864 15.2766814170762 0.595608745978963 0.493731254899749 0.545840444381274 1.48790800912208 0.366502849043581 0 1.78570482816813 1.32666692572025 -0.195116214102654 0.591217487878733 4.98609058735244 -15.0430522985026 7.93350558280177 -13.1164008998854 14.9860957893478 20.4858299084407 0 19.3847518097305 4.63563457468321 5.20655095102571 -1.14434545644761 0.777818305035037 -0.387402305690293 0 0 2.16036358673142 -0.699646122753455 0.581065051635292 -0.280278128357734 0.421053572102009 
2.85314768722572 -19.6061065236368 7.29248250422184 8.0834817620383 3.51764245741891 -3.26418827938111 2.82187173304701 -0.0771754043536146 22.3340620832211 -3.3400324052619 14.3290552097974 -0.699111080644238 0.493731254899749 0.516109605541504 1.48126034934132 0.565669955129582 0.79409043040317 1.78570482816813 1.31061227878119 -0.0688787104323873 0.594697144159441 4.51637977013196 0 5.0755332191128 3.3398776808008 -19.2534301157358 17.6326684363338 17.3993106021543 8.60062024663231 -19.3184636123099 17.4242149374561 -0.874160631966852 0 -1.25197365129458 -0.309161031879094 0.0703606859223734 1.46405320403355 -1.70862130471907 0.0949900055886199 -1.17049035844882 0 
2.85206656194692 -8.49179961173413 3.94357362014408 8.0018293219627 3.39300922252844 17.7051188946725 3.410206303564 -0.0771754043536146 18.1124276659044 -2.80035309344547 14.3290552097974 -0.622732090653261 0 0.564712925318029 1.48790800912208 0.366502849043581 0.271811686834233 1.78570482816813 1.32666692572025 0 0.594697144159441 28.432138362309 1.69765792542494 0 -13.1164008998854 7.20691330647418 2.04711511409707 19.4777762421769 16.2473004009562 2.80304112206355 0 1.03065258613352 -0.23258512202305 -0.667678957184627 0 -0.221321241404545 -1.60309314721408 -1.46783191220268 0.461214881078906 0.176467678168075 -0.044609132243604 
0 -11.3571470064843 3.94357362014408 8.0018293219627 3.39300922252844 17.7051188946725 3.82697485749469 -1.1558341630296 18.1124276659044 -0.0698750087152584 14.3290552097974 -1.12923244310507 0 0.564712925318029 1.48790800912208 0.366502849043581 0.867401597927046 1.94319339548852 1.32666692572025 -0.263169920194508 0.594697144159441 4.51637977013196 0 1.39058398219784 -13.1164008998854 -23.5621707292097 2.04711511409707 19.4777762421769 16.2473004009562 -19.3184636123099 15.4001649952262 -0.874160631966852 0 0.173234727332943 0 -0.886556222809737 -1.60309314721408 -1.46783191220268 0.461214881078906 -1.17049035844882 0.77956829406301 
0 -7.96469454465653 3.13629086042582 3.23005655930846 3.39300922252844 17.7051188946725 -0.196729770231399 -2.48132224438308 18.1124276659044 0 14.3290552097974 -0.632761416571569 0 1.20186968389986 1.48790800912208 0.366502849043581 0.758117416798192 1.78570482816813 1.32666692572025 2.01674147189909 0.594697144159441 1.96679915584009 -1.87978522269045 0.58477505190986 -13.1164008998854 -21.5882046992836 0.235501334786184 17.3993106021543 10.0467394912833 2.23647666039712 12.1851239914937 -0.467369177447338 -0.23258512202305 -0.355160973647219 0 -0.672353881924578 -1.48536870647472 -1.70862130471907 -0.00272511171769591 0.833622060610736 0.892010547636082 
2.85314768722572 -12.1666011978717 -14.9357068406119 14.2524333333841 3.39300922252844 17.7051188946725 2.82187173304701 -0.0771754043536146 18.1124276659044 -2.80035309344547 14.3290552097974 0.706191634119578 0.226143059407427 0.557846121330674 1.48790800912208 0.366502849043581 0.79409043040317 1.78570482816813 1.32666692572025 0 0.962441256419961 2.74256187432565 -2.50014811721637 -2.04416472785834 -13.1164008998854 -18.7414049910109 1.24519768417589 21.2051998741483 19.3847518097305 -0.430134157384808 0 -0.874160631966852 -0.23258512202305 -0.716334602244354 0 0.0703606859223734 -2.41878447859026 -1.70862130471907 0.581065051635292 0.102783863201171 -0.044609132243604 
1.57142565333233 -9.6165230449366 10.7108050502887 3.23005655930846 3.39300922252844 18.5528534135096 2.82187173304701 -0.0771754043536146 22.3340620832211 0.112371983175339 1.89087667804718 0.595608745978963 0.940650173365441 1.20186968389986 1.48790800912208 -0.191552240341693 0.79409043040317 1.78570482816813 1.31061227878119 1.24312016103096 0.0866061290989659 0 -1.87978522269045 5.0755332191128 9.08221915638178 -23.667384320622 19.5119972246056 19.4777762421769 0 -0.430134157384808 12.1851239914937 1.54672771768026 -0.23258512202305 -1.07924685198313 -0.0593000749029685 -1.3695590271985 1.89857760578793 -1.46783191220268 0.855582403072893 0.1631679539956 0.892010547636082 
2.85196189212818 -9.6165230449366 5.75512571609818 14.2524333333841 3.39300922252844 0.422914800873452 2.82187173304701 -0.0771754043536146 22.3340620832211 0.112371983175339 14.3290552097974 0.595608745978963 0.75899016615422 0.0330732370135717 1.48790800912208 0.389900489700912 0.79409043040317 1.78570482816813 1.31061227878119 1.24312016103096 0.594697144159441 0.262759531714376 -1.87978522269045 0.58477505190986 0 7.20691330647418 17.6326684363338 17.3993106021543 16.2473004009562 7.65148613958223 9.71817587954838 1.97945172897515 -0.23258512202305 -0.355160973647219 1.52201228954923 -0.221321241404545 1.46405320403355 -1.70862130471907 0.461214881078906 -0.0839662442654214 1.35861408496677 
1.57142565333233 -9.6165230449366 7.30142838116802 0 0 0 -4.17879500686135 12.7032875608202 7.91577677403846 0.617433711987656 14.3290552097974 0.595608745978963 0.0356107136772995 -0.350463444455743 0.860422585560206 0.495501579947538 -0.124191282491289 0 1.32205672695397 -0.263169920194508 0.594697144159441 8.84275944765786 19.5161355920677 6.3126108834113 -13.1164008998854 9.34647103284787 23.5670976150162 17.3993106021543 19.3847518097305 7.65148613958223 17.4242149374561 -0.356071219451759 0.72311685530614 -0.676888563985419 0 -0.289473239509143 1.97387218640366 -1.70862130471907 0.581065051635292 0 0 
0.748595936178965 -9.6165230449366 -13.3281067257412 15.686356700252 3.39300922252844 0 2.82187173304701 -0.0771754043536146 18.1124276659044 0.112371983175339 -5.62973323617118 0.778663264717284 -0.0115807310731992 0.354404753807189 1.48790800912208 0.495501579947538 0.79409043040317 1.78570482816813 1.32666692572025 1.24312016103096 -0.555537694387854 4.51637977013196 -2.63655989679348 -1.90124349170422 0 -18.7414049910109 3.13085404973517 0 16.2473004009562 3.89367877249312 5.20655095102571 -0.874160631966852 -1.22670822586711 0.837774428482062 2.06864346923709 0.0703606859223734 -1.81739824908664 -0.699646122753455 0.461214881078906 -0.0839662442654214 0.421053572102009 
2.85304364239642 -7.96469454465653 3.94357362014408 -2.17944260206047 3.51764245741891 0.422914800873452 3.84524594240135 -0.0771754043536146 22.3340620832211 -0.0698750087152584 1.89087667804718 -0.215791586579658 0 -0.0703306671512922 1.48126034934132 0.389900489700912 0 1.78570482816813 1.31061227878119 -0.263169920194508 0.0866061290989659 2.74256187432565 -1.87978522269045 1.38156475896554 -13.1164008998854 -18.7414049910109 17.6326684363338 19.4777762421769 19.3847518097305 5.55246178456697 0 -0.874160631966852 -0.23258512202305 -0.960433059218541 0 0.0703606859223734 1.50988520317706 -1.46783191220268 0.581065051635292 0.376858007869151 -0.044609132243604 
2.85189431548331 -9.6165230449366 3.13629086042582 6.69565338811169 3.39300922252844 0 2.82187173304701 -0.0771754043536146 18.1124276659044 -2.80035309344547 14.3290552097974 0.595608745978963 0 0.113440549901426 1.48790800912208 0.495501579947538 0.79409043040317 1.78570482816813 1.32666692572025 0 0.594697144159441 4.51637977013196 -2.0694721698386 0.58477505190986 -13.1164008998854 -18.7414049910109 2.53527642578598 17.3993106021543 19.3847518097305 5.55246178456697 15.4001649952262 -0.874160631966852 -0.23258512202305 -0.355160973647219 0 0.0703606859223734 -1.62237813028152 -1.70862130471907 0.581065051635292 0.376858007869151 0.77956829406301 
2.85189431548331 -12.7006089466161 3.94357362014408 8.0018293219627 3.39300922252844 17.7051188946725 3.84524594240135 -0.0771754043536146 18.1124276659044 -0.173581668535985 15.2766814170762 0.595608745978963 0 0.564712925318029 1.48790800912208 0.366502849043581 0 1.78570482816813 1.32666692572025 -0.195116214102654 0.591217487878733 1.5975760122517 -0.0453521320807531 0 -13.1164008998854 7.20691330647418 0 0 19.3847518097305 2.80304112206355 9.71817587954838 1.97945172897515 -0.131619887278238 -0.667678957184627 0 -0.221321241404545 -1.81739824908664 -0.699646122753455 0.581065051635292 0.481224283432226 0.892010547636082 
