100
10
2.571571100989 -9.6165230449366 2.13387962721003 0 0 0 3.84524594240135 12.7032875608202 0.0801325910399354 0 14.3290552097974 0.595608745978963 0 0 0.860422585560206 0.495501579947538 0 0 0.45396995378843 0 0.594697144159441 4.51637977013196 -17.7299109090725 -16.539486076934 0 14.9860957893478 0 17.3993106021543 19.3847518097305 0 17.4242149374561 -0.874160631966852 0 0 2.26721421987154 0 -1.81739824908664 -1.70862130471907 0.581065051635292 -0.462485380686114 0 
2.57109798855871 -9.6165230449366 3.94357362014408 0 0 0 3.84524594240135 19.0058825253536 0 0 14.3290552097974 0.595608745978963 0 0 0.860422585560206 0.495501579947538 0 0 -0.263255857053798 0 0.594697144159441 4.51637977013196 13.8948257145913 0 -13.1164008998854 10.4952098105546 0 13.0460968488111 16.1367461253594 7.65148613958223 0 -0.874160631966852 0 -0.667678957184627 0 0 -1.81739824908664 -1.54860505999467 0 0 -0.044609132243604 
2.57109798855871 -9.6165230449366 3.94357362014408 0 0 0 3.84524594240135 19.0058825253536 0 0 14.3290552097974 0.595608745978963 0 0 0.860422585560206 0.495501579947538 0 0 -0.263255857053798 0 0.594697144159441 4.51637977013196 13.8948257145913 0 -13.1164008998854 10.4952098105546 0 13.0460968488111 16.1367461253594 7.65148613958223 0 -0.874160631966852 0 -0.667678957184627 0 0 -1.81739824908664 -1.54860505999467 0 0 -0.044609132243604 
0 -9.6165230449366 3.94357362014408 0 -0.702207149799078 0 3.84524594240135 19.0058825253536 0 0 14.3290552097974 0.595608745978963 0 0 0.816857317526293 0.495501579947538 0 0 -0.263255857053798 0 0.594697144159441 4.51637977013196 13.8948257145913 0 -12.9225501564902 10.4952098105546 0 13.0460968488111 16.1367461253594 7.65148613958223 0 -0.874160631966852 0 -0.667678957184627 0 0 -1.81739824908664 -1.54860505999467 0 0 -0.044609132243604 
0 -15.1649440523074 0 3.97482614218016 -0.345942022742677 17.3482750343849 0 -0.0771754043536146 18.1124276659044 -11.9831124917525 0 -0.667015781936709 0.386276332701685 0 0.586827653109481 0 1.01342390617981 1.78570482816813 0.757350883389521 -0.27368127831895 -0.628737155640841 -7.97975425980042 0 0 5.4091972417241 -18.7414049910109 20.4858299084407 4.87944621819977 -1.77716682710553 -3.8763331285102 0 0 0 -1.43275224391034 0 0.0703606859223734 2.16036358673142 0 0.259408760955282 0.104108504757336 1.19067444707764 
2.56988634506748 -14.8643641910117 -12.6065675134801 0 7.54104370602455 17.3482750343849 5.79528363691423 -0.0771754043536146 18.1124276659044 0 -4.84609227548171 -0.0608999309227336 0 1.47072999340982 0 0 0.487619732766235 1.78570482816813 1.32666692572025 1.55277195365763 -0.555537694387854 -1.1384934429957 0 -13.8402736158298 9.08221915638178 -12.5584815221645 -1.67387766611012 -2.05287800014619 0 -1.55922105608472 12.1851239914937 0.503913633787964 0 0.41138055101567 -0.0593000749029685 -1.64466012438976 -1.35672851879929 -1.9524874333071 0.249457139638 0.031732575051362 0.892010547636082 
0 -15.1649440523074 0 3.97482614218016 7.54104370602455 17.3482750343849 10.4172108397666 -0.0771754043536146 18.1124276659044 -3.38215625806812 -4.84609227548171 -0.667015781936709 -0.730409266003598 -0.603521804438681 0 0 -0.354072984398377 1.78570482816813 1.32666692572025 2.29420459369859 -0.555537694387854 -7.97975425980042 0.944683132830394 -16.7508088366831 10.6418154251956 -12.5584815221645 -3.17835217594558 -2.05287800014619 0 -1.2397134210168 12.1851239914937 0 0.705865813962121 0.269323571971303 0 -1.64466012438976 -0.653072283981867 -1.9524874333071 0.249457139638 0.836322494352386 0.892010547636082 
2.56988634506748 -19.6061065236368 0 8.0834817620383 14.9720461922568 17.3482750343849 10.3223563201364 -0.0771754043536146 18.1124276659044 0 -4.84609227548171 -0.699111080644238 0 0.516109605541504 -0.992810893334826 0 -0.354072984398377 1.78570482816813 1.32666692572025 1.55277195365763 -0.555537694387854 -10.7386995284766 0 4.4710669780481 0 -12.5584815221645 17.6326684363338 19.4777762421769 0 -18.8818193501243 12.1851239914937 -0.523611902149213 0 -0.676888563985419 0 -1.64466012438976 1.46405320403355 -1.46783191220268 0.249457139638 -0.828458802899559 0.892010547636082 
0 -9.6165230449366 2.13387962721003 0 0 0 0 2.77723446617705 -3.70216146793783 0 14.3290552097974 0.595608745978963 0 0 0.860422585560206 0.495501579947538 1.20801857263223 -0.0900088604958769 0.892602260281612 0 0.594697144159441 0 16.6753981042539 -16.539486076934 0 14.9860957893478 0 17.3993106021543 18.714143437666 0 17.4242149374561 1.97945172897515 0 0 2.26721421987154 0 -1.81739824908664 -1.70862130471907 0.898857128293653 -0.462485380686114 0 
2.4164727906857 -9.6165230449366 2.13387962721003 6.71250458781724 0 0 3.84524594240135 19.0058825253536 2.06952411451821 -0.307268424195828 15.2766814170762 0.595608745978963 0 0 0.860422585560206 0.495501579947538 0 0 0.0348374208783905 -0.560845573437794 0.591217487878733 4.51637977013196 13.8948257145913 5.43270056668329 0 10.4952098105546 0 13.0460968488111 0 18.4724600017641 9.05416622536917 -0.874160631966852 0 -0.230153424074013 2.26721421987154 0 -1.81739824908664 -1.54860505999467 0.855582403072893 1.74054222448754 0.892010547636082 
2.56888754534157 -9.6165230449366 -1.37710145738772 0 -15.5308212784728 17.3482750343849 0 -0.0771754043536146 18.1124276659044 0 0 0.595608745978963 1.48228125156941 1.47072999340982 -0.0134386774354794 0 1.01342390617981 1.78570482816813 1.32666692572025 1.55277195365763 -0.628737155640841 -1.1384934429957 13.8948257145913 -13.8402736158298 9.08221915638178 10.4952098105546 0 11.7135385842126 0 -1.55922105608472 12.1851239914937 0.751879804884959 0 0.41138055101567 -0.0593000749029685 0 -1.81739824908664 -1.0195713002093 0.249457139638 0.031732575051362 0.892010547636082 
0 -15.1649440523074 -12.6065675134801 0 16.8561923023575 12.7497409259201 5.79528363691423 -1.76810569230845 18.1124276659044 0 0 -0.667015781936709 0 1.47072999340982 -0.109434655434189 0 -0.0382746877513242 2.00347380820824 1.32666692572025 -0.263169920194508 -1.3195076367443 0 0 -13.8402736158298 9.08221915638178 -16.756209813783 -12.6087386163225 19.8899509707885 0 -1.55922105608472 9.71817587954838 0 0 0.41138055101567 -0.0593000749029685 0 0.555237248914892 3.48456053985495 0.886331409572778 0.031732575051362 0.892010547636082 
1.57142565333233 -15.1649440523074 0 7.13468860235749 0 -13.9419613843513 15.0788702420326 3.93178126208101 0 0 -16.7127370979231 -0.381027996642994 0 -0.0655310107700205 0 -1.18608774765678 0.092221798418193 0 -1.31417429415238 1.55277195365763 -0.694337223942549 18.9155071316825 2.4187233949633 2.08576260231704 -17.7115514211876 -6.55867586217759 -16.2218149454434 0 0 7.65148613958223 -1.18666052966689 0.52622613614715 0.0620968378251869 0 -1.52048759140097 0.518661023359122 0 1.44560278740041 0 0 -0.0681259674709877 
1.57142565333233 -12.0308381933863 5.98707973304534 18.9925056225585 -17.8455007904421 13.1122586046868 2.07069416263639 -0.884963926339971 0.306828975215009 0 -14.2017478096307 -0.536488295782585 0.446507904886505 -0.347456954651259 1.59412206876749 0 1.13675711356884 1.51713979221747 -0.584983382646452 -0.263169920194508 0 -16.7730637782128 0.0677719060647171 2.08576260231704 10.6418154251956 -6.55867586217759 -12.8485139422345 4.74327190655436 1.22173068473196 0 9.71817587954838 1.89874144224391 0 -0.839252281812603 0 0.13577863584076 0.579914794219618 -0.715566599767453 0 -0.462485380686114 0.892010547636082 
1.57142565333233 0 1.01225917505206 0 13.434979332278 0 0 0.394784538259164 0 0 -4.84609227548171 0 0.0636303548019521 0 2.32783074833352 0.495501579947538 0 -0.843445330394174 -0.263255857053798 0 -0.555537694387854 18.9155071316825 13.8948257145913 0 -19.8002807701939 15.718997639799 0 4.49989638323891 1.03424918886006 0 0 0.52622613614715 0 -0.0447364503446672 0 0.368912837034516 -1.81739824908664 1.75384317185443 0 -0.462485380686114 -0.044609132243604 
1.57142565333233 -15.1649440523074 0 3.97482614218016 -17.8455007904421 0 2.44386011848406 3.54940012970446 0 0 1.22249216997181 -0.667015781936709 0 0 1.59412206876749 0.495501579947538 -1.96145468529382 0.886179320456544 -0.263255857053798 0 0.902970136098084 -10.5398833335097 0.0677719060647171 -13.8402736158298 0 -6.55867586217759 12.2307142113478 4.74327190655436 0 -1.55922105608472 -1.06750784333214 1.52448077663988 0 0.41138055101567 -0.415124763927946 0.518661023359122 -1.40987321520684 -1.13170291189184 0.249457139638 0.031732575051362 -0.433112961963337 
1.57142565333233 -8.81016282774981 5.98707973304534 4.78822114671963 -17.8455007904421 -13.9419613843513 1.5443006062388 19.0058825253536 0 0 14.3290552097974 0.88316143345235 0.446507904886505 -0.31686096748191 1.59412206876749 -1.18608774765678 0 0 -0.263255857053798 0 0.594697144159441 -10.5398833335097 2.4187233949633 -16.539486076934 -17.7115514211876 -18.7414049910109 -8.43019170147841 13.0460968488111 0 0 0 1.52448077663988 0.0620968378251869 -0.260609369995356 -1.52048759140097 0.0703606859223734 0 -1.54860505999467 0.249457139638 -0.462485380686114 1.19067444707764 
1.57142565333233 -9.6165230449366 7.41355854655316 3.97482614218016 -17.8455007904421 -13.9419613843513 -0.641771043483993 0 18.1124276659044 5.85671568562124 14.3290552097974 0.595608745978963 0 0 1.59412206876749 -1.18608774765678 -0.0624831054091841 0 1.32666692572025 1.36826732259629 0.594697144159441 -10.5398833335097 2.4187233949633 1.13925397956709 -13.1164008998854 -18.7414049910109 0.0782188587254935 13.0460968488111 16.1367461253594 0 0 1.52448077663988 0.0620968378251869 -0.667678957184627 0 0.0703606859223734 0.19115265365278 -1.54860505999467 0 -0.462485380686114 -0.044609132243604 
1.57142565333233 -9.6165230449366 5.98707973304534 3.97482614218016 13.434979332278 17.3482750343849 -4.17879500686135 -0.0771754043536146 18.1124276659044 0 -14.2017478096307 0.595608745978963 0.446507904886505 0 2.32783074833352 0 0 1.78570482816813 1.32666692572025 -0.263169920194508 0 0 13.8948257145913 0 5.4091972417241 15.718997639799 0.214041729091686 0 1.03424918886006 2.7954618366414 0 1.97945172897515 0 -0.667678957184627 0 0.368912837034516 -1.81739824908664 1.44560278740041 0 0 1.19067444707764 
1.57142565333233 -9.6165230449366 2.13387962721003 3.97482614218016 17.4451060860628 0 3.84524594240135 19.0058825253536 7.17129616400753 0 -4.84609227548171 0.667759861213975 0 0 1.76842868596708 0.495501579947538 0 0 1.27771223947765 0 -0.555537694387854 -14.0345761273217 0 -3.84543605327859 0 -6.55867586217759 0 19.4777762421769 18.714143437666 19.160583510022 14.5378714867578 0.928346362155092 0 -1.90735403723426 2.26721421987154 0.518661023359122 0 -1.46783191220268 0.898857128293653 1.74054222448754 -0.85473623539076 
1.57142565333233 -15.1649440523074 5.98707973304534 3.97482614218016 -17.8455007904421 17.3482750343849 15.0788702420326 -16.7346931792492 0 5.85671568562124 0 -0.667015781936709 0.446507904886505 0 1.59412206876749 0 0.092221798418193 0.366769787094914 -0.263255857053798 0.925907526512587 -1.1681418461763 -10.5398833335097 0 -3.84543605327859 5.4091972417241 -12.5584815221645 0 4.87944621819977 -1.73541534181471 7.65148613958223 0 1.52448077663988 0 -1.90735403723426 0.802263830137562 -1.64466012438976 0 0 -1.39772556507854 0 1.19067444707764 
0.748595936178965 -9.6165230449366 0 3.97482614218016 7.54104370602455 13.5451185002667 3.84524594240135 0 0 0 -14.2017478096307 0.595608745978963 0 0 0 0.752094295989766 0 0 -1.27025979537063 1.55277195365763 0 -7.97975425980042 -17.7299109090725 -3.84543605327859 0 -12.5584815221645 -16.2218149454434 -2.05287800014619 0 7.65148613958223 15.1969395462409 0 0 -1.90735403723426 2.26721421987154 -1.64466012438976 0 -1.9524874333071 0 0 0 
1.57142565333233 -15.1649440523074 3.94357362014408 19.0996843013445 0 -13.9419613843513 0 3.93178126208101 0 0 -14.2017478096307 -0.381027996642994 0 0 0.860422585560206 -1.18608774765678 0 0 -0.263255857053798 1.55277195365763 0 18.9155071316825 2.4187233949633 2.08576260231704 -17.7115514211876 -6.55867586217759 -16.2218149454434 15.068406229079 0 0 0 0.52622613614715 0.0620968378251869 0 -1.52048759140097 0.518661023359122 0 -1.76766268227606 0 -0.462485380686114 -0.044609132243604 
1.57142565333233 -15.1649440523074 5.98707973304534 20.0756516829252 -17.8455007904421 13.1122586046868 0 -0.884963926339971 0.306828975215009 0 -14.2017478096307 -0.667015781936709 0.446507904886505 -0.516140276312893 2.45326011595002 0 1.13675711356884 1.51713979221747 -0.584983382646452 -0.263169920194508 0 -16.7730637782128 0.0677719060647171 2.08576260231704 -4.13639658323321 -6.55867586217759 -16.2218149454434 13.0460968488111 1.22173068473196 0 9.71817587954838 1.89874144224391 0 -0.839252281812603 -0.943802413038817 0.13577863584076 0 -1.54860505999467 0 -0.462485380686114 0.892010547636082 
1.57142565333233 -8.20008195107807 1.27554064804015 -25.5470006434466 0 0 3.84524594240135 -0.884963926339971 7.17129616400753 0 0 1.09673194805939 0.75899016615422 1.80429820227171 0.860422585560206 0.495501579947538 0 0.678453534226144 1.27771223947765 0 0 -10.5398833335097 -17.7299109090725 -16.539486076934 -17.7115514211876 -6.55867586217759 0 13.0460968488111 0 -17.3967204323955 9.71817587954838 1.52448077663988 0 0 -1.52048759140097 0.518661023359122 -1.81739824908664 -1.54860505999467 0 1.46104832434144 0.288980994852717 
1.57142565333233 7.09937914605224 -12.6065675134801 0 -9.93127594221443 17.3482750343849 5.79528363691423 -0.0771754043536146 0 0 -14.2017478096307 -1.43106898173274 0 1.47072999340982 0.678142525329321 0 0.487619732766235 1.78570482816813 -1.27025979537063 1.55277195365763 0 -7.97975425980042 2.93969178709187 2.08576260231704 14.3360812131949 -12.5584815221645 -11.2067888531866 0 0 -1.55922105608472 -9.67114824320709 0 0 0 0 -1.64466012438976 0.420474968077836 1.44560278740041 0.160673894062952 0.031732575051362 -0.938443573628759 
1.57142565333233 2.65461802426941 17.0452139699111 5.91511163204681 7.54104370602455 0 5.79528363691423 19.0058825253536 18.1124276659044 0 14.3290552097974 -0.745533343868113 -1.13939879422048 -0.389709701943076 0 0.495501579947538 -0.277401111306344 0 1.32666692572025 1.55277195365763 0.594697144159441 4.51637977013196 0 -13.4287558169005 0 9.62414941267304 0 -2.05287800014619 0 0 12.1851239914937 -1.07672028763067 0 0 -0.415124763927946 1.09351984276135 0 -1.9524874333071 0.249457139638 -0.462485380686114 0.892010547636082 
1.57142565333233 -9.6165230449366 -3.40227012662323 3.23005655930846 17.4451060860628 4.34418694702638 2.44386011848406 2.77723446617705 0 5.85671568562124 0 0.595608745978963 -0.106277667510453 1.20186968389986 1.76842868596708 0.421578126978864 -1.96145468529382 -0.0900088604958769 -0.263255857053798 1.36826732259629 -0.477513038775657 -7.97975425980042 8.17426628813812 -13.8402736158298 0 7.93775718386181 0 13.0460968488111 18.714143437666 19.160583510022 13.5468737937263 0 0 0.41138055101567 0 1.78138259132923 -1.81739824908664 -1.54860505999467 0.898857128293653 1.74054222448754 0 
1.57142565333233 17.2969402825911 0.287588918436127 3.97482614218016 -17.8455007904421 17.3482750343849 0 0 0 0 -14.2017478096307 0 0.15939833432408 0 1.59412206876749 0 1.13675711356884 1.04267997156953 -1.27025979537063 0 0 -7.91563609189616 -3.41612892943254 -16.539486076934 3.78976121721312 -0.229985965522931 12.2307142113478 0 -11.2333667423732 0 0 -0.538310247253771 0.0243971245663227 -0.260609369995356 0.138221178449793 0 -1.40987321520684 0 0 0 -0.044609132243604 
1.57142565333233 -8.81016282774981 -1.37710145738772 0 -15.5308212784728 17.3482750343849 0 0 0 0 -3.72953944994581 0.88316143345235 1.48228125156941 -1.74925549502916 -0.0134386774354794 0 1.13675711356884 -0.939097410961565 -0.263255857053798 0 0 -7.97975425980042 0 -16.539486076934 -17.7115514211876 -12.5584815221645 12.204178325927 19.4777762421769 -1.73541534181471 0 -3.57591903003674 0 0 0 -1.52048759140097 -1.64466012438976 -1.44416876204506 -1.46783191220268 -1.39772556507854 -0.462485380686114 -0.736678453393596 
1.57142565333233 -15.1649440523074 -12.6065675134801 0 7.54104370602455 -13.9419613843513 0 3.93178126208101 14.3622545623045 0 -4.84609227548171 -0.667015781936709 0 1.47072999340982 0 -1.18608774765678 0 0 1.32666692572025 1.55277195365763 -0.555537694387854 18.9155071316825 2.4187233949633 2.08576260231704 -17.7115514211876 -6.55867586217759 -1.67387766611012 15.068406229079 1.28764542531578 0 12.1851239914937 0.52622613614715 0.0620968378251869 0 -1.52048759140097 0.518661023359122 -1.35672851879929 -1.76766268227606 0.526480183269121 -0.462485380686114 0.892010547636082 
1.57142565333233 -10.9202117899061 2.13387962721003 0 -17.8455007904421 0 5.79528363691423 19.0058825253536 13.8610990410024 0 -14.2017478096307 -0.520219970047576 0 0 1.59412206876749 0.495501579947538 -0.277401111306344 0 0 1.55277195365763 0 -14.9258900399906 0 2.08576260231704 0 14.9860957893478 0 19.4777762421769 0 0 12.1851239914937 2.64226266289235 0 0 2.26721421987154 0 -1.81739824908664 -0.838363359034231 0.160673894062952 -0.462485380686114 0.892010547636082 
1.57142565333233 17.2969402825911 3.94357362014408 -10.3638491455297 18.8070210807989 4.29867561175426 0 19.0058825253536 0 0 14.3290552097974 0 0 0 1.11915983826349 1.97938650286728 1.01342390617981 0 -0.263255857053798 0 0.594697144159441 -17.9936584914074 0 -16.539486076934 -9.27470746788881 13.0024174940784 20.4858299084407 13.0460968488111 -11.2333667423732 0 3.61207955685075 -1.77381643269854 -0.464818962134802 -0.260609369995356 -0.370796730132213 1.06894400299943 2.16036358673142 -1.54860505999467 0 0 0.0347239384589363 
1.57142565333233 -15.1649440523074 0 7.13468860235749 0 0 15.0788702420326 -16.7346931792492 0 0 12.3117552741951 -0.667015781936709 0 -0.0655310107700205 0 0.4550373406592 0.092221798418193 0.366769787094914 -1.31417429415238 1.55277195365763 0.594697144159441 4.51637977013196 0 0 10.6418154251956 12.6751692708 0 0 -1.73541534181471 7.65148613958223 3.02531220252873 -0.874160631966852 0 -0.667678957184627 0 0.74358359585683 0 1.44560278740041 -1.39772556507854 0 0.381578372503434 
0.748595936178965 -9.6165230449366 -12.6065675134801 15.6851160692447 0 0 0 19.0058825253536 -2.78313356823434 0 -4.84609227548171 0.595608745978963 0 1.68346783317787 0 0.495501579947538 1.01342390617981 0 -0.639087366200559 1.55277195365763 -0.555537694387854 4.51637977013196 13.8948257145913 0 9.08221915638178 -12.5584815221645 0 0 -3.7394498275311 -1.55922105608472 0 -0.874160631966852 0 -0.30580772753144 -0.0593000749029685 -1.64466012438976 -1.81739824908664 1.44560278740041 0.249457139638 0.031732575051362 -0.044609132243604 
1.57142565333233 -9.6165230449366 -3.42122074655314 3.61800573026669 0 0 0 19.0058825253536 -6.29895993042689 5.85671568562124 14.3290552097974 0.595608745978963 -0.423143222827065 -0.457137314769038 0.860422585560206 0.495501579947538 0 0 0 1.08148362385178 0.594697144159441 4.51637977013196 13.8948257145913 0 -19.8002807701939 15.718997639799 0.0782188587254935 0 16.1367461253594 4.1455287840895 13.5468737937263 -0.874160631966852 0 -0.667678957184627 0 0.368912837034516 -0.532287718044728 1.44560278740041 0 0 0 
1.57142565333233 -15.1649440523074 0 3.97482614218016 14.4394594670457 0 10.3223563201364 -0.0771754043536146 -13.3775255146332 16.8580064814808 -4.84609227548171 -0.667015781936709 0 0 2.17335085318114 0.495501579947538 -0.354072984398377 1.78570482816813 -1.5158906315993 0 -0.555537694387854 -14.7724474400852 -7.80798259603697 4.4710669780481 -1.52293727701667 13.0024174940784 2.28200829694141 0 0 19.160583510022 12.1851239914937 1.1936175007809 0.161063560359675 -0.676888563985419 0.528075411584263 1.06894400299943 1.24938009830629 0 0.160673894062952 1.74054222448754 0.892010547636082 
1.57142565333233 -15.1649440523074 -2.95626186819573 14.5389298815927 -17.8455007904421 17.3482750343849 0 19.0058825253536 0 0 -14.2017478096307 -0.667015781936709 -0.888523413244878 0 1.59412206876749 0 1.13675711356884 0 -1.27025979537063 0 0 -7.97975425980042 -8.8004612741994 -13.8402736158298 0 10.4952098105546 12.2307142113478 0 16.1367461253594 0 0 0 1.02371863114821 0.41138055101567 0 0 -1.40987321520684 1.54329143908959 0 -0.462485380686114 -0.044609132243604 
1.57142565333233 -9.6165230449366 0 8.67516316858826 0 4.29867561175426 15.0788702420326 19.0058825253536 0 0 -4.84609227548171 0.595608745978963 0 0.738655532905206 0 1.97938650286728 0.092221798418193 0 0 1.55277195365763 -0.555537694387854 4.51637977013196 0 3.03479331062864 10.6418154251956 12.6751692708 -3.17835217594558 14.521650017063 10.0467394912833 -1.55922105608472 0 -0.874160631966852 0 0.190159802767522 0 0.74358359585683 -0.653072283981867 -1.0195713002093 -0.00272511171769591 0.031732575051362 -0.044609132243604 
0 -15.1649440523074 0 -10.4018201973298 7.54104370602455 0 10.4172108397666 19.0058825253536 0 0.367673253811744 14.3290552097974 -0.667015781936709 0 0.598864844906546 0 0.495501579947538 -0.354072984398377 0 0 0.350191515279092 0.594697144159441 17.0922148214151 0 -3.36817182384812 10.6418154251956 10.4952098105546 -3.17835217594558 13.0460968488111 16.1367461253594 7.65148613958223 0 0 0 -0.439000998716336 0 0 -0.653072283981867 -1.54860505999467 0 0 -0.044609132243604 
1.57142565333233 -12.0308381933863 18.5357060742265 0 0 -3.61968975235694 3.84524594240135 12.7032875608202 0 0 -14.2017478096307 -0.536488295782585 0 0 0.860422585560206 -0.373919994092509 0 0 -0.263255857053798 0 0.26036008079553 4.51637977013196 0.00863527879521031 -16.539486076934 0 12.9798027472476 0 0 16.1367461253594 -12.316610437034 -4.72408519448903 -0.874160631966852 1.82786254390509 0 2.26721421987154 1.09351984276135 -1.81739824908664 1.44560278740041 0 1.61979038250623 0.438307766326846 
1.57142565333233 -9.6165230449366 -1.37710145738772 15.6851160692447 -15.5308212784728 0 3.84524594240135 16.527310331877 0 0 14.3290552097974 0.595608745978963 1.48228125156941 1.68346783317787 -0.0134386774354794 0.495501579947538 0 0 -0.263255857053798 1.55277195365763 0.594697144159441 4.51637977013196 13.8948257145913 0 -13.1164008998854 10.4952098105546 0 17.630959992358 16.1367461253594 -1.55922105608472 0 -0.874160631966852 0 -0.30580772753144 0 0 -1.81739824908664 -1.63949112684908 0 0.031732575051362 -0.044609132243604 
1.57142565333233 -15.2137361167994 0 5.91511163204681 -17.8455007904421 0 2.44386011848406 -7.82775693937566 -13.3775255146332 5.85671568562124 -14.2017478096307 0.156515393963324 0 -0.389709701943076 1.59412206876749 -0.812091006344227 -1.96145468529382 1.98367159906014 -1.5158906315993 1.36826732259629 0.26036008079553 -10.7563194392046 0.0677719060647171 -3.84543605327859 0 9.62414941267304 -8.43019170147841 4.74327190655436 0 -12.316610437034 0 1.69032087963555 0 -1.90735403723426 0 1.09351984276135 0 -0.715566599767453 0.249457139638 1.61979038250623 -0.044609132243604 
1.57142565333233 3.69465236724105 -12.6065675134801 0 -12.4665150364938 17.3482750343849 5.79528363691423 -0.0771754043536146 -13.3775255146332 0 0 0 0 1.47072999340982 1.02557531233205 0 0.0641976516946208 1.78570482816813 -1.5158906315993 0 0 0 2.93969178709187 -13.8402736158298 -16.5644057730978 -12.5584815221645 -13.7643362602053 0 0 -1.55922105608472 0 0 0 0.41138055101567 -1.89358647721521 -1.64466012438976 0.420474968077836 1.44560278740041 0.249457139638 0.031732575051362 1.19067444707764 
1.57142565333233 -15.1649440523074 0 -21.728738415534 4.26652499626694 0 10.4172108397666 -0.884963926339971 7.17129616400753 0 -1.32021938186149 -0.667015781936709 0 1.10923002863733 0.860422585560206 0.495501579947538 -0.354072984398377 0.678453534226144 1.27771223947765 1.55277195365763 0.331068010838268 -10.5398833335097 0.944683132830394 -3.84543605327859 0 -12.5584815221645 0 4.74327190655436 0 -17.3967204323955 0 1.52448077663988 0.705865813962121 -1.90735403723426 0 -1.64466012438976 -1.81739824908664 -0.715566599767453 0.249457139638 1.46104832434144 -0.505501113843872 
0 -15.1649440523074 -3.30657507765879 3.97482614218016 4.26652499626694 -17.07920405901 3.84524594240135 0 0 2.52477385426162 0 -0.667015781936709 1.07049069086113 0 0.860422585560206 -0.965211463419353 0 -0.652485858952853 -0.263255857053798 0.465078023478891 0 -7.97975425980042 13.8948257145913 8.36626113781997 -13.1164008998854 -6.55867586217759 20.4858299084407 13.0460968488111 -1.73541534181471 -17.3967204323955 0 0 -0.746815117572814 -0.43053485778651 0 0.518661023359122 2.16036358673142 -1.54860505999467 -1.39772556507854 1.46104832434144 1.19067444707764 
1.57142565333233 17.2969402825911 -3.60599176194798 17.5682554680706 -17.8455007904421 -13.9419613843513 3.84524594240135 0 -13.3775255146332 0 14.3290552097974 0 0 1.68346783317787 1.59412206876749 -1.18608774765678 0 1.04267997156953 -1.5158906315993 1.55277195365763 0.594697144159441 -19.5178733018776 13.8948257145913 -16.539486076934 8.11114053386782 13.0024174940784 2.28200829694141 0 0 0 0 0 0 -0.260609369995356 0.566886543094593 1.06894400299943 1.24938009830629 0 0.160673894062952 0 -0.044609132243604 
1.57142565333233 -15.1649440523074 3.94357362014408 14.2524333333841 0 -13.9419613843513 0 19.0058825253536 0 0 -3.08224794237513 -0.381027996642994 0 0 0.860422585560206 -1.18608774765678 0 0 -0.263255857053798 1.55277195365763 -0.555537694387854 18.9155071316825 13.8948257145913 0.58477505190986 -13.1164008998854 10.4952098105546 12.2307142113478 -2.05287800014619 16.1367461253594 0 -4.22133633644382 0.52622613614715 0 -0.960433059218541 0 0 -1.40987321520684 -1.9524874333071 0 -0.462485380686114 -0.044609132243604 
1.57142565333233 -9.6165230449366 0 -10.3638491455297 7.54104370602455 4.29867561175426 10.4172108397666 0 0 0.367673253811744 -3.85805197474922 0.595608745978963 0 0 0 1.97938650286728 -0.354072984398377 0 0 0.350191515279092 -0.758736376421869 17.0922148214151 0 0 10.6418154251956 -0.229985965522931 -3.17835217594558 14.521650017063 10.0467394912833 -1.55922105608472 11.3425204252557 0 0 -0.30580772753144 0 0 -0.653072283981867 -1.0195713002093 -0.00272511171769591 0.031732575051362 -0.598604849427289 
1.57142565333233 0 0.733153074110463 3.23005655930846 17.4451060860628 4.34418694702638 0 2.77723446617705 7.17129616400753 5.85671568562124 14.3290552097974 0 -0.259543087668504 1.20186968389986 1.76842868596708 1.32133292534451 1.20801857263223 -0.0900088604958769 1.27771223947765 1.36826732259629 0.594697144159441 0 19.1401366461255 4.4710669780481 0 9.15302979003313 0 0 18.714143437666 19.160583510022 13.5468737937263 1.97945172897515 0.716161487901658 -0.676888563985419 2.26721421987154 1.42427737332614 0 -0.699646122753455 0.898857128293653 1.74054222448754 0 
2.571571100989 -9.6165230449366 2.13387962721003 0 0 0 3.84524594240135 12.7032875608202 0.0801325910399354 0 14.3290552097974 0.595608745978963 0 0 0.860422585560206 0.495501579947538 0 0 0.45396995378843 0 0.594697144159441 4.51637977013196 -17.7299109090725 -16.539486076934 0 14.9860957893478 0 17.3993106021543 19.3847518097305 0 17.4242149374561 -0.874160631966852 0 0 2.26721421987154 0 -1.81739824908664 -1.70862130471907 0.581065051635292 -0.462485380686114 0 
1.57142565333233 -9.6165230449366 -3.42122074655314 0 0 0 3.84524594240135 19.0058825253536 -6.29895993042689 5.85671568562124 14.3290552097974 0.595608745978963 -0.423143222827065 0 0.860422585560206 0.495501579947538 0 0 0 1.36826732259629 0.594697144159441 4.51637977013196 13.8948257145913 0 -13.1164008998854 10.4952098105546 0 13.0460968488111 16.1367461253594 7.65148613958223 13.5468737937263 -0.874160631966852 0 -0.667678957184627 0 0 -1.81739824908664 -1.54860505999467 0 0 0 
0.748595936178965 -15.1649440523074 2.13387962721003 0 0 0 3.84524594240135 19.0058825253536 0 0 14.3290552097974 -0.667015781936709 0 0 0.860422585560206 0.495501579947538 0 0 -0.263255857053798 0 0.594697144159441 -19.1064242735069 0 0 -13.1164008998854 10.4952098105546 0 19.4777762421769 0 0 0 1.91697638571122 0 -0.667678957184627 0 0 -1.81739824908664 -0.838363359034231 0.160673894062952 -0.462485380686114 -0.044609132243604 
1.57142565333233 -9.6165230449366 1.01225917505206 0 13.434979332278 0 0 19.0058825253536 0 0 -4.84609227548171 0.595608745978963 0.0636303548019521 0 2.32783074833352 0.495501579947538 0 0 -0.263255857053798 0 -0.555537694387854 18.9155071316825 13.8948257145913 0 -13.1164008998854 15.718997639799 0 0 1.03424918886006 7.65148613958223 0 0.52622613614715 0 -0.0447364503446672 0 0.368912837034516 -1.81739824908664 1.44560278740041 0 0 -0.044609132243604 
1.57142565333233 -15.1649440523074 0 3.23005655930846 -0.345942022742677 17.3482750343849 0 -0.0771754043536146 7.17129616400753 5.85671568562124 14.3290552097974 -0.667015781936709 0.386276332701685 1.20186968389986 0.586827653109481 0 1.01342390617981 1.78570482816813 1.27771223947765 1.36826732259629 0.594697144159441 0 0 4.4710669780481 5.4091972417241 -18.7414049910109 20.4858299084407 0 18.714143437666 -3.8763331285102 13.5468737937263 1.97945172897515 0 -0.676888563985419 0 0.0703606859223734 2.16036358673142 -0.699646122753455 0.898857128293653 0.104108504757336 0 
2.56793731455563 -15.1649440523074 -12.6065675134801 -10.3638491455297 7.54104370602455 0 5.79528363691423 -0.0771754043536146 18.1124276659044 0 14.3290552097974 -0.667015781936709 0 0 0 0.495501579947538 0.487619732766235 1.78570482816813 1.32666692572025 1.55277195365763 0.594697144159441 17.0922148214151 0 -13.8402736158298 10.6418154251956 -12.5584815221645 -1.67387766611012 -2.05287800014619 16.1367461253594 7.65148613958223 12.1851239914937 0 0 0.41138055101567 0 -1.64466012438976 -1.35672851879929 -1.9524874333071 0 0 0.892010547636082 
0.748595936178965 -15.1649440523074 7.41355854655316 3.97482614218016 7.54104370602455 17.3482750343849 10.4172108397666 0 18.1124276659044 5.85671568562124 14.3290552097974 -0.667015781936709 0 0 0 0 -0.354072984398377 0 1.32666692572025 1.36826732259629 0.594697144159441 -7.97975425980042 2.4187233949633 -16.7508088366831 -13.1164008998854 -12.5584815221645 0.0782188587254935 -2.05287800014619 16.1367461253594 0 0 0 0.0620968378251869 0.269323571971303 0 -1.64466012438976 -0.532287718044728 -1.9524874333071 0 -0.462485380686114 -0.044609132243604 
1.57142565333233 -19.6061065236368 0 3.97482614218016 14.9720461922568 17.3482750343849 10.3223563201364 19.0058825253536 0 0 -4.84609227548171 -0.699111080644238 0 0 -0.992810893334826 0 -0.354072984398377 0 0 1.55277195365763 -0.555537694387854 4.51637977013196 0 0 0 12.6751692708 17.6326684363338 19.4777762421769 0 -18.8818193501243 0 -0.874160631966852 0 -0.667678957184627 0 0.74358359585683 1.46405320403355 -1.46783191220268 0.249457139638 -0.828458802899559 -0.044609132243604 
1.57142565333233 -15.1649440523074 0 7.13468860235749 0 0 15.0788702420326 2.77723446617705 0 0 14.3290552097974 -0.667015781936709 0 -0.0655310107700205 0.860422585560206 0.4550373406592 0.092221798418193 -0.0900088604958769 -1.31417429415238 1.55277195365763 0.594697144159441 0 0 -16.539486076934 0 12.6751692708 0 0 18.714143437666 7.65148613958223 17.4242149374561 1.97945172897515 0 0 2.26721421987154 0.74358359585683 0 1.44560278740041 0.898857128293653 0 0 
0 -9.6165230449366 0 6.71250458781724 7.54104370602455 0 3.84524594240135 0 2.06952411451821 -0.307268424195828 -4.84609227548171 0.595608745978963 0 0 0 0.495501579947538 0 0 0.0348374208783905 -0.560845573437794 -0.555537694387854 4.51637977013196 13.8948257145913 5.43270056668329 10.6418154251956 -0.229985965522931 0 14.521650017063 0 18.4724600017641 9.71817587954838 -0.874160631966852 0 -0.230153424074013 0 0 -1.81739824908664 -1.0195713002093 0.855582403072893 1.74054222448754 0.892010547636082 
0 -9.6165230449366 -1.37710145738772 0 -12.4665150364938 17.3482750343849 0 -0.0771754043536146 0 0 -14.2017478096307 0.595608745978963 1.48228125156941 1.47072999340982 1.02557531233205 0 1.01342390617981 1.78570482816813 -1.27025979537063 1.55277195365763 0 -1.1384934429957 2.93969178709187 -13.8402736158298 9.08221915638178 10.4952098105546 -11.2067888531866 14.521650017063 0 -1.55922105608472 12.1851239914937 0.751879804884959 0 0.41138055101567 -0.0593000749029685 0 0.420474968077836 -1.0195713002093 0.160673894062952 0.031732575051362 0.892010547636082 
1.57142565333233 -15.1649440523074 3.94357362014408 -10.3638491455297 16.8561923023575 12.7497409259201 0 19.0058825253536 0 0 0 -0.667015781936709 0 0 -0.109434655434189 0 1.01342390617981 0 -0.263255857053798 0 -1.3195076367443 -17.9936584914074 0 -16.539486076934 9.08221915638178 -16.756209813783 20.4858299084407 16.0251126879943 0 -1.55922105608472 9.71817587954838 -1.77381643269854 0 -0.260609369995356 -0.0593000749029685 0 2.16036358673142 2.76376695826825 0.886331409572778 0.031732575051362 0.892010547636082 
0.748595936178965 -15.1649440523074 0 3.97482614218016 0 -13.9419613843513 3.84524594240135 0 0 2.52477385426162 -14.2017478096307 -0.381027996642994 0 0 0 -1.18608774765678 0 -0.652485858952853 -0.263255857053798 0.465078023478891 0 -7.97975425980042 13.8948257145913 2.08576260231704 -17.7115514211876 -6.55867586217759 -16.2218149454434 0 -1.73541534181471 7.65148613958223 0 0 0 0 -1.52048759140097 0.518661023359122 0 1.44560278740041 -1.39772556507854 0 1.19067444707764 
1.57142565333233 -12.0308381933863 1.27554064804015 18.9925056225585 4.26652499626694 -17.07920405901 3.84524594240135 -0.884963926339971 0.306828975215009 0 -14.2017478096307 -0.536488295782585 0.75899016615422 -0.347456954651259 0.860422585560206 -0.965211463419353 0 1.51713979221747 -0.584983382646452 -0.263169920194508 0 -16.7730637782128 13.8948257145913 8.36626113781997 -13.1164008998854 -6.55867586217759 -16.2218149454434 4.74327190655436 -1.73541534181471 0 0 1.89874144224391 0 -0.43053485778651 0 0.518661023359122 0 -0.715566599767453 -1.39772556507854 -0.462485380686114 1.19067444707764 
1.57142565333233 17.2969402825911 3.94357362014408 0 17.4451060860628 0 0 2.77723446617705 0 0 -4.84609227548171 0 0 0 1.11915983826349 0.495501579947538 1.01342390617981 -0.0900088604958769 -0.263255857053798 0 -0.555537694387854 18.9155071316825 0 0 -19.8002807701939 13.0024174940784 20.4858299084407 13.0460968488111 1.03424918886006 0 3.61207955685075 0.52622613614715 -0.464818962134802 -0.0447364503446672 0 1.06894400299943 2.16036358673142 -1.54860505999467 0 0 0.0347239384589363 
0.748595936178965 -15.1649440523074 0 3.97482614218016 0 0 2.44386011848406 19.0058825253536 0 0 14.3290552097974 -0.667015781936709 0 0 0.860422585560206 0.495501579947538 -1.96145468529382 0 -0.263255857053798 0 0.594697144159441 -10.5398833335097 13.8948257145913 0 -13.1164008998854 -6.55867586217759 0 4.74327190655436 16.1367461253594 7.65148613958223 0 1.52448077663988 0 -0.667678957184627 0 0.518661023359122 -1.81739824908664 -1.13170291189184 0 0 -0.044609132243604 
1.57142565333233 -8.81016282774981 5.98707973304534 3.97482614218016 -17.8455007904421 -13.9419613843513 15.0788702420326 19.0058825253536 0 0 14.3290552097974 0.88316143345235 0.446507904886505 0 1.59412206876749 -1.18608774765678 0.092221798418193 0 -0.263255857053798 0 0.594697144159441 -10.5398833335097 2.4187233949633 -16.539486076934 5.4091972417241 -18.7414049910109 -8.43019170147841 13.0460968488111 0 7.65148613958223 0 1.52448077663988 0.0620968378251869 -0.260609369995356 0 0.0703606859223734 0 -1.54860505999467 0.249457139638 0 1.19067444707764 
0.748595936178965 -9.6165230449366 3.94357362014408 -10.3638491455297 17.4451060860628 -13.9419613843513 0 0 0 0 14.3290552097974 0.595608745978963 0 0 1.11915983826349 -1.18608774765678 0 0 -0.263255857053798 0 0.594697144159441 -10.5398833335097 0 -16.539486076934 -13.1164008998854 13.0024174940784 0.0782188587254935 13.0460968488111 16.1367461253594 0 0 1.52448077663988 -0.464818962134802 -0.260609369995356 0 1.06894400299943 -0.532287718044728 -1.54860505999467 0 0 -0.044609132243604 
1.57142565333233 -9.6165230449366 0 -10.3638491455297 13.434979332278 17.3482750343849 10.4172108397666 -0.0771754043536146 0 0.367673253811744 14.3290552097974 0.595608745978963 0 0 2.32783074833352 0 -0.354072984398377 1.78570482816813 0 0.350191515279092 0.594697144159441 0 0 0 5.4091972417241 15.718997639799 -3.17835217594558 13.0460968488111 16.1367461253594 7.65148613958223 0 1.97945172897515 0 -0.667678957184627 0 0.368912837034516 -0.653072283981867 -1.54860505999467 0 0 -0.044609132243604 
0 -9.6165230449366 7.41355854655316 3.97482614218016 -17.8455007904421 -13.9419613843513 3.84524594240135 0 7.17129616400753 0 -4.84609227548171 0.595608745978963 0 0 1.59412206876749 -1.18608774765678 0 0 1.27771223947765 0 -0.555537694387854 -10.5398833335097 0 1.13925397956709 -13.1164008998854 -6.55867586217759 0.0782188587254935 13.0460968488111 18.714143437666 19.160583510022 0 1.52448077663988 0 -0.667678957184627 0 0.518661023359122 0.19115265365278 -1.54860505999467 0.898857128293653 1.74054222448754 -0.044609132243604 
0.748595936178965 -15.1649440523074 2.13387962721003 0 0 0 3.84524594240135 -16.7346931792492 0.0801325910399354 5.85671568562124 0 -0.667015781936709 0 0 0.860422585560206 0.495501579947538 0 0.366769787094914 0.45396995378843 0.925907526512587 -1.1681418461763 -10.5398833335097 -17.7299109090725 -16.539486076934 0 -12.5584815221645 0 17.3993106021543 -1.73541534181471 7.65148613958223 0 1.52448077663988 0 0 2.26721421987154 -1.64466012438976 -1.81739824908664 -1.70862130471907 -1.39772556507854 0 1.19067444707764 
1.57142565333233 -9.6165230449366 -3.40227012662323 3.97482614218016 17.4451060860628 17.3482750343849 3.84524594240135 2.77723446617705 0 5.85671568562124 0 0.595608745978963 -0.106277667510453 0 1.76842868596708 0 0 -0.0900088604958769 -0.263255857053798 1.36826732259629 -0.477513038775657 -7.97975425980042 -17.7299109090725 -13.8402736158298 0 -12.5584815221645 -16.2218149454434 -2.05287800014619 0 19.160583510022 15.1969395462409 0 0 0.41138055101567 0 -1.64466012438976 0 -1.9524874333071 0 1.74054222448754 0 
0.748595936178965 -15.1649440523074 0 3.97482614218016 -0.345942022742677 -13.9419613843513 0 3.93178126208101 18.1124276659044 0 0 -0.381027996642994 0.386276332701685 0 0.586827653109481 -1.18608774765678 1.01342390617981 0 0.757350883389521 1.55277195365763 -0.628737155640841 -7.97975425980042 0 0 -17.7115514211876 -18.7414049910109 -16.2218149454434 4.87944621819977 0 -3.8763331285102 0 0 0 -1.43275224391034 -1.52048759140097 0.0703606859223734 0 0 0 0.104108504757336 1.19067444707764 
0 -15.1649440523074 2.13387962721003 0 -17.8455007904421 13.1122586046868 0 -0.884963926339971 0.306828975215009 0 -14.2017478096307 -0.667015781936709 0 0 1.59412206876749 0 1.13675711356884 1.51713979221747 -0.584983382646452 -0.263169920194508 0 0 0.0677719060647171 2.08576260231704 -4.13639658323321 14.9860957893478 0 13.0460968488111 1.22173068473196 0 9.71817587954838 1.97945172897515 0 -0.839252281812603 -0.943802413038817 0 -1.81739824908664 -1.54860505999467 0 -0.462485380686114 0.892010547636082 
0 -9.6165230449366 0 -25.5470006434466 0 0 3.84524594240135 -0.884963926339971 -13.3775255146332 16.8580064814808 -4.84609227548171 0.595608745978963 0 1.80429820227171 0.860422585560206 0.495501579947538 0 0.678453534226144 -1.5158906315993 0 -0.555537694387854 -10.5398833335097 -7.80798259603697 4.4710669780481 0 -6.55867586217759 0 0 0 19.160583510022 9.71817587954838 1.52448077663988 0.161063560359675 -0.676888563985419 0 0.518661023359122 -1.81739824908664 0 0 1.74054222448754 0.288980994852717 
1.57142565333233 7.09937914605224 5.98707973304534 0 -12.4665150364938 17.3482750343849 15.0788702420326 -0.0771754043536146 0 5.85671568562124 -14.2017478096307 -1.43106898173274 0.446507904886505 1.47072999340982 1.02557531233205 0 0.092221798418193 1.78570482816813 -0.263255857053798 0.925907526512587 0 -7.97975425980042 2.93969178709187 2.08576260231704 10.6418154251956 -12.5584815221645 -11.2067888531866 4.87944621819977 0 7.65148613958223 0 0 0 0 0 -1.64466012438976 0.420474968077836 0 0.160673894062952 0 1.19067444707764 
0 -15.1649440523074 2.13387962721003 0 -17.8455007904421 0 5.79528363691423 19.0058825253536 18.1124276659044 0 -14.2017478096307 -0.667015781936709 0 0 1.59412206876749 0.495501579947538 -0.277401111306344 0 1.32666692572025 1.55277195365763 0 4.51637977013196 0 -13.4287558169005 0 14.9860957893478 0 19.4777762421769 0 0 12.1851239914937 -0.874160631966852 0 0 -0.415124763927946 0 -1.81739824908664 -0.838363359034231 0.160673894062952 -0.462485380686114 0.892010547636082 
1.57142565333233 -9.6165230449366 0 3.23005655930846 17.4451060860628 4.34418694702638 2.44386011848406 2.77723446617705 0 0.367673253811744 0 0.595608745978963 0 1.20186968389986 1.76842868596708 1.32133292534451 -1.96145468529382 -0.0900088604958769 -0.263255857053798 0.350191515279092 -0.477513038775657 17.0922148214151 8.17426628813812 -13.8402736158298 10.6418154251956 -0.229985965522931 -3.17835217594558 13.0460968488111 18.714143437666 19.160583510022 15.1969395462409 0 0 0.41138055101567 0 0 -0.653072283981867 -1.54860505999467 0.898857128293653 1.74054222448754 0 
0 17.2969402825911 -12.6065675134801 0 -17.8455007904421 17.3482750343849 5.79528363691423 -1.76810569230845 0 0 0 0 0 1.47072999340982 1.59412206876749 0 -0.0382746877513242 2.00347380820824 -1.27025979537063 0 -1.3195076367443 0 0 -16.539486076934 9.08221915638178 -16.756209813783 -12.6087386163225 0 0 -1.55922105608472 9.71817587954838 0 -0.464818962134802 -0.260609369995356 -0.0593000749029685 0 0.555237248914892 0 0.886331409572778 0.031732575051362 0.892010547636082 
1.57142565333233 -15.1649440523074 -1.37710145738772 -21.728738415534 4.26652499626694 0 0 -0.884963926339971 0 0 0 -0.667015781936709 1.48228125156941 1.10923002863733 0.860422585560206 0.495501579947538 1.13675711356884 0.678453534226144 -0.263255857053798 1.55277195365763 0 -7.97975425980042 0 -16.539486076934 -17.7115514211876 -12.5584815221645 0 19.4777762421769 -1.73541534181471 -17.3967204323955 0 0 0 0 -1.52048759140097 -1.64466012438976 -1.81739824908664 -1.46783191220268 -1.39772556507854 1.46104832434144 -0.044609132243604 
1.57142565333233 -15.1649440523074 -12.6065675134801 0 7.54104370602455 -13.9419613843513 0 0 18.1124276659044 0 -4.84609227548171 -0.667015781936709 0 1.47072999340982 0 -1.18608774765678 0 0 1.32666692572025 1.55277195365763 -0.555537694387854 18.9155071316825 2.4187233949633 2.08576260231704 -17.7115514211876 -6.55867586217759 -1.67387766611012 15.068406229079 16.1367461253594 0 12.1851239914937 0.52622613614715 0.0620968378251869 0 -1.52048759140097 0.518661023359122 -1.35672851879929 -1.76766268227606 0 -0.462485380686114 0.892010547636082 
0 -14.8643641910117 -12.6065675134801 0 7.54104370602455 17.3482750343849 5.79528363691423 -0.0771754043536146 13.8610990410024 0 -4.84609227548171 -0.0608999309227336 0 0 0 0 0.487619732766235 1.78570482816813 0 1.55277195365763 -0.555537694387854 -1.1384934429957 0 2.08576260231704 0 14.9860957893478 -1.67387766611012 19.4777762421769 0 -1.55922105608472 12.1851239914937 0.503913633787964 0 0 2.26721421987154 0 -1.35672851879929 -0.838363359034231 0.249457139638 0.031732575051362 0.892010547636082 
1.57142565333233 -9.6165230449366 0 -10.3638491455297 17.4451060860628 4.29867561175426 10.4172108397666 0 0 0 -4.84609227548171 0.595608745978963 0 0 1.11915983826349 1.97938650286728 -0.354072984398377 0 0 0 -0.555537694387854 17.0922148214151 0 0 10.6418154251956 13.0024174940784 -3.17835217594558 13.0460968488111 -11.2333667423732 -1.55922105608472 15.1969395462409 0 0 -0.30580772753144 0 1.06894400299943 -0.653072283981867 -1.54860505999467 0 0.031732575051362 0 
0 -15.1649440523074 0 0 -9.93127594221443 0 5.79528363691423 -0.0771754043536146 0 0 -14.2017478096307 -0.667015781936709 0 1.47072999340982 0.678142525329321 0.4550373406592 0.487619732766235 1.78570482816813 -1.31417429415238 1.55277195365763 0 -7.97975425980042 0 2.08576260231704 10.6418154251956 12.6751692708 0 0 0 -1.55922105608472 0 0 0 0 0 0.74358359585683 0 1.44560278740041 0.160673894062952 0.031732575051362 -0.044609132243604 
1.57142565333233 -9.6165230449366 -12.6065675134801 15.6851160692447 0 0 3.84524594240135 19.0058825253536 2.06952411451821 -0.307268424195828 15.2766814170762 0.595608745978963 0 1.68346783317787 0 0.495501579947538 0 0 0.0348374208783905 -0.560845573437794 0.591217487878733 4.51637977013196 13.8948257145913 0 9.08221915638178 10.4952098105546 0 0 0 18.4724600017641 9.05416622536917 -0.874160631966852 0 -0.30580772753144 -0.0593000749029685 0 -1.81739824908664 1.44560278740041 0.249457139638 1.74054222448754 0.892010547636082 
0 -15.1649440523074 0 3.61800573026669 -0.345942022742677 0 0 19.0058825253536 -6.29895993042689 -11.9831124917525 0 -0.667015781936709 0.386276332701685 -0.457137314769038 0.586827653109481 0.495501579947538 1.01342390617981 0 0 -0.27368127831895 -0.628737155640841 -7.97975425980042 13.8948257145913 0 5.4091972417241 15.718997639799 0.0782188587254935 0 -1.77716682710553 2.7954618366414 0 0 0 -1.43275224391034 0 0.368912837034516 -0.532287718044728 1.44560278740041 0.259408760955282 0 1.19067444707764 
0.748595936178965 -15.1649440523074 0 3.97482614218016 17.4451060860628 17.3482750343849 10.3223563201364 -0.0771754043536146 18.1124276659044 16.8580064814808 -4.84609227548171 -0.667015781936709 0 0 1.76842868596708 0 -0.354072984398377 1.78570482816813 1.32666692572025 0 -0.555537694387854 -14.7724474400852 -7.80798259603697 4.4710669780481 0 13.0024174940784 2.28200829694141 19.4777762421769 0 -18.8818193501243 12.1851239914937 1.1936175007809 0.161063560359675 -0.676888563985419 0 1.06894400299943 1.24938009830629 -1.46783191220268 0.160673894062952 -0.828458802899559 0.892010547636082 
1.57142565333233 -12.0308381933863 0 5.91511163204681 -17.8455007904421 17.3482750343849 0 19.0058825253536 -13.3775255146332 5.85671568562124 -14.2017478096307 -0.536488295782585 0 -0.389709701943076 1.59412206876749 0 1.13675711356884 0 -1.5158906315993 1.36826732259629 0.26036008079553 -10.5398833335097 0.0677719060647171 -3.84543605327859 0 9.62414941267304 -8.43019170147841 4.74327190655436 0 0 0 1.52448077663988 0 -1.90735403723426 0 1.09351984276135 0 -0.715566599767453 0.249457139638 -0.462485380686114 -0.044609132243604 
0.748595936178965 -9.6165230449366 0 0 -17.8455007904421 4.29867561175426 5.79528363691423 19.0058825253536 0 0 -4.84609227548171 0.595608745978963 0 0 1.59412206876749 1.97938650286728 -0.277401111306344 0 0 1.55277195365763 -0.555537694387854 -14.9258900399906 0 2.08576260231704 0 14.9860957893478 0 19.4777762421769 10.0467394912833 0 0 2.64226266289235 0 0 2.26721421987154 0 -1.81739824908664 -0.838363359034231 -0.00272511171769591 -0.462485380686114 -0.044609132243604 
1.57142565333233 -9.6165230449366 -3.40227012662323 -10.3638491455297 17.4451060860628 4.34418694702638 2.44386011848406 2.77723446617705 0 5.85671568562124 0 0.595608745978963 -0.106277667510453 0 1.76842868596708 0.421578126978864 -1.96145468529382 -0.0900088604958769 -0.263255857053798 1.36826732259629 -0.477513038775657 -7.97975425980042 8.17426628813812 0 10.6418154251956 10.4952098105546 0 13.0460968488111 18.714143437666 7.65148613958223 0 0 0 -0.30580772753144 0 0 -1.81739824908664 -1.54860505999467 0.898857128293653 0 -0.044609132243604 
1.57142565333233 -12.0308381933863 1.27554064804015 -25.5470006434466 0 0 3.84524594240135 -0.884963926339971 0 0 -14.2017478096307 -0.536488295782585 0.75899016615422 1.80429820227171 0.860422585560206 0.495501579947538 0 0.678453534226144 -0.263255857053798 0 0.26036008079553 -10.5398833335097 0.00863527879521031 -16.539486076934 -17.7115514211876 -6.55867586217759 0 13.0460968488111 0 -17.3967204323955 9.71817587954838 1.52448077663988 1.82786254390509 0 -1.52048759140097 0.518661023359122 -1.81739824908664 -1.54860505999467 0 1.46104832434144 0.288980994852717 
2.571571100989 -9.6165230449366 2.13387962721003 0 0 0 3.84524594240135 12.7032875608202 0.0801325910399354 0 14.3290552097974 0.595608745978963 0 0 0.860422585560206 0.495501579947538 0 0 0.45396995378843 0 0.594697144159441 4.51637977013196 13.8948257145913 0 -13.1164008998854 10.4952098105546 0 17.3993106021543 19.3847518097305 0 17.4242149374561 -0.874160631966852 0 -0.30580772753144 0 0 -1.81739824908664 -1.70862130471907 0.581065051635292 -0.462485380686114 0 
0 -12.0308381933863 0 5.91511163204681 -17.8455007904421 0 2.44386011848406 -0.0771754043536146 18.1124276659044 -11.9831124917525 -14.2017478096307 -0.536488295782585 0 -0.389709701943076 1.59412206876749 -0.812091006344227 -1.96145468529382 1.78570482816813 0.757350883389521 -0.27368127831895 0.26036008079553 -7.97975425980042 0 -3.84543605327859 0 9.62414941267304 20.4858299084407 4.74327190655436 0 -12.316610437034 0 0 0 -1.90735403723426 0 1.09351984276135 2.16036358673142 -0.715566599767453 0.249457139638 1.61979038250623 -0.044609132243604 
1.57142565333233 3.69465236724105 -12.6065675134801 0 -15.5308212784728 17.3482750343849 5.79528363691423 -0.0771754043536146 -13.3775255146332 0 0 0 0 1.47072999340982 -0.0134386774354794 0 0.487619732766235 1.78570482816813 -1.5158906315993 0 0 0 13.8948257145913 -13.8402736158298 -16.5644057730978 -12.5584815221645 0 11.7135385842126 0 -1.55922105608472 0 0 0 0.41138055101567 -1.89358647721521 -1.64466012438976 -1.81739824908664 -1.0195713002093 0.249457139638 0.031732575051362 1.19067444707764 
0.748595936178965 -15.1649440523074 17.0452139699111 -21.728738415534 4.26652499626694 0 5.79528363691423 -0.884963926339971 18.1124276659044 0 0 -0.667015781936709 -1.13939879422048 1.10923002863733 0.860422585560206 0.495501579947538 -0.277401111306344 0.678453534226144 1.32666692572025 1.55277195365763 0 -10.5398833335097 0 -13.4287558169005 0 -12.5584815221645 0 -2.05287800014619 0 -17.3967204323955 0 1.52448077663988 0 0 0 -1.64466012438976 0 -1.9524874333071 0.249457139638 1.46104832434144 -0.044609132243604 
0.748595936178965 -15.1649440523074 2.13387962721003 3.97482614218016 0 -17.07920405901 3.84524594240135 19.0058825253536 0 -0.307268424195828 15.2766814170762 -0.667015781936709 0 0 0.860422585560206 -0.965211463419353 0 0 -0.263255857053798 -0.560845573437794 0.591217487878733 4.51637977013196 13.8948257145913 5.43270056668329 -13.1164008998854 -6.55867586217759 0 13.0460968488111 -1.73541534181471 -17.3967204323955 9.05416622536917 -0.874160631966852 0 -0.230153424074013 0 0.518661023359122 -1.81739824908664 -1.54860505999467 -1.39772556507854 1.46104832434144 0.892010547636082 
1.57142565333233 -15.1649440523074 0 7.13468860235749 0 -13.9419613843513 15.0788702420326 3.93178126208101 -13.3775255146332 0 14.3290552097974 -0.381027996642994 0 -0.0655310107700205 0 -1.18608774765678 0.092221798418193 0 -1.5158906315993 1.55277195365763 0.594697144159441 18.9155071316825 13.8948257145913 2.08576260231704 -17.7115514211876 13.0024174940784 2.28200829694141 0 0 7.65148613958223 0 0.52622613614715 0 0 -1.52048759140097 1.06894400299943 1.24938009830629 0 0 0 -0.044609132243604 
0 -15.1649440523074 0 14.2524333333841 0 17.3482750343849 0 -0.0771754043536146 0 0 -4.84609227548171 -0.667015781936709 -0.730409266003598 0 0.860422585560206 0 0 1.78570482816813 -0.263255857053798 1.55277195365763 -0.555537694387854 -7.97975425980042 0.944683132830394 0.58477505190986 10.6418154251956 10.4952098105546 -3.17835217594558 -2.05287800014619 0 0 0 0 0.705865813962121 -0.960433059218541 0 0 -0.653072283981867 -1.9524874333071 0.249457139638 -0.462485380686114 -0.044609132243604 
2.56893598292203 -9.6165230449366 0 -10.3638491455297 14.9720461922568 17.3482750343849 10.3223563201364 -0.0771754043536146 18.1124276659044 0 -4.84609227548171 0.595608745978963 0 0 -0.992810893334826 0 -0.354072984398377 1.78570482816813 1.32666692572025 1.55277195365763 -0.555537694387854 17.0922148214151 0 4.4710669780481 0 -0.229985965522931 17.6326684363338 19.4777762421769 0 -18.8818193501243 12.1851239914937 0 0 -0.676888563985419 0 0 1.46405320403355 -1.46783191220268 0.249457139638 -0.828458802899559 0.892010547636082 
1.57142565333233 -9.6165230449366 -1.97457490562209 3.23005655930846 -15.5308212784728 17.3482750343849 0 2.77723446617705 18.1124276659044 0 14.3290552097974 0.595608745978963 -0.554394196110961 1.20186968389986 -0.0134386774354794 0 1.01342390617981 -0.0900088604958769 1.32666692572025 1.55277195365763 0.594697144159441 -1.1384934429957 13.8948257145913 4.4710669780481 9.08221915638178 9.15302979003313 0 0 0 19.160583510022 13.5468737937263 0.751879804884959 0 -0.676888563985419 -0.0593000749029685 1.42427737332614 0 -0.699646122753455 0.249457139638 1.74054222448754 0 
