100
10
2.57109798855871 -9.6165230449366 3.94357362014408 0 0 0 3.84524594240135 19.0058825253536 0 0 14.3290552097974 0.595608745978963 0 0 0.860422585560206 0.495501579947538 0 0 -0.263255857053798 0 0.594697144159441 4.51637977013196 13.8948257145913 0 -13.1164008998854 10.4952098105546 0 13.0460968488111 16.1367461253594 7.65148613958223 0 -0.874160631966852 0 -0.667678957184627 0 0 -1.81739824908664 -1.54860505999467 0 0 -0.044609132243604 
2.48888334111314 0 0 0 -15.0563635560946 2.62789748731437 -4.74278559197801 -16.7346931792492 13.8610990410024 16.8580064814808 2.48799035907164 0 0 -1.74925549502916 1.02557531233205 0 1.64170756174331 0.366769787094914 0 0 1.73062504908565 -5.29501771800919 -17.7299109090725 4.4710669780481 0 14.9860957893478 -11.6971095985254 19.4777762421769 0 14.260890741954 -9.67114824320709 -1.49015409289401 0 -0.676888563985419 1.41468335381461 0 -0.462183201900769 -1.46783191220268 0 1.74054222448754 -0.938443573628759 
2.40066164539662 17.2969402825911 -0.24496794689678 5.28798746191337 0 14.5686138768534 -9.85824882511899 0 -8.43781127987328 -19.3594054967907 0 0 0 0 1.91099939398048 -0.59964300161211 0 1.04267997156953 0 0 0.123702540119971 13.5030781913097 -6.20102287558886 -5.60238617733232 0.50793375843574 0 -11.1682280018778 7.9804703257887 2.9511073152307 6.52096737479836 -16.570451835436 0.605855025633171 1.23044581302928 0.309703365112517 0.609546169922476 0 0 1.08095965212256 -1.32258408485101 0 0.70701173912129 
2.36431119505926 -15.1649440523074 0 3.97482614218016 7.54104370602455 17.3482750343849 15.0788702420326 -0.884963926339971 18.1124276659044 0 -4.84609227548171 -0.667015781936709 0 0 0 0 0.092221798418193 1.51713979221747 1.32666692572025 1.55277195365763 -0.555537694387854 -7.97975425980042 0 -13.8402736158298 10.6418154251956 -12.5584815221645 0 0 0 -1.55922105608472 12.1851239914937 0 0 0.41138055101567 0 -1.64466012438976 -1.0288879233547 -1.9524874333071 0.249457139638 0.031732575051362 0.892010547636082 
0 -5.2005691291767 -1.74370995803909 0.377026191436232 6.48363125812431 -5.03607406515445 10.8674261490197 -3.54791060255277 0 -4.32146393895217 -1.27322487592382 0.190236597410513 -0.00401793699898661 0.415472022660762 0 -0.745963859719207 -0.79123492668906 -0.0382628804250913 -1.31417429415238 0 -1.42927973877139 -9.68138864714717 0 2.02041512060464 0 0.998886200133192 15.7718509695362 5.48022766852762 2.86064426547878 0 12.7464825626213 0 -0.351049727923726 3.61311436026968 0 0.0447444552764038 -0.624618927307715 -1.73645732632673 0 0 -1.16060079408838 
1.57142565333233 0 17.0452139699111 11.624367857177 0 0 -20.4788116078027 -7.82775693937566 -19.3029917680207 6.74716253147794 0 -0.761378320288555 -1.13939879422048 0 0 0 0 1.98367159906014 -1.11570918146321 0 0 0 0.00863527879521031 0 0 2.5642339710911 -4.54467280304277 0 0 -12.316610437034 15.1969395462409 0 1.82786254390509 -0.421186248967976 0 -0.00397545378840317 0.832749074410065 0 0.792212276157091 1.61979038250623 0 
1.57142565333233 -15.514817505849 0 15.6851160692447 17.2437094791065 11.0030013653464 0 0.633055519444428 0 0.367673253811744 -0.307288114124578 0 0 1.68346783317787 -0.556065117267922 0 0 2.07029236710644 0 0.247750077511999 -0.889872159291931 17.0922148214151 0 -16.539486076934 -17.7115514211876 -0.229985965522931 -8.43019170147841 4.74327190655436 3.99048991687153 0.287984607409679 3.61207955685075 0 -0.464818962134802 0 -1.52048759140097 0 0 -0.715566599767453 0 0.721789859105735 0.0347239384589363 
1.57142565333233 18.0222221175312 -12.6065675134801 0 16.8561923023575 0 5.79528363691423 -12.0497525818878 -14.5981887516557 0 0 0.635437897702417 0 1.47072999340982 0.534682059909535 -0.999087991658174 -1.13778423570925 -0.0218079914440438 0.191764433026204 -0.263169920194508 -1.3195076367443 0 -12.3630163215394 12.0952515639808 0 -17.8338807159261 -16.2218149454434 14.3089763002046 -18.235621414257 0 0 0 0.220583627205614 -1.66984302814577 -0.489385443036158 0 0 2.76376695826825 0 0 1.00710602896619 
1.57142565333233 12.2595392969714 0 0 3.89159402059931 -19.2019175920644 -8.92065639091686 0 -0.351844448760079 -5.42713651686308 -9.34793441991691 0 1.87261713290243 0 0 0 -1.69916298319547 0.622035753942111 -0.540700045666052 0.73613280464715 -1.3699008614616 3.47688105352078 0 0 0 17.3885414457827 -17.0328129534762 0 -15.2866566345499 0 0 -0.607378501262226 1.83476196687425 0 0 0 1.67957935653607 -0.907286352900456 0 1.08101552402648 0.848463227436162 
1.57142565333233 14.2479142229994 14.1751013669069 0 3.00173445744521 19.3391693194114 -14.7614464511915 7.52386665322067 1.66756742711531 -5.83852268095991 8.32403839022109 0 -0.28296695476536 -1.92497534673893 1.37863643438492 1.7545530711089 -1.75804084435014 -1.38469491311568 -0.763328800333351 -1.95520586425215 -1.03748144350829 -12.2021538573793 0 -7.55176784822334 5.63607182616185 10.191385340966 -8.09941419777433 -18.2120809136946 -3.05914677821991 -12.8920902837497 0 -0.878463170895569 0 0.475332658027919 -1.34626130263613 1.76675908629166 -1.4101526054601 0 1.89902076492972 0.0489701861743676 0 
1.57142565333233 -1.78796895862928 18.5357060742265 3.23005655930846 0 0 0 0 -4.68225491451205 0 0 -0.630967898588147 0 1.20186968389986 0.559117778464741 -1.24509222677215 1.39436708913854 0.321793873944224 -0.170136558902514 1.36552410263825 -0.477513038775657 19.9610012117592 0 -14.65422294785 0 9.62414941267304 -4.01891380058085 -18.3042308796683 0 -8.79713112898037 -3.57320316302274 -0.166137135664996 0 -1.93143748395678 -1.34385550736629 1.09351984276135 0.456579033497991 -0.309316855999323 0 -0.227854187706417 0 
1.57142565333233 17.9450104748574 9.4323747555876 -6.02000640652609 -10.5492893562416 16.4593546821081 0 -11.2389959726664 -9.24301386309928 18.5954367456005 -9.64067697973953 0 1.28062896303862 -0.0268837595483678 0 -0.139489319240437 1.13675711356884 0.572312833076489 0 0 0.703530013888856 15.1475826814527 -13.0122407213842 0 -4.13639658323321 0 0 7.29520733807944 16.751151865698 0 -3.57591903003674 1.98017895593316 0.767198844238743 0 -0.943802413038817 1.64780915139607 0.584778882835423 1.56076928300819 0 0 0 
1.57142565333233 18.0222221175312 -8.70750053804717 11.8690344746546 5.13332087785626 10.8662453158136 5.79528363691423 3.94097969119483 8.27927703423392 0 0 0.635437897702417 0 0 -1.71674844423158 1.79971888745191 -1.13778423570925 0.256305675141656 0 1.34823094836819 -1.3195076367443 0 4.39875859040709 12.0952515639808 0 -17.8338807159261 -16.2218149454434 14.707774312565 11.7794977742152 0 0 0 0.9502786293534 -1.66984302814577 0.956681861987655 0 0 1.820151973432 -1.83687361694727 0 1.00710602896619 
1.57142565333233 -15.514817505849 -16.5183464328378 -18.4925046649261 0 0 0 0 3.56065593699955 5.78183600016955 -5.50427740696085 0 -1.5335068393189 1.24028402997194 0.559117778464741 -1.24509222677215 0 0.321793873944224 0 1.4027225591255 0 19.9610012117592 0 0 -17.2569449605685 -0.229985965522931 17.6326684363338 -19.6919577101674 3.99048991687153 0.287984607409679 -3.57320316302274 -0.166137135664996 0 0 -1.84664526295226 0 1.46405320403355 -0.149194221081768 -0.394148953377339 0.721789859105735 0 
1.57142565333233 -2.38310036360431 -10.4684990693203 0 -16.1587824840838 -12.4511415383085 -0.504626017298841 1.12827998638539 7.17129616400753 -17.055518849313 0 2.01846350617635 0.536595723841617 0 -0.883038429954573 1.78139255278809 1.62888161541376 -0.125254524930033 1.39541792841415 0 0.127760910488554 -19.0305937751339 -12.3494343237716 4.37375178764283 -8.67599343353696 0 0 -13.2918481870051 2.72583791181717 0 0 0.991034431932976 0 0.61089637158946 0 -0.323021569439686 0.313066798408081 0.0157319633363429 -0.717113045378175 0.891185528082394 0 
0 -2.53898822820698 -0.730848243125178 0 -3.13445302803742 0 0 0 -4.48880472429507 1.71811433588998 0 -1.46952433300648 -0.827626974362706 -1.71875939132588 0 0 1.20801857263223 0 -1.87428322614836 -1.17557673862929 -0.468302361885227 0 2.1437636007293 0 -19.5663545930601 0 0 0 9.40507688066227 8.66892316782331 18.5346563712389 0 0.702423476941149 0 -1.25114107469616 -0.121819525082512 0 0 0 -1.52909076098776 -1.95889431049996 
1.57142565333233 -8.65980658384962 13.7953941122607 19.0996843013445 4.79980190405613 -18.7380937294746 -10.7589042888763 0.671316217943708 0 -14.552054505121 0 0.88316143345235 -0.0897939894766519 0 -0.709138222368964 -0.880340076461593 0 0 -1.33079474853854 0.137653090123857 0 -1.2974472210265 -15.1598809823207 -3.84543605327859 -2.60885068923647 0 12.2307142113478 -2.19771960852562 0 -16.6357951316218 14.5378714867578 -0.215132057766957 -0.124585746845503 -1.90735403723426 -0.415124763927946 -0.235332614851805 -1.40987321520684 1.24730596376923 1.33174366193439 -1.10906455717472 -0.85473623539076 
1.57142565333233 -0.333185298523486 5.98707973304534 -16.7150853931508 0 -7.772404499246 -9.59069928600951 -9.2133280677783 -20.7057830065749 -8.54958560715876 0 0 0.446507904886505 1.46615170895408 0 0.393303346071999 0 1.41693056720166 -0.403107574238958 0.692188950577839 -0.628737155640841 -19.5178733018776 0.0677719060647171 3.98261815960641 0 -10.9694767049372 -11.2976251781441 -10.7212407750642 0 -4.41047866102796 4.47291580237118 0 0 -1.74142211989566 -0.537229170341617 1.05736062166158 0.594007693507712 0 -0.644733880602165 -1.72215718297388 0 
1.57142565333233 -12.0308381933863 1.97425624640857 5.91511163204681 -17.8455007904421 -13.9419613843513 2.44386011848406 0 0 5.85671568562124 -14.2017478096307 -0.536488295782585 -0.155202636837588 -0.389709701943076 1.59412206876749 -1.18608774765678 -1.96145468529382 0 -0.584983382646452 1.36826732259629 0 -10.5398833335097 10.7707056343419 2.08576260231704 0 -6.55867586217759 0.0782188587254935 0 0 0 0 1.52448077663988 0.561940074754851 0 0.825355878484135 0.518661023359122 -0.532287718044728 0 -1.39772556507854 -0.462485380686114 0 
1.57142565333233 0 -4.79095909636978 -8.55682962972523 0 0 -17.5041534390786 2.01416446921144 -13.2427075660055 -5.83852268095991 5.98353707510211 1.67831776462417 -2.31560287826024 -1.05863183972362 -1.64505172131818 -0.0340225771227957 -2.47747474325703 -0.876975858061097 0 -1.95520586425215 0 -16.644828103783 2.21273568645713 -7.55176784822334 10.5281553932131 0 0 11.2517787382248 -3.05914677821991 -12.8920902837497 11.1808512598187 0 0.448258783751288 0.475332658027919 0.499858509050616 0 0 0 1.89902076492972 0.0489701861743676 0 
1.57142565333233 10.0168978096996 15.0617452920702 -14.9080813652408 3.00173445744521 19.3391693194114 12.7268095373767 0 3.71133921843084 -17.5417039904472 -6.50907378015531 0 0.0450718086422756 0.721157478504422 1.37863643438492 1.7545530711089 0 0.0458331955810232 -0.920564519418666 0.530304819592417 0 0 3.35174133458721 12.8839747574571 5.63607182616185 10.191385340966 -8.09941419777433 -18.2120809136946 0 18.192616597839 0 0.560555373579522 0 0.587950212223432 -1.34626130263613 1.76675908629166 -1.4101526054601 0 0.982998343083541 -0.243157663495819 0 
1.57142565333233 17.9450104748574 0 18.9925056225585 -11.9520861431733 -9.84964745577874 0 0 -6.29895993042689 -12.7061459015618 -9.64067697973953 0 1.17778377755442 -0.495434046487992 -1.21687125098746 0 1.13675711356884 -0.652485858952853 0 -0.640163976065891 0.703530013888856 18.9155071316825 -13.0122407213842 0 -4.13639658323321 -0.275964755693434 0 0 15.611485045851 0 -3.57591903003674 0.52622613614715 0.767198844238743 0.625540513836565 -0.943802413038817 0 0.584778882835423 1.54329143908959 0 0 0 
1.57142565333233 7.09937914605224 -1.37710145738772 -9.1407495872773 -15.5308212784728 7.55045987085926 13.1897675586817 -16.1343217064321 0 0 19.275890085509 -1.43106898173274 1.48228125156941 0.601241291314942 -0.0134386774354794 0 1.38840187685024 1.42770609139824 -1.27025979537063 0 0.958012091442017 5.5775486145064 16.8016952913262 0 -15.3847301357355 0 12.204178325927 0 0 -18.8818193501243 0 0 0.73103691112764 -0.30580772753144 1.4886629987269 0 -1.44416876204506 -0.110677490062396 0 0 0.998112815897033 
0.748595936178965 7.09937914605224 -1.37710145738772 3.97482614218016 7.54104370602455 17.3482750343849 4.15735367879148 2.39938522849669 0 0 0 -1.43106898173274 1.48228125156941 0 0 0 1.10723076253535 2.03124139159976 -1.27025979537063 0 0 -7.97975425980042 0 7.57710514011658 0 -12.5584815221645 12.204178325927 0 0 -1.55922105608472 0 0 0 -0.0388094382541298 -0.368162372320966 -1.64466012438976 -1.44416876204506 -0.699646122753455 0.249457139638 0.031732575051362 0.998112815897033 
1.57142565333233 0 0 2.64758282464351 0 -13.8244773232492 -19.8717385716139 0 -4.21593073604905 0.645875335040444 -7.93149940107553 1.9709476092695 0 0 -1.18812326862855 0 0 -0.813948322466551 2.15215181416001 0 0 -14.337169339106 2.93969178709187 -17.0475366884133 -12.6102689246695 0 -11.3574449864018 -6.44157256299703 0 0 0 1.75608755823043 0 -1.65560474230703 0 -1.15070721001863 0 -1.47500940853497 -0.245543225666295 0 1.0233018524122 
1.57142565333233 -9.6165230449366 2.21225394297496 0 0 0 -8.09740111608869 0 0 0 -7.93149940107553 0.595608745978963 -0.490053853415909 0 0.860422585560206 0.495501579947538 0 -0.813948322466551 -0.263255857053798 0 0 -12.4947656469861 9.12139964439971 -17.0475366884133 10.8602758268175 -8.63045647210928 -11.3574449864018 13.0460968488111 16.1367461253594 0 0 1.62543303874574 -0.577127529390681 -1.65560474230703 0 1.09831227599565 0 -1.54860505999467 0 0 -0.044609132243604 
1.57142565333233 -0.333185298523486 5.98707973304534 7.13468860235749 -3.13445302803742 0 -9.59069928600951 12.7032875608202 -16.2615347449954 -8.54958560715876 0 0 0.446507904886505 -0.0655310107700205 0 -1.35148547093919 0 0 0 1.06032021678533 -0.628737155640841 -19.5178733018776 -1.19464436601598 0 -19.5663545930601 -10.9694767049372 -11.2976251781441 0 0 8.66892316782331 4.47291580237118 0 0.702423476941149 -1.43275224391034 -1.25114107469616 1.05736062166158 0.594007693507712 1.46843379524929 0 -1.61063792214293 0 
1.57142565333233 -18.5065390535195 -7.13311007578536 0 0 -1.44976940073528 -17.5041534390786 7.52386665322067 -14.9776141107909 -5.83852268095991 8.32403839022109 1.50191845907919 -1.82798352829552 -1.92497534673893 -1.64505172131818 0 -2.47747474325703 -1.38469491311568 0 -1.95520586425215 -1.03748144350829 -16.644828103783 0 -7.55176784822334 -8.4136866258521 0 -5.29580354937157 11.2517787382248 -5.64679865385257 -12.8920902837497 11.1808512598187 0 0.271671568170037 0.475332658027919 0 0 0.324687051738001 0 2.38765355299583 0.0489701861743676 0 
1.57142565333233 -15.278613742105 -3.60599176194798 -2.19332058084818 10.430913395449 0 0 6.52057687124264 -19.3029917680207 3.33143394991357 -8.76640110684857 0.65367790621411 0 0.672007331937555 0.391724723573646 0 0.582926592129714 1.01030189684141 -1.11570918146321 -1.90414519311588 0.540851375339949 -17.9936584914074 0.00863527879521031 -3.30926314150415 0 2.5642339710911 2.28200829694141 -14.0715165036132 19.40161666805 0 15.0526962871909 -1.77381643269854 1.82786254390509 0 -1.07895026126828 -0.00397545378840317 1.24938009830629 -1.46589660247131 0.379948443910083 0.345155083655918 0.779248982099466 
1.57142565333233 -8.13937099098199 0 3.97482614218016 9.45624415271741 -9.80856429310914 -13.4394531316308 0 1.62801802234166 0 0 0.66826056254481 0.538111629215121 0 0.493940389945144 0 -1.95012574302504 0 0 1.55277195365763 0 -7.97975425980042 -2.86820723808753 0 3.00340570649291 -12.5584815221645 -17.2638521144464 0 0 0 0 0 0.495940478749546 0 0 -1.64466012438976 -0.533119910202511 -1.9524874333071 0 -1.76574398193776 0.965711629467882 
1.57142565333233 2.50537998159667 0 -16.9107069153854 0 -17.2536862489319 -8.92065639091686 -9.2133280677783 -0.351844448760079 0 0 -1.94549651255156 1.87261713290243 1.62493443285345 -1.31100091864867 0.89713125508145 -1.69916298319547 1.41693056720166 -0.540700045666052 1.61367673222612 -0.628737155640841 -19.5178733018776 0.0677719060647171 0 0 -8.16636083788069 -11.2976251781441 -10.7212407750642 -15.2866566345499 0 17.4242149374561 0 0 -1.43275224391034 1.92878267351947 1.25785599921265 0.594007693507712 0 0 0 0 
1.57142565333233 0 0 -17.7261609573505 18.1685062489326 -8.0294700842488 9.41117128795533 -13.8822348061401 5.52340041171918 10.0066026160524 9.70094932694964 0.204417097477437 -0.365083544610573 0.418539211348882 0 1.78949920916441 1.31065537562159 0.237387108261412 -1.04755112763846 1.55165766903742 1.02647220018621 0 10.2021447916292 8.36626113781997 -16.5644057730978 8.06639671701305 0 -14.4905194172126 11.9444144945333 -17.3967204323955 7.92305454049402 0 -1.65873090627544 0 -1.89358647721521 -0.00812134147068548 -1.34377650047828 0.948396895988098 0 1.46104832434144 0 
1.57142565333233 7.09937914605224 -1.37710145738772 0 0 7.55045987085926 4.15735367879148 0 0 -0.474603653314805 0 -1.43106898173274 1.48228125156941 0 -1.45428966332892 0 1.10723076253535 0 -1.27025979537063 0 -0.622408810361479 -19.1064242735069 -13.8537899189879 0 0 15.5722134074067 0 0 0 -18.8818193501243 0 1.91697638571122 1.27288315970119 1.50723698619159 -1.90363006289286 -1.28987801507575 0 -0.110677490062396 0.160673894062952 -0.828458802899559 1.19067444707764 
1.57142565333233 -15.514817505849 0 0 13.3382992136005 18.0117085939328 -17.9818515004506 0 -3.22503630261637 7.56782445477686 -5.50427740696085 0 0 0 0.91641967693177 -1.00626904378006 -1.99974191375065 0 0.141672245525602 1.3042757871115 0 0 0 0 0 15.5722134074067 17.6326684363338 0 1.12126939782001 0 0 0 0 1.50723698619159 -1.90363006289286 -1.28987801507575 1.46405320403355 0 0 0.775189758639405 1.19067444707764 
1.57142565333233 -12.0308381933863 0 3.32807367822531 0 -3.33269031873564 0 0 2.32735452958259 5.85671568562124 -14.2017478096307 -0.536488295782585 0 0 0 -0.759651526231156 0 0 -0.451195556698924 1.36826732259629 0 0 8.17426628813812 0 0 -6.55867586217759 0 0 22.0577911743232 0 -0.154038202089275 0.755955041738206 0 0 0.825355878484135 0.518661023359122 0 -1.1009197240234 1.12184191817038 -0.462485380686114 0 
1.57142565333233 17.9450104748574 0 0 -15.0563635560946 -9.84964745577874 -4.74278559197801 0 -9.24301386309928 -12.7061459015618 6.93394487115273 0 0 -1.74925549502916 1.02557531233205 0.626069438814218 1.64170756174331 -0.652485858952853 0 -0.640163976065891 1.73062504908565 18.9155071316825 -17.7299109090725 0 -4.13639658323321 -0.275964755693434 -11.6971095985254 19.4777762421769 0 14.260890741954 -11.8019485062929 0.52622613614715 0 1.31144338721011 -0.943802413038817 -0.0516498130800434 -0.462183201900769 -1.46783191220268 0 1.74054222448754 -1.12435175903344 
1.57142565333233 -19.8062348923675 4.73770835657497 18.9925056225585 -5.21813744922082 -13.4436392654635 0 0 13.0612709899718 -12.7061459015618 -19.2743971754212 -0.696059548620162 0 0 1.14482963138485 -0.276937677663256 1.13675711356884 -0.652485858952853 0 -0.640163976065891 -0.473343413543582 -17.1952333847039 -13.0122407213842 -14.5943358422231 16.7592955272455 -9.56061311511352 -5.0983895850826 14.5296161410071 17.8420550738657 0 -3.57591903003674 1.46314108905529 0.767198844238743 0 0 -0.583958377351034 -0.839068591054095 -1.79419201323492 0 -1.12908972852355 0 
1.57142565333233 10.0168978096996 14.1751013669069 -14.9080813652408 2.17248424828168 19.3391693194114 0 13.9164683287574 1.66756742711531 0 -6.50907378015531 0 -0.28296695476536 0.721157478504422 1.94530598421828 1.7545530711089 0.920083173979113 0.876339606417501 -0.763328800333351 0 0 0 0 -13.3200310139544 -4.06864462223307 9.39001620253083 0 -18.2120809136946 0 12.3927913570743 -17.6649725985085 0 0 0.642118996308241 0 0.18449743659445 -0.319856071993642 0 1.42783027301907 1.30766445366091 0 
1.57142565333233 0 0.538538526994427 13.3577925814585 17.4451060860628 0 0 2.77723446617705 -13.3775255146332 0 -4.75414227915655 0 0 -0.750603255234008 1.76842868596708 0.361514742654522 0 -0.0900088604958769 -1.5158906315993 -1.79228180357827 0 0 -16.9134174366078 7.7265433630564 -19.8002807701939 13.0024174940784 -2.94343250009391 0 1.03424918886006 2.7954618366414 13.5468737937263 1.97945172897515 0 -1.50750137935742 0 1.06894400299943 -1.13865786098813 1.44560278740041 0 0 0 
1.57142565333233 0 -10.4684990693203 -4.94321437782758 -16.1587824840838 -8.55896838873577 -0.504626017298841 1.12827998638539 7.17129616400753 -17.055518849313 0 0 0.536595723841617 1.1275325460022 -0.883038429954573 1.78139255278809 1.62888161541376 -0.125254524930033 1.27771223947765 0 -1.91035171407757 4.60495982533552 0 12.9347387202711 -8.67599343353696 -2.95599182739667 0 -10.2448234754823 2.72583791181717 -19.8848077002376 0 1.38787825097697 0.678537828232412 0 0 -0.323021569439686 0.313066798408081 1.72971108077546 -1.39019410158051 1.46416145072512 0 
1.57142565333233 0 9.4323747555876 -8.98222134866855 -10.5492893562416 16.4593546821081 0 -11.2389959726664 -12.7556904278489 0 0.385756818757279 0 1.28062896303862 -0.0268837595483678 0 -0.139489319240437 -0.367440475322046 0.572312833076489 1.14410374739398 0.465078023478891 -1.91115276511347 0 -10.0211418653005 0 -11.2124111183045 0 -15.9966852031633 7.29520733807944 0 -7.6634243725163 -6.26991620113603 0 0 0 0.897129770786096 1.64780915139607 1.40430027912105 1.56076928300819 0 0 -1.32360344441775 
1.57142565333233 0 15.7029531876105 -10.3638491455297 14.9720461922568 4.29867561175426 0 0 -16.1604769230636 -12.5359003024809 0 0 0 0 -0.992810893334826 1.97938650286728 0 0 0 0.644045354167021 0 0 -10.0607482111364 14.1446062802079 -17.7115514211876 -0.229985965522931 17.6326684363338 4.87944621819977 -11.2333667423732 -12.7090003307485 0 1.17204904703984 -1.00884031644503 0 -1.52048759140097 0 1.46405320403355 0 0 -1.68702162144567 0 
1.57142565333233 -8.81016282774981 0 19.0996843013445 -17.8455007904421 -13.9419613843513 0 0 0 5.85671568562124 -14.2017478096307 0.88316143345235 0 0 1.59412206876749 -1.18608774765678 -1.1800882868376 0 -1.86206353088937 1.36826732259629 0 -10.5398833335097 8.17426628813812 -3.84543605327859 0 -6.55867586217759 12.2307142113478 -2.19771960852562 -1.73541534181471 0 14.5378714867578 1.52448077663988 0 -1.90735403723426 -0.415124763927946 0.518661023359122 -1.40987321520684 1.24730596376923 -1.39772556507854 -0.462485380686114 -0.85473623539076 
1.57142565333233 0 18.5357060742265 3.23005655930846 7.8509669508091 0 0 3.07905814753801 -18.3376368872531 0 -3.94360727169253 0 0 1.20186968389986 0 -0.812091006344227 0.475138789264084 -1.50091727054721 -0.00634683110115436 0 -0.477513038775657 -0.175418891094354 6.24389083415451 -14.65422294785 0.0950997532788197 9.62414941267304 0 0 0 -8.79713112898037 12.9239806576976 0 0 -1.93143748395678 -0.501792823663816 1.09351984276135 0.456579033497991 1.11047639283839 0 -0.227854187706417 0 
1.57142565333233 -15.1649440523074 0 3.97482614218016 7.54104370602455 17.3482750343849 15.0788702420326 -16.7346931792492 13.8610990410024 0 6.93394487115273 -0.667015781936709 0 0 0 0 0.092221798418193 0.366769787094914 0 1.55277195365763 1.73062504908565 -5.29501771800919 0 4.4710669780481 0 14.9860957893478 0 19.4777762421769 0 19.160583510022 9.71817587954838 -1.49015409289401 0 -0.676888563985419 1.41468335381461 0 -1.0288879233547 -1.46783191220268 0 1.74054222448754 0.892010547636082 
1.57142565333233 -9.6165230449366 0 3.97482614218016 0 0 15.0788702420326 -0.884963926339971 0 0 0 0.595608745978963 0 0 0.860422585560206 0.495501579947538 0.092221798418193 0.678453534226144 -0.263255857053798 0 0 -7.97975425980042 0 -13.8402736158298 10.6418154251956 10.4952098105546 0 16.9700842801808 16.1367461253594 7.65148613958223 0 0 0 0.41138055101567 0 0 -1.81739824908664 -0.62896793979172 0 0 -0.044609132243604 
1.57142565333233 0 18.5357060742265 7.13468860235749 -3.13445302803742 0 0 12.7032875608202 0 1.71811433588998 0.631210145275672 0 0 -0.0655310107700205 0 -0.812091006344227 1.20801857263223 0 1.91856534961544 -1.17557673862929 -0.468302361885227 0 6.24389083415451 -13.1234265738742 0 9.62414941267304 0 0 0 -8.79713112898037 15.188975432999 0 0 0 -1.34385550736629 1.09351984276135 0.456579033497991 1.46843379524929 0 -0.227854187706417 -0.0723366123029667 
1.57142565333233 7.48021236969168 17.0452139699111 11.624367857177 0 -19.2408543542218 -19.4188481194055 -12.2663846762229 2.19077384327109 0 -7.7972198500285 -1.9539161966899 -1.13939879422048 0 0 -0.794039714519884 0 0 -2.16008460336369 0.14589676267742 1.57596559802814 0 -9.98010377864358 0 0 -15.1671222109194 0 0 0.268272925153502 0 0.0928685535177908 0 0.161063560359675 1.95620665417807 0 1.62565194332304 0.925574626273277 0 0.627744020692885 0 -0.780791532611843 
1.57142565333233 3.69465236724105 5.98707973304534 0 0 -11.227964343097 0 0 -16.4872037975524 -8.54958560715876 0 0 0.446507904886505 1.61532027256457 0 1.31551515802067 1.01342390617981 0 -1.89490356850201 0.692188950577839 -0.628737155640841 -19.5178733018776 0.0677719060647171 0 5.4091972417241 -18.7414049910109 -11.2976251781441 -13.2188631376339 0 -15.5948004385432 1.98019134904267 0 0 -1.43275224391034 0 0.0703606859223734 0.594007693507712 0.00617582816918186 0 0 0 
1.57142565333233 0 -10.9704006048713 -8.55682962972523 -16.9130443068748 0 -7.64124319250288 2.01416446921144 6.05411009213613 0 5.98353707510211 1.67831776462417 1.93775742311858 -1.05863183972362 0.422197433385159 -0.0340225771227957 -0.527438999399282 -0.876975858061097 0.286481964535304 -1.50088981795166 0 0 0 -13.4413036394125 8.11114053386782 5.29441916630343 -3.24917974208909 0 1.13631875307128 3.87897992687252 -0.595567683035306 -1.58895293604068 0 0.500489259371762 0.566886543094593 0 -0.366670587187014 -1.0613520290057 0 0 0.484981212990815 
1.57142565333233 -8.81016282774981 3.94357362014408 19.0996843013445 -17.8455007904421 -13.9419613843513 0 0 0 0 14.3290552097974 0.88316143345235 0 0 1.59412206876749 -1.18608774765678 -1.1800882868376 0 -0.263255857053798 0 0.594697144159441 -10.5398833335097 8.17426628813812 -3.84543605327859 0 -6.55867586217759 12.2307142113478 13.0460968488111 16.1367461253594 0 14.5378714867578 1.52448077663988 0 -1.90735403723426 -0.415124763927946 0.518661023359122 -1.40987321520684 -1.54860505999467 0 -0.462485380686114 -0.85473623539076 
0 0 17.0452139699111 11.624367857177 -15.0563635560946 0 -19.4188481194055 -16.7346931792492 13.8610990410024 6.74716253147794 0 -0.761378320288555 -1.13939879422048 0 1.02557531233205 0 0 0.366769787094914 0 0 0 0 0.00863527879521031 4.4710669780481 0 2.5642339710911 0 19.4777762421769 0 14.260890741954 15.1969395462409 0 1.82786254390509 -0.676888563985419 1.41468335381461 -0.00397545378840317 0.708276998581494 -1.46783191220268 0 1.74054222448754 0 
0 2.50537998159667 -0.24496794689678 -16.9107069153854 0 14.5686138768534 -8.92065639091686 -9.2133280677783 -0.351844448760079 -19.3594054967907 0 -1.94549651255156 0 1.62493443285345 1.91099939398048 -0.59964300161211 -1.69916298319547 1.41693056720166 -0.540700045666052 0 0.123702540119971 13.5030781913097 0.0677719060647171 0 0.50793375843574 0 -11.2976251781441 7.9804703257887 -15.2866566345499 0 17.4242149374561 0.605855025633171 0 -1.43275224391034 0.609546169922476 0 0.594007693507712 1.08095965212256 0 0 0 
2.36431119505926 -15.1649440523074 -12.6065675134801 0 16.8561923023575 17.3482750343849 5.79528363691423 -0.884963926339971 18.1124276659044 0 0 -0.667015781936709 0 1.47072999340982 0.534682059909535 0 -1.13778423570925 1.51713979221747 1.32666692572025 -0.263169920194508 -1.3195076367443 0 0 -13.8402736158298 10.6418154251956 -17.8338807159261 -16.2218149454434 14.3089763002046 0 -1.55922105608472 9.71817587954838 0 0 0.41138055101567 0 0 0 2.76376695826825 0.249457139638 0.031732575051362 0.892010547636082 
1.57142565333233 -15.1649440523074 0 3.97482614218016 6.48363125812431 -5.03607406515445 15.0788702420326 -3.54791060255277 0 0 6.93394487115273 -0.667015781936709 0 0 0 -0.745963859719207 0.092221798418193 -0.0382628804250913 -1.31417429415238 1.55277195365763 1.73062504908565 -9.68138864714717 0 4.4710669780481 0 14.9860957893478 0 19.4777762421769 0 0 12.7464825626213 0 0 -0.676888563985419 0 0 -1.0288879233547 -1.46783191220268 0 0 -1.16060079408838 
0 0 9.4323747555876 11.624367857177 -10.5492893562416 0 0 -7.82775693937566 -19.3029917680207 0 0.385756818757279 0 1.28062896303862 0 0 0 -0.367440475322046 1.98367159906014 -1.11570918146321 0.465078023478891 -1.91115276511347 0 0.00863527879521031 0 -11.2124111183045 0 -15.9966852031633 7.29520733807944 0 -7.6634243725163 15.1969395462409 0 1.82786254390509 -0.421186248967976 0.897129770786096 1.64780915139607 0.625020461448012 1.56076928300819 0 0 0 
1.57142565333233 17.2969402825911 0 15.6851160692447 0 11.0030013653464 -9.85824882511899 0 0 -19.3594054967907 -0.307288114124578 0 0 1.68346783317787 1.91099939398048 0 0 1.04267997156953 0 0 -0.889872159291931 13.5030781913097 0 -16.539486076934 0.50793375843574 0 -8.43019170147841 0 2.9511073152307 0.287984607409679 3.61207955685075 0.605855025633171 -0.464818962134802 0 0.609546169922476 0 0 0 -1.32258408485101 0.721789859105735 0.0347239384589363 
1.57142565333233 18.0222221175312 -12.6065675134801 0 16.8561923023575 0 5.79528363691423 1.12827998638539 -14.5981887516557 -17.055518849313 0 0.635437897702417 0 0 0.534682059909535 -0.999087991658174 -1.13778423570925 -0.125254524930033 0.191764433026204 0 -1.3195076367443 -14.1140178656736 -12.3494343237716 4.37375178764283 -8.67599343353696 -17.8338807159261 0 14.3089763002046 -18.235621414257 0 0 1.0733002177781 0 0.61089637158946 0 0 0.313066798408081 2.76376695826825 0 0.891185528082394 0 
0.748595936178965 12.2595392969714 14.1751013669069 0 3.89159402059931 19.3391693194114 -8.92065639091686 7.52386665322067 -0.351844448760079 -5.83852268095991 8.32403839022109 0 -0.28296695476536 0 0 1.7545530711089 -1.69916298319547 -1.38469491311568 -0.540700045666052 -1.95520586425215 -1.03748144350829 -16.644828103783 0 -7.55176784822334 5.63607182616185 17.3885414457827 -17.0328129534762 -18.2120809136946 -3.05914677821991 0 0 0 1.83476196687425 0.475332658027919 -1.34626130263613 0 1.67957935653607 0 1.89902076492972 1.08101552402648 0 
0 10.0168978096996 -1.37710145738772 0 3.00173445744521 7.55045987085926 13.1897675586817 -16.1343217064321 1.66756742711531 0 19.275890085509 0 1.48228125156941 -1.92497534673893 1.37863643438492 0 1.38840187685024 1.42770609139824 -0.763328800333351 0 0.958012091442017 -16.644828103783 16.8016952913262 0 5.63607182616185 10.191385340966 -8.09941419777433 0 -3.05914677821991 -18.8818193501243 0 0 0.73103691112764 -0.30580772753144 -1.34626130263613 1.76675908629166 -1.4101526054601 -0.110677490062396 1.89902076492972 0 0 
0.748595936178965 -1.78796895862928 18.5357060742265 0 0 0 3.84524594240135 0 -4.68225491451205 0 0 -0.630967898588147 0 0 0.559117778464741 -1.24509222677215 0 0.321793873944224 -0.170136558902514 1.36552410263825 -0.477513038775657 19.9610012117592 0 -14.65422294785 -13.1164008998854 10.4952098105546 0 -18.3042308796683 0 -8.79713112898037 -3.57320316302274 -0.166137135664996 0 -1.93143748395678 0 0 0.456579033497991 -0.309316855999323 0 -0.227854187706417 0 
1.57142565333233 17.9450104748574 0 3.32807367822531 0 16.4593546821081 0 0 -9.24301386309928 5.85671568562124 -14.2017478096307 0 0 0 0 -0.139489319240437 1.13675711356884 0 0 1.36826732259629 0 15.1475826814527 -13.0122407213842 0 0 0 0 7.29520733807944 18.714143437666 0 -3.57591903003674 1.98017895593316 0.767198844238743 0 0.825355878484135 1.64780915139607 0.584778882835423 1.56076928300819 0.898857128293653 0 0 
0.748595936178965 18.0222221175312 -1.37710145738772 0 5.13332087785626 10.8662453158136 4.15735367879148 0 0 0 0 0.635437897702417 1.48228125156941 0 -1.71674844423158 1.79971888745191 1.10723076253535 0 -1.27025979537063 0 -1.3195076367443 -19.1064242735069 4.39875859040709 0 0 15.5722134074067 -16.2218149454434 0 0 0 0 1.91697638571122 1.50044177542461 1.50723698619159 0.956681861987655 -1.28987801507575 0 -0.110677490062396 0.160673894062952 0 1.00710602896619 
0 -15.278613742105 -3.60599176194798 -2.19332058084818 0 0 0 0 0 3.39998066583647 -5.50427740696085 0.65367790621411 0 0.672007331937555 0.559117778464741 -1.24509222677215 0.582926592129714 0.321793873944224 0 -1.62543839664452 0 19.9610012117592 0 0 -17.2569449605685 -0.229985965522931 17.6326684363338 -14.0715165036132 3.99048991687153 0 -3.57320316302274 -0.166137135664996 0 0 -1.84664526295226 0 1.46405320403355 -1.46589660247131 0 0 0 
0.748595936178965 7.09937914605224 -10.4684990693203 0 7.54104370602455 17.3482750343849 4.15735367879148 -0.884963926339971 7.17129616400753 -17.055518849313 0 -1.43106898173274 0.536595723841617 0 0 0 1.10723076253535 1.51713979221747 1.39541792841415 0 0.127760910488554 -7.97975425980042 -12.3494343237716 7.57710514011658 -8.67599343353696 -12.5584815221645 12.204178325927 -13.2918481870051 0 -1.55922105608472 0 0 0 -0.0388094382541298 0 -1.64466012438976 -1.44416876204506 0.0157319633363429 0.249457139638 0.031732575051362 0.998112815897033 
1.57142565333233 -2.53898822820698 18.5357060742265 0 -3.13445302803742 0 0 0 0 1.71811433588998 0 -1.46952433300648 0 -1.71875939132588 0 -0.812091006344227 1.20801857263223 0 1.91856534961544 -1.17557673862929 -0.468302361885227 0 6.24389083415451 0 0 9.62414941267304 0 0 9.40507688066227 8.66892316782331 14.6396884576602 0 0 0 -1.34385550736629 1.09351984276135 0.456579033497991 1.46843379524929 0 -1.52909076098776 0 
1.57142565333233 3.69465236724105 13.7953941122607 0 0 -18.7380937294746 0 0 0 -8.54958560715876 0 0 -0.0897939894766519 1.61532027256457 -0.709138222368964 -0.880340076461593 1.01342390617981 0 -1.33079474853854 0.692188950577839 0 -1.2974472210265 0.0677719060647171 0 5.4091972417241 -18.7414049910109 -11.2976251781441 -2.19771960852562 0 -16.6357951316218 1.98019134904267 -0.215132057766957 0 -1.43275224391034 0 0.918205051179139 0.594007693507712 1.24730596376923 0 -1.10906455717472 0 
1.57142565333233 10.0168978096996 5.98707973304534 -16.7150853931508 0 19.3391693194114 0 -9.2133280677783 1.66756742711531 0 0 0 0.446507904886505 1.46615170895408 0 1.7545530711089 0.920083173979113 1.41693056720166 -0.763328800333351 0 -0.628737155640841 0 0 3.98261815960641 0 9.39001620253083 0 -10.7212407750642 0 -4.41047866102796 -17.6649725985085 0 0 -1.74142211989566 0 0.18449743659445 -0.319856071993642 0 1.42783027301907 -1.72215718297388 0 
1.57142565333233 -12.0308381933863 5.98707973304534 5.91511163204681 -17.8455007904421 -7.772404499246 0 0 0 -8.54958560715876 -14.2017478096307 -0.536488295782585 0.446507904886505 -0.389709701943076 1.59412206876749 0.393303346071999 1.01342390617981 0 -0.584983382646452 0.692188950577839 0 -10.5398833335097 0.0677719060647171 2.08576260231704 5.4091972417241 -6.55867586217759 -11.2976251781441 0 0 0 0 1.52448077663988 0 0 0 0.518661023359122 0.594007693507712 0 0 -0.462485380686114 0 
0.748595936178965 0 5.98707973304534 -8.55682962972523 0 0 -9.59069928600951 2.01416446921144 -16.2615347449954 -5.83852268095991 5.98353707510211 1.67831776462417 0.446507904886505 -1.05863183972362 -1.64505172131818 -0.0340225771227957 0 -0.876975858061097 0 -1.95520586425215 0 -16.644828103783 0 0 10.5281553932131 -10.9694767049372 -11.2976251781441 11.2517787382248 -3.05914677821991 8.66892316782331 4.47291580237118 0 0 -1.43275224391034 0.499858509050616 1.05736062166158 0.594007693507712 0 1.89902076492972 -1.52909076098776 0 
0 10.0168978096996 -10.4684990693203 -14.9080813652408 -16.1587824840838 -12.4511415383085 12.7268095373767 0 7.17129616400753 -17.055518849313 -6.50907378015531 0 0.536595723841617 0.721157478504422 -0.883038429954573 1.78139255278809 0 0.0458331955810232 1.39541792841415 0 0 0 -12.3494343237716 12.8839747574571 -8.67599343353696 10.191385340966 0 -13.2918481870051 0 18.192616597839 0 0.560555373579522 0 0.587950212223432 0 1.76675908629166 0.313066798408081 0.0157319633363429 1.42783027301907 -0.243157663495819 0 
0.748595936178965 17.9450104748574 0 18.9925056225585 0 -9.84964745577874 -17.5041534390786 0 -9.24301386309928 -12.7061459015618 5.98353707510211 0 1.17778377755442 -0.495434046487992 -1.64505172131818 0 -2.47747474325703 -0.652485858952853 0 -0.640163976065891 0 18.9155071316825 -13.0122407213842 -7.55176784822334 -4.13639658323321 -0.275964755693434 0 0 -3.05914677821991 -12.8920902837497 11.1808512598187 0.52622613614715 0.767198844238743 0.475332658027919 -0.943802413038817 0 0.584778882835423 1.54329143908959 1.89902076492972 0.0489701861743676 0 
1.57142565333233 0 -4.79095909636978 -9.1407495872773 -15.5308212784728 7.55045987085926 13.1897675586817 -16.1343217064321 0 -5.83852268095991 19.275890085509 1.67831776462417 -2.31560287826024 0.601241291314942 -0.811212569852924 0 1.38840187685024 1.42770609139824 -1.27025979537063 -1.95520586425215 0.958012091442017 5.5775486145064 16.8016952913262 -7.55176784822334 -15.3847301357355 0 12.204178325927 11.2517787382248 -3.05914677821991 -12.8920902837497 11.1808512598187 0 0.73103691112764 0.475332658027919 1.49503452866107 0 -1.44416876204506 0 1.89902076492972 0.0489701861743676 0 
1.57142565333233 7.09937914605224 -1.37710145738772 -17.7261609573505 18.1685062489326 -8.0294700842488 4.15735367879148 -13.8822348061401 5.52340041171918 0 0 -1.43106898173274 1.48228125156941 0.418539211348882 0 1.78949920916441 1.10723076253535 0.237387108261412 -1.04755112763846 0 0 -7.97975425980042 0 7.57710514011658 0 8.06639671701305 12.204178325927 0 0 -17.3967204323955 0 0 0 -0.0388094382541298 -0.368162372320966 -0.00812134147068548 -1.44416876204506 -0.110677490062396 0.249457139638 1.46104832434144 0.998112815897033 
0 -12.0308381933863 0 3.32807367822531 0 -3.33269031873564 0 0 0 0.645875335040444 -7.93149940107553 -0.536488295782585 0 0 0 -0.759651526231156 0 0 -0.584983382646452 0 0 0 2.93969178709187 -17.0475366884133 0 0 0 -6.44157256299703 18.714143437666 0 0 0.755955041738206 0 -1.65560474230703 0.825355878484135 -1.15070721001863 0 -1.47500940853497 0.898857128293653 -0.462485380686114 1.0233018524122 
1.57142565333233 -9.6165230449366 0 18.9925056225585 -11.9520861431733 -9.84964745577874 0 0 0 -12.7061459015618 -9.64067697973953 0.595608745978963 1.17778377755442 -0.495434046487992 -1.21687125098746 0 1.13675711356884 -0.813948322466551 -0.263255857053798 -0.640163976065891 0.703530013888856 -12.4947656469861 13.8948257145913 -17.0475366884133 -4.13639658323321 -0.275964755693434 0 13.0460968488111 16.1367461253594 0 0 1.62543303874574 0 -1.65560474230703 -0.943802413038817 0 0.584778882835423 -1.54860505999467 0 0 -0.044609132243604 
1.57142565333233 -0.333185298523486 0 7.13468860235749 0 0 0 12.7032875608202 -16.2615347449954 5.85671568562124 0 0 0 -0.0655310107700205 0 -1.35148547093919 0 0 0 1.36826732259629 -0.628737155640841 -19.5178733018776 -1.19464436601598 0 -19.5663545930601 -6.55867586217759 0 0 18.714143437666 8.66892316782331 -0.154038202089275 0 0.702423476941149 0 -1.25114107469616 0.518661023359122 0 1.46843379524929 0.898857128293653 -1.52909076098776 0 
1.57142565333233 -18.5065390535195 0 3.97482614218016 0 0 15.0788702420326 -0.884963926339971 -13.2427075660055 0 8.32403839022109 1.50191845907919 0 0 0.860422585560206 0.495501579947538 0.092221798418193 1.51713979221747 0 0 -1.03748144350829 -7.97975425980042 0 -13.8402736158298 10.6418154251956 10.4952098105546 -5.29580354937157 11.2517787382248 16.1367461253594 -12.8920902837497 11.1808512598187 0 0 0.41138055101567 0 0 0.324687051738001 0 0 0.0489701861743676 0 
1.57142565333233 -15.278613742105 -3.60599176194798 17.0548388720745 17.4451060860628 0 0 6.52057687124264 -13.3775255146332 3.39998066583647 -4.75414227915655 0.65367790621411 0 -0.750603255234008 1.76842868596708 0 0.582926592129714 1.01030189684141 -1.5158906315993 -1.62543839664452 0 -17.9936584914074 0.00863527879521031 -3.30926314150415 -19.8002807701939 13.0024174940784 2.28200829694141 0 19.40161666805 0 15.0526962871909 -1.77381643269854 1.82786254390509 0 0 1.06894400299943 1.24938009830629 1.44560278740041 0.379948443910083 0 0.779248982099466 
0.748595936178965 -15.514817505849 0 3.97482614218016 17.2437094791065 11.0030013653464 -13.529719912228 0.633055519444428 1.62801802234166 0.367673253811744 -0.307288114124578 0 0 0 -0.556065117267922 0 -1.34747704740031 2.07029236710644 0 0.247750077511999 -0.889872159291931 17.0922148214151 0 0 -17.7115514211876 -0.229985965522931 -17.2638521144464 0 0 0 0 0 -0.464818962134802 0 -1.52048759140097 0 0 -1.9524874333071 0 -1.76574398193776 0.965711629467882 
1.57142565333233 0 0 2.64758282464351 0 -19.2019175920644 -8.92065639091686 0 -0.351844448760079 0.645875335040444 -7.93149940107553 1.9709476092695 0 0 -1.18812326862855 0 -1.69916298319547 -0.813948322466551 -0.540700045666052 0 0 -19.5178733018776 2.93969178709187 -17.0475366884133 -12.6102689246695 0 -11.3574449864018 -6.44157256299703 -15.2866566345499 0 17.4242149374561 0 0 -1.65560474230703 0 -1.15070721001863 0 -1.47500940853497 0 0 0 
0.748595936178965 0 5.98707973304534 -17.7261609573505 18.1685062489326 0 -9.59069928600951 12.7032875608202 5.52340041171918 10.0066026160524 9.70094932694964 0.204417097477437 0.446507904886505 0.418539211348882 0 -1.35148547093919 0 0 -1.04755112763846 1.55165766903742 1.02647220018621 0 7.93215958770931 8.36626113781997 -16.5644057730978 8.06639671701305 -11.2976251781441 0 0 -17.3967204323955 7.92305454049402 0 -1.65873090627544 0 -1.89358647721521 -0.00812134147068548 0.594007693507712 1.46843379524929 0 1.46104832434144 0 
1.57142565333233 7.09937914605224 17.0452139699111 0 0 -19.2408543542218 -19.4188481194055 0 0 0 -7.7972198500285 -1.43106898173274 -1.13939879422048 0 -1.45428966332892 -0.794039714519884 0 0 -1.27025979537063 0.14589676267742 1.57596559802814 -19.1064242735069 -9.98010377864358 0 0 -15.1671222109194 0 0 0 -18.8818193501243 0.0928685535177908 1.91697638571122 0.161063560359675 1.95620665417807 0 1.62565194332304 0.925574626273277 0 0.160673894062952 0 -0.780791532611843 
1.57142565333233 -15.514817505849 15.7029531876105 -10.3638491455297 13.3382992136005 4.29867561175426 0 0 -16.1604769230636 7.56782445477686 0 0 0 0 0.91641967693177 1.97938650286728 0 0 0 1.3042757871115 0 0 -10.0607482111364 0 0 -0.229985965522931 17.6326684363338 4.87944621819977 -11.2333667423732 -12.7090003307485 0 1.17204904703984 -1.00884031644503 1.50723698619159 -1.90363006289286 0 1.46405320403355 0 0 -1.2192026149571 1.19067444707764 
1.57142565333233 0 0 3.32807367822531 0 -3.33269031873564 0 0 -16.1604769230636 5.85671568562124 0 0 0 0 0 -0.759651526231156 0 0 0 1.36826732259629 0 0 -10.0607482111364 0 -17.7115514211876 -6.55867586217759 17.6326684363338 4.87944621819977 -11.2333667423732 0 -0.154038202089275 0.755955041738206 -1.00884031644503 0 -1.52048759140097 0.518661023359122 1.46405320403355 0 0 -0.462485380686114 0 
0 17.9450104748574 0 0 14.9720461922568 -9.84964745577874 0 0 -9.24301386309928 -12.7061459015618 0 0 0 -1.74925549502916 -0.992810893334826 0 0 0 0 -0.640163976065891 0 0 -10.0607482111364 14.1446062802079 -4.13639658323321 -0.275964755693434 -11.6971095985254 19.4777762421769 0 14.260890741954 -11.8019485062929 1.17204904703984 -1.00884031644503 0 -0.943802413038817 0 -0.462183201900769 -1.46783191220268 0 1.74054222448754 -1.12435175903344 
1.57142565333233 -19.8062348923675 17.0452139699111 18.9925056225585 0 0 -20.4788116078027 -7.82775693937566 13.0612709899718 -12.7061459015618 -19.2743971754212 -0.696059548620162 -1.13939879422048 0 0 0 0 1.98367159906014 0 -0.640163976065891 -0.473343413543582 -17.1952333847039 0.00863527879521031 -14.5943358422231 0 -9.56061311511352 -5.0983895850826 0 0 -12.316610437034 15.1969395462409 1.46314108905529 1.82786254390509 0 0 -1.40467941640163 -0.839068591054095 0 0.792212276157091 1.61979038250623 0 
0 10.0168978096996 -10.9704006048713 -14.9080813652408 3.00173445744521 0 -9.84683908980658 13.9164683287574 6.05411009213613 0 5.98353707510211 0 1.93775742311858 0.721157478504422 1.37863643438492 -0.0340225771227957 -0.527438999399282 0.876339606417501 0.286481964535304 -1.50088981795166 0 0 0 -13.4413036394125 0 9.39001620253083 0 0 1.13631875307128 12.3927913570743 -17.6649725985085 -1.58895293604068 0 0.500489259371762 0 0.18449743659445 -0.319856071993642 -1.0613520290057 0 1.30766445366091 0 
1.57142565333233 0 2.21225394297496 17.0548388720745 0 0 0 0 -13.3775255146332 0 -4.75414227915655 0 -0.490053853415909 -0.750603255234008 0.860422585560206 0.361514742654522 0 -0.813948322466551 -1.5158906315993 0 0 -12.4947656469861 -16.9134174366078 -17.0475366884133 -19.8002807701939 -8.63045647210928 -11.3574449864018 0 1.03424918886006 2.7954618366414 0 1.62543303874574 0 -1.65560474230703 0 1.09831227599565 0 1.44560278740041 0 0 -0.044609132243604 
1.57142565333233 0 0 -17.7261609573505 -16.1587824840838 -8.0294700842488 9.41117128795533 -13.8822348061401 5.52340041171918 -17.055518849313 0 0.204417097477437 -0.365083544610573 0.418539211348882 -0.883038429954573 1.78949920916441 1.31065537562159 0.237387108261412 -1.04755112763846 0 -1.91035171407757 0 10.2021447916292 8.36626113781997 -16.5644057730978 8.06639671701305 0 -10.2448234754823 2.72583791181717 -17.3967204323955 0 0 -1.65873090627544 0 -1.89358647721521 -0.00812134147068548 -1.34377650047828 1.72971108077546 -0.717113045378175 1.46104832434144 0 
0.748595936178965 12.2595392969714 9.4323747555876 0 3.89159402059931 16.4593546821081 -8.92065639091686 -11.2389959726664 -12.7556904278489 -5.42713651686308 -9.34793441991691 0 1.28062896303862 0 0 -0.139489319240437 -1.69916298319547 0.572312833076489 1.14410374739398 0.73613280464715 -1.3699008614616 3.47688105352078 -10.0211418653005 0 0 17.3885414457827 -17.0328129534762 0 0 0 -6.26991620113603 -0.607378501262226 0 0 0 0 1.67957935653607 -0.907286352900456 0 1.08101552402648 -1.32360344441775 
0 0 15.7029531876105 0 0 -7.772404499246 0 0 -16.1604769230636 -8.54958560715876 0 0 0 1.61532027256457 0 0.393303346071999 0 0 0 0.692188950577839 0 0 -10.0607482111364 0 5.4091972417241 -18.7414049910109 17.6326684363338 -13.2188631376339 0 -15.5948004385432 0 1.17204904703984 -1.00884031644503 -1.43275224391034 0 0.918205051179139 1.46405320403355 0.00617582816918186 0 0 0 
0.748595936178965 -8.81016282774981 -8.70750053804717 11.8690344746546 -17.8455007904421 10.8662453158136 5.79528363691423 0 0 0 -14.2017478096307 0.88316143345235 0 0 1.59412206876749 1.79971888745191 -1.13778423570925 0 -1.33079474853854 1.34823094836819 0 -10.5398833335097 8.17426628813812 12.0952515639808 0 -6.55867586217759 -16.2218149454434 -2.19771960852562 0 0 0 1.52448077663988 0 -1.66984302814577 -0.415124763927946 0.518661023359122 0 1.24730596376923 -1.39772556507854 0 1.00710602896619 
1.57142565333233 7.09937914605224 -1.37710145738772 3.23005655930846 7.8509669508091 0 4.15735367879148 2.39938522849669 0 0 0 -1.43106898173274 1.48228125156941 1.20186968389986 0 -0.812091006344227 1.10723076253535 2.03124139159976 -1.27025979537063 0 -0.477513038775657 -0.175418891094354 6.24389083415451 -14.65422294785 0 9.62414941267304 12.204178325927 0 0 -1.55922105608472 0 0 0 -1.93143748395678 -0.368162372320966 1.09351984276135 -1.44416876204506 -0.699646122753455 0.249457139638 0.031732575051362 0.998112815897033 
0 -15.1649440523074 0 3.97482614218016 -16.1587824840838 17.3482750343849 -0.504626017298841 -16.7346931792492 13.8610990410024 0 0 -0.667015781936709 0 0 -0.883038429954573 0 1.62888161541376 0.366769787094914 0 1.55277195365763 0.127760910488554 -5.29501771800919 0 4.4710669780481 -8.67599343353696 0 0 19.4777762421769 0 14.260890741954 9.71817587954838 -1.49015409289401 0 -0.676888563985419 0 -0.323021569439686 0.313066798408081 -1.46783191220268 0 1.74054222448754 0.892010547636082 
1.57142565333233 0 0 3.97482614218016 0 0 15.0788702420326 -0.884963926339971 0 0 0 0 0 0 0.860422585560206 0.495501579947538 0.092221798418193 1.51713979221747 -0.263255857053798 0.465078023478891 0 -7.97975425980042 0 -13.8402736158298 -11.2124111183045 0 0 13.0460968488111 16.1367461253594 7.65148613958223 0 0 0 0.41138055101567 0.897129770786096 1.64780915139607 -1.81739824908664 -1.54860505999467 0 0 -0.044609132243604 
0 0 18.5357060742265 7.13468860235749 0 0 0 12.7032875608202 0 0 -7.7972198500285 0 0 -0.0655310107700205 0 -0.812091006344227 1.20801857263223 0 1.91856534961544 0.14589676267742 1.57596559802814 0 6.24389083415451 -13.1234265738742 0 9.62414941267304 0 0 0 -8.79713112898037 14.6396884576602 0 0 0 -1.34385550736629 1.09351984276135 0.456579033497991 1.46843379524929 0 -0.227854187706417 0 
1.57142565333233 7.09937914605224 -1.37710145738772 0 0 -19.2408543542218 -19.4188481194055 -12.2663846762229 0 -0.474603653314805 0 -1.43106898173274 1.48228125156941 0 -1.45428966332892 -0.794039714519884 0 0 -1.27025979537063 0 -0.622408810361479 0 -13.8537899189879 0 0 -15.1671222109194 0 0 0 -18.8818193501243 0.0928685535177908 0 1.27288315970119 1.50723698619159 0 1.62565194332304 0 -0.110677490062396 0.792212276157091 -0.828458802899559 -0.780791532611843 
1.57142565333233 3.69465236724105 -1.37710145738772 -9.1407495872773 -15.5308212784728 -7.772404499246 0 -16.1343217064321 -16.4872037975524 0 19.275890085509 0 1.48228125156941 0.601241291314942 -0.0134386774354794 0.393303346071999 1.01342390617981 1.42770609139824 -1.89490356850201 0 0.958012091442017 -19.5178733018776 0.0677719060647171 0 5.4091972417241 0 12.204178325927 -13.2188631376339 0 -18.8818193501243 0 0 0 -0.30580772753144 0 0 -1.44416876204506 0.00617582816918186 0 0 0.998112815897033 
0 0 -10.9704006048713 -14.9080813652408 -16.9130443068748 19.3391693194114 0 13.9164683287574 1.66756742711531 0 5.98353707510211 1.67831776462417 1.93775742311858 0.721157478504422 0.422197433385159 1.7545530711089 0.920083173979113 0.876339606417501 -0.763328800333351 0 0 0 0 -13.3200310139544 8.11114053386782 9.39001620253083 0 -18.2120809136946 1.13631875307128 3.87897992687252 -0.595567683035306 -1.58895293604068 0 0.642118996308241 0.566886543094593 0.18449743659445 -0.319856071993642 0 0 0 0.484981212990815 
