100
10
2.85401682280935 -9.6165230449366 2.13387962721003 -10.3638491455297 0 12.7497409259201 2.82187173304701 19.0058825253536 2.06952411451821 0 15.2766814170762 0.595608745978963 0 0 0.860422585560206 0 0.79409043040317 0 0.0348374208783905 1.55277195365763 0.591217487878733 -17.9936584914074 13.8948257145913 5.43270056668329 0 15.718997639799 3.13085404973517 13.0460968488111 0 18.4724600017641 -4.22133633644382 -1.77381643269854 0 -0.230153424074013 2.26721421987154 0.368912837034516 -1.81739824908664 -1.54860505999467 0.855582403072893 1.74054222448754 -0.044609132243604 
2.85401682280935 -9.6165230449366 7.30142838116802 0 0 0 2.82187173304701 12.7032875608202 1.18992964191825 -0.307268424195828 14.3290552097974 0.595608745978963 0.0356107136772995 -0.350463444455743 0.860422585560206 0.495501579947538 0.79409043040317 0 0.510160379144438 -0.560845573437794 0.594697144159441 17.8765355828575 19.5161355920677 4.75644002943599 -13.1164008998854 10.4952098105546 3.13085404973517 17.3993106021543 19.3847518097305 7.65148613958223 0 0.317181885650932 0.72311685530614 -0.388893530442796 0 0 -1.81739824908664 -1.70862130471907 0.581065051635292 0 -0.044609132243604 
2.8539132536181 -9.6165230449366 2.13387962721003 6.71250458781724 0 0 2.82187173304701 12.7032875608202 2.06952411451821 0 15.2766814170762 0.595608745978963 0 0 0.860422585560206 0.495501579947538 0.79409043040317 0 0.0348374208783905 0 0.591217487878733 4.51637977013196 13.8948257145913 0 9.08221915638178 10.4952098105546 18.96162224494 -2.05287800014619 19.3847518097305 1.58678779503647 9.05416622536917 -0.874160631966852 0 -0.667678957184627 -0.0593000749029685 0 2.29791148500885 -1.9524874333071 0.581065051635292 -0.462485380686114 0.892010547636082 
1.57142565333233 -9.6165230449366 7.30142838116802 0 7.54104370602455 0 2.82187173304701 19.0058825253536 1.18992964191825 -0.307268424195828 15.4651402106346 0.595608745978963 0.0356107136772995 1.47072999340982 0 0.495501579947538 0.79409043040317 0 -0.263255857053798 -0.560845573437794 0.624065672640719 4.51637977013196 19.5161355920677 4.75644002943599 -13.1164008998854 10.4952098105546 -3.12560128356591 13.0460968488111 17.5799880230241 4.61628381703807 1.41953130037036 -0.874160631966852 0.72311685530614 -0.388893530442796 0 0 -1.89486798821709 -1.54860505999467 0 -0.546751117816545 -0.044609132243604 
2.85269303993233 -9.6165230449366 2.13387962721003 -10.3638491455297 0 0 2.82187173304701 12.7032875608202 2.06952411451821 0.0219449379350734 15.2766814170762 0.595608745978963 0 0 0.860422585560206 0.495501579947538 0.79409043040317 0 0.0348374208783905 0.507460821972909 0.591217487878733 4.51637977013196 -1.87978522269045 0 9.08221915638178 8.32330224701357 18.96162224494 -2.05287800014619 16.2473004009562 1.76203054315971 12.1851239914937 -0.874160631966852 -0.23258512202305 -0.667678957184627 -0.0593000749029685 -0.15581531693964 2.29791148500885 -1.9524874333071 0.461214881078906 -0.574673894748405 0.892010547636082 
1.57142565333233 -9.6165230449366 7.30142838116802 0 7.54104370602455 0 2.82187173304701 12.7032875608202 1.18992964191825 -0.307268424195828 14.3290552097974 0.595608745978963 0.0356107136772995 1.47072999340982 0 0.495501579947538 0.79409043040317 0 -0.622723827959375 -0.560845573437794 1.0379980059471 17.8765355828575 19.5161355920677 5.43270056668329 -13.1164008998854 10.4952098105546 3.13085404973517 17.3993106021543 19.4022187426929 7.65148613958223 0 0.317181885650932 0.72311685530614 -0.230153424074013 0 0 -1.81739824908664 -1.70862130471907 1.14097616412257 0 0.0725203701679224 
2.85377042757666 -8.20008195107807 5.75512571609818 14.2524333333841 0 3.11781161430656 -0.778770001036473 -1.26443329754492 19.9770825323309 2.84413004202961 14.3290552097974 1.09673194805939 0.75899016615422 0 0.684997031141537 0.495501579947538 1.01342390617981 0.103233621894956 1.21922591098548 0.88817023583137 0.594697144159441 4.51637977013196 0 -5.22881116407402 -17.7115514211876 -21.5882046992836 18.96162224494 17.3993106021543 19.3847518097305 18.4724600017641 9.71817587954838 -0.874160631966852 0 -0.667678957184627 -1.52048759140097 -0.672353881924578 2.29791148500885 -1.70862130471907 0.581065051635292 1.74054222448754 0.892010547636082 
2.85401682280935 -9.6165230449366 2.13387962721003 6.71250458781724 0 0 2.82187173304701 16.16365037142 2.06952411451821 0 15.2766814170762 0.595608745978963 0 0 0.860422585560206 0.495501579947538 0.79409043040317 0 0.0348374208783905 0 0.591217487878733 4.51637977013196 13.8948257145913 -1.05203276353517 0 10.4952098105546 18.96162224494 10.2228014886718 19.3847518097305 1.58678779503647 -4.22133633644382 -0.874160631966852 0 -0.653569538357467 2.26721421987154 0 2.29791148500885 -1.54860505999467 0.581065051635292 -0.462485380686114 -0.044609132243604 
2.85251322763588 -7.63946444598933 7.30142838116802 14.2524333333841 7.34606078842006 0.797857418375955 3.84524594240135 12.7032875608202 7.17129616400753 -0.307268424195828 14.3290552097974 1.01640145159159 0.0356107136772995 0 0.76188256395137 -0.0635586921049089 0 0 1.27771223947765 -0.560845573437794 0.594697144159441 4.51637977013196 13.8948257145913 5.43270056668329 -17.4379540257333 8.48906633264342 13.4998314276337 17.3993106021543 0 0 0 -0.874160631966852 -0.345340259049712 -0.230153424074013 -1.82784736913994 0 0.831472883835189 -1.70862130471907 0.249457139638 -0.462485380686114 -0.044609132243604 
0 -11.5518227893169 2.13387962721003 -9.24536340117704 3.39300922252844 21.2687917057279 15.0788702420326 -0.0771754043536146 18.1124276659044 0 -4.84609227548171 1.35304701762416 0 0.3850713211601 1.48790800912208 0.366502849043581 0.23761765325331 1.78570482816813 1.32666692572025 0 -0.555537694387854 4.51637977013196 -17.7299109090725 0.989646864957012 9.08221915638178 12.2200231809728 17.6326684363338 17.3993106021543 0 -15.56140927326 17.4242149374561 -0.150058416696293 0 -0.676888563985419 -0.0593000749029685 0 1.92629874589681 -1.70862130471907 0.249457139638 -2.26887462749559 0 
2.85213375340425 -9.6165230449366 -12.6065675134801 14.2524333333841 3.39300922252844 17.7051188946725 3.84524594240135 -0.0771754043536146 18.1124276659044 -2.51777848967713 14.3290552097974 0.595608745978963 0 0.557846121330674 1.48790800912208 0.366502849043581 0 1.78570482816813 1.32666692572025 0.874229518447178 0.594697144159441 4.51637977013196 0 1.07730470631612 0 -18.7414049910109 17.6326684363338 13.0460968488111 16.2473004009562 0.371330706063347 13.5468737937263 -0.874160631966852 0 -0.951575753493968 0 0.0703606859223734 1.46405320403355 -1.54860505999467 0.461214881078906 0.256481619731747 0 
1.57142565333233 -9.6165230449366 -12.6065675134801 14.2524333333841 5.60512181192409 17.3482750343849 15.0788702420326 -0.0771754043536146 18.1124276659044 -0.0698750087152584 -0.247605343464578 0.595608745978963 0 0.557846121330674 1.48790800912208 0 0.23761765325331 1.78570482816813 1.32666692572025 -0.263169920194508 -0.691457366464407 4.51637977013196 0.944683132830394 1.07730470631612 3.14043757940663 -18.7414049910109 0 13.0460968488111 1.03424918886006 2.7954618366414 13.5468737937263 -0.874160631966852 0.705865813962121 -0.951575753493968 0.362459069929299 0.0703606859223734 -1.81739824908664 -1.54860505999467 0 0.256481619731747 -0.390935229217138 
2.57062417742946 -19.6061065236368 7.29248250422184 1.08469953911132 -0.345942022742677 0 3.84524594240135 -0.768191344718538 0.0801325910399354 -0.173089663974517 14.3290552097974 -0.699111080644238 0.493731254899749 0.383975242461998 0.586827653109481 0.495501579947538 0.551798150181676 0.944668250719397 0.45396995378843 -0.0716119144864436 0.594697144159441 4.51637977013196 2.62300773946243 0 0 14.9860957893478 -1.10360574545507 17.3993106021543 19.3847518097305 1.01287162700336 9.71817587954838 -0.874160631966852 0 -0.744218633945202 0 0 -1.07999967299402 -1.70862130471907 0.581065051635292 -1.13195885704456 0.288980994852717 
2.571571100989 -9.6165230449366 2.13387962721003 1.40910596987657 0 0 3.84524594240135 12.7032875608202 2.06952411451821 0 14.3290552097974 0.595608745978963 0 0 0.860422585560206 0.495501579947538 0 0 0.0348374208783905 0 0.594697144159441 4.51637977013196 -17.7299109090725 -16.5850135650416 0 9.04358723731413 17.6326684363338 17.3993106021543 16.2473004009562 0 17.4242149374561 -0.874160631966852 0 -0.0707014139139566 2.26721421987154 0.570659887930685 1.46405320403355 -1.70862130471907 0.461214881078906 -0.462485380686114 0 
2.571571100989 -8.20008195107807 -11.5656656547522 14.2524333333841 -2.80236759679502 0 3.84524594240135 14.3219155197134 8.71017002361369 0 14.3290552097974 1.09673194805939 -0.056031886057943 0 0.270073072374833 0.495501579947538 0 -0.582755150498243 1.27771223947765 1.55277195365763 0.594697144159441 4.51637977013196 1.66358138861301 0.546975062460161 -14.3428558916519 -9.44131235542768 20.4858299084407 19.4777762421769 16.2473004009562 7.65148613958223 17.4242149374561 -0.874160631966852 -0.842592595882058 -0.794477282801865 0.335774360576539 -1.64466012438976 2.16036358673142 -1.46783191220268 0.417506059793525 0.627150817041821 0 
2.57109798855871 -9.6165230449366 7.30142838116802 1.40910596987657 0 0 3.84524594240135 12.7032875608202 3.11417486153737 -1.30705781563048 14.3290552097974 0.595608745978963 0.0356107136772995 0 0.860422585560206 0.577306153405135 0 0 -0.263255857053798 -0.602422650294575 0.594697144159441 4.51637977013196 -17.7299109090725 5.43270056668329 0 10.4952098105546 17.6326684363338 17.3993106021543 -3.2308152512325 0 17.4242149374561 -0.874160631966852 0 -0.230153424074013 2.26721421987154 0 1.46405320403355 -1.70862130471907 0.781950695450395 -0.462485380686114 0 
0.753151280962195 -12.8718234960324 1.68475647714676 1.60349522794294 -0.345942022742677 21.2687917057279 10.3223563201364 -0.0771754043536146 13.9025432355248 0 19.3116124325952 -1.49777657787212 1.48228125156941 0 0.586827653109481 0.366502849043581 -0.354072984398377 1.78570482816813 1.11344635326576 2.11694668600194 0.804120991008413 -19.5178733018776 0 -13.8402736158298 5.4091972417241 15.718997639799 0 17.3993106021543 0 1.56924623175023 9.71817587954838 0.230423162519198 -0.37509373790356 0.879347023218566 0 0.368912837034516 -1.81739824908664 -1.70862130471907 0.160673894062952 0 0.892010547636082 
2.56983498364486 -19.6061065236368 -12.6065675134801 8.0834817620383 21.3489921021969 0 3.84524594240135 -0.0771754043536146 19.3124487819674 0 17.0641177259684 -0.699111080644238 0 0.516109605541504 0.323501335239737 0.495501579947538 0 1.78570482816813 1.21922591098548 0.872384626414806 0.0791987948115911 4.51637977013196 -1.87978522269045 0.546975062460161 -17.0051010995429 -9.44131235542768 17.6326684363338 19.4777762421769 16.2473004009562 7.65148613958223 11.8831511877864 -0.874160631966852 -0.23258512202305 -0.794477282801865 0.522010970880282 -1.64466012438976 1.46405320403355 -1.46783191220268 0.461214881078906 0.627150817041821 1.49818065958944 
2.57062417742946 -9.6165230449366 2.13387962721003 -9.24536340117704 0 21.2687917057279 0.885253834601144 12.7032875608202 -4.1896875976304 -1.92777257826076 14.3290552097974 0.595608745978963 0 0.3850713211601 1.39766068347621 0.366502849043581 0.724671249824889 0 0.0822400436514243 -0.516665829176393 0.594697144159441 4.51637977013196 -17.7299109090725 0 10.5557409869301 13.5288432267862 17.6326684363338 17.3993106021543 0 11.2722498214674 0 -0.874160631966852 0 -0.30580772753144 -0.0593000749029685 0.14494548801563 1.92629874589681 -1.70862130471907 0.249457139638 0.796011826021602 -0.044609132243604 
2.57036047570913 -19.9408373859668 3.19567573822368 3.23005655930846 1.82700252112793 21.2687917057279 3.84524594240135 -0.0771754043536146 19.9770825323309 2.84413004202961 14.3290552097974 -0.0292266572449481 0.75899016615422 1.20186968389986 0.904825092668098 0.068807240100022 0 1.78570482816813 1.21922591098548 0.88817023583137 0.42169452054505 -7.70568800093871 -0.749227824504128 4.4710669780481 7.254800781703 10.4952098105546 17.6326684363338 17.3993106021543 10.0467394912833 -18.8818193501243 9.71817587954838 0 -0.420737923225732 -0.676888563985419 -1.21049901064043 0 1.46405320403355 -1.70862130471907 -0.00272511171769591 -1.56857905900505 0.892010547636082 
2.57036047570913 -9.6165230449366 5.75512571609818 3.23005655930846 -3.84526293526649 21.2687917057279 3.2918586797043 -0.0771754043536146 19.9770825323309 2.84413004202961 14.3290552097974 0.595608745978963 0.75899016615422 1.20186968389986 0.149169282824346 -0.155102175090044 0.629776769853093 1.78570482816813 1.21922591098548 0.88817023583137 0.42169452054505 0 0 -2.8712082465278 5.4091972417241 -21.5882046992836 20.2229331545639 17.3993106021543 10.0467394912833 2.7954618366414 9.71817587954838 1.97945172897515 -0.12078988608941 -0.667678957184627 -0.493103477458052 -1.3695590271985 2.29791148500885 -1.70862130471907 -0.00272511171769591 0 0.892010547636082 
1.57142565333233 -19.6061065236368 5.75512571609818 8.0834817620383 0 17.7051188946725 3.84524594240135 1.81050305711595 19.9770825323309 5.2824564804707 0.00548789510758961 -0.699111080644238 0.75899016615422 0.516109605541504 0.860422585560206 0.366502849043581 0 1.42793071434737 1.21922591098548 0.88817023583137 0.252594015711264 4.51637977013196 0 4.4710669780481 0 10.4952098105546 17.6326684363338 13.9285678746545 22.2941399634788 -19.3670726830918 5.20655095102571 -0.874160631966852 0 -0.676888563985419 0 0 1.46405320403355 -1.98515263157205 0.202662050725269 -2.06898222975851 0.421053572102009 
2.57036047570913 -15.1649440523074 5.75512571609818 3.23005655930846 0 14.6344713646381 3.82697485749469 -0.0771754043536146 19.9770825323309 2.84413004202961 -4.84609227548171 -0.667015781936709 0.75899016615422 1.20186968389986 0.860422585560206 0.366502849043581 0.867401597927046 1.78570482816813 1.21922591098548 0.88817023583137 -0.555537694387854 4.51637977013196 -17.7299109090725 -16.539486076934 0 14.2060071027866 17.6326684363338 17.3993106021543 10.0467394912833 -18.8818193501243 17.4242149374561 -0.874160631966852 0 0 2.26721421987154 -0.0364983679617282 1.46405320403355 -1.70862130471907 -0.00272511171769591 -1.56857905900505 0 
0 -9.6165230449366 3.9139742347244 0.891731787608811 0 0 3.84524594240135 19.0058825253536 1.18992964191825 -1.76640889582523 14.3290552097974 0.975660832666634 0 -1.00699033537274 0.860422585560206 0.495501579947538 -0.25832338604998 0 0.510160379144438 -0.46077359882685 0.594697144159441 2.09030609011664 8.89517472560758 2.43390564559209 -13.1164008998854 10.4952098105546 -3.12560128356591 13.0460968488111 17.5799880230241 4.61628381703807 0 -0.506938563202014 0.123296365590438 -1.15219542840598 0 0 -1.89486798821709 -1.54860505999467 0 -0.546751117816545 -0.044609132243604 
2.57036047570913 -9.78371908857195 3.94357362014408 8.0834817620383 17.4451060860628 17.7051188946725 3.84524594240135 -0.0771754043536146 19.9770825323309 0 14.3290552097974 0.595608745978963 0 0.516109605541504 1.11915983826349 0.366502849043581 0 1.78570482816813 1.21922591098548 1.55277195365763 0.594697144159441 7.68102710548836 -17.7299109090725 0.58477505190986 0 7.20691330647418 17.6326684363338 0 16.2473004009562 -18.8818193501243 17.4242149374561 -0.23366677472073 0 -0.960433059218541 0 -0.221321241404545 1.46405320403355 -0.699646122753455 0.461214881078906 -1.56857905900505 0 
1.57142565333233 -9.6165230449366 2.13387962721003 14.2524333333841 0.0724695343396019 17.3482750343849 15.0788702420326 -0.0771754043536146 17.3692479684806 -3.50348348256828 14.3290552097974 0.595608745978963 -0.362055930850122 0.557846121330674 1.48790800912208 0.176833852234685 0.23761765325331 1.78570482816813 2.05785589042485 -0.0927300444304617 0.594697144159441 4.51637977013196 17.2431554610576 5.43270056668329 0 -18.7414049910109 2.62567526075322 13.0460968488111 -1.30102244364145 1.58678779503647 9.05416622536917 -0.874160631966852 -0.546556419770492 -0.230153424074013 2.26721421987154 -0.630323748062515 -1.77855653046097 -1.54860505999467 0.640199943049904 -0.462485380686114 0.892010547636082 
2.57036047570913 -9.6165230449366 5.75512571609818 3.23005655930846 0 12.7497409259201 2.82187173304701 -0.0771754043536146 19.9770825323309 2.84413004202961 14.3290552097974 0.595608745978963 0.75899016615422 1.20186968389986 0.860422585560206 0 0.79409043040317 1.78570482816813 1.21922591098548 0.88817023583137 0.594697144159441 -17.9936584914074 15.8069945965693 5.43270056668329 0 12.2200231809728 17.6326684363338 13.0460968488111 0 18.4724600017641 -4.22133633644382 -1.77381643269854 -0.755969384394572 -0.230153424074013 2.26721421987154 0 1.46405320403355 -1.54860505999467 0.855582403072893 1.74054222448754 -0.044609132243604 
2.5694115145838 -9.6165230449366 2.13387962721003 12.4463399454236 0.0724695343396019 3.11781161430656 15.0788702420326 -0.0771754043536146 18.1124276659044 -3.50348348256828 14.3290552097974 0.595608745978963 0 0.893790702444404 1.48790800912208 0.495501579947538 0.23761765325331 1.78570482816813 1.32666692572025 -0.0927300444304617 0.594697144159441 4.51637977013196 13.8948257145913 1.48374167032714 -17.7115514211876 -12.5584815221645 2.62567526075322 13.0460968488111 0 18.4724600017641 9.05416622536917 -0.874160631966852 0 -0.406055964089956 -1.52048759140097 -1.64466012438976 -1.77855653046097 -1.54860505999467 0.0967945445733119 1.74054222448754 0.892010547636082 
2.56867406407972 -9.6165230449366 2.45638438973407 1.40910596987657 0 1.95706877033555 3.84524594240135 15.4949412051565 2.63063078889653 0 13.2468209899947 0.595608745978963 -0.731484372127561 0 0.860422585560206 -0.232520326731037 0 0.344477159727587 0.636881039434523 0 0.594697144159441 4.51637977013196 -17.7299109090725 -16.5850135650416 0 7.20691330647418 17.6326684363338 13.6727642035916 16.2473004009562 0 17.4242149374561 -0.874160631966852 0 -0.0707014139139566 2.26721421987154 -0.221321241404545 1.46405320403355 -1.31298889797786 0.461214881078906 -0.462485380686114 0 
2.56815212743496 -9.6165230449366 2.13387962721003 1.40910596987657 0 0 2.6688089067204 16.3129016738445 2.06952411451821 -0.307268424195828 14.3290552097974 0.595608745978963 0 0 0.860422585560206 0.495501579947538 0.156824591135059 0 0.0348374208783905 -0.560845573437794 0.594697144159441 4.51637977013196 -17.7299109090725 5.43270056668329 0 10.4952098105546 17.6326684363338 13.4346862329797 0 18.4724600017641 17.4242149374561 -0.874160631966852 0 -0.230153424074013 2.26721421987154 0 1.46405320403355 -1.3239385954309 0.855582403072893 1.74054222448754 0 
2.57009741187275 -8.20008195107807 -13.1939307852853 -1.87600797611568 9.0056994075215 3.11781161430656 -4.17879500686135 1.73030284407097 13.9025432355248 0.617433711987656 18.0017163031743 1.09673194805939 -0.539393036509581 0 -0.619922678596304 0.495501579947538 0 -0.612077079500107 1.11344635326576 -0.263169920194508 0.594697144159441 1.6179865369657 15.9200203152699 -13.8402736158298 7.11130042519015 15.718997639799 -1.88031982613277 15.8907709634354 16.864833427763 1.56924623175023 -2.44195183666514 2.41127853459272 -0.322572452990605 0.703095850154337 -0.263426238784299 0.368912837034516 -1.81739824908664 -2.1462855056982 1.56864669752244 0 -0.044609132243604 
2.56988634506748 -9.6165230449366 -12.6065675134801 8.0834817620383 3.39300922252844 17.3482750343849 15.6554774553541 -0.0771754043536146 19.3124487819674 0 14.3290552097974 0.595608745978963 0 0.516109605541504 1.48790800912208 0 -0.475882462382262 1.78570482816813 1.21922591098548 0 0.594697144159441 4.51637977013196 -1.87978522269045 0.58477505190986 -13.1164008998854 7.20691330647418 1.24519768417589 19.4777762421769 1.03424918886006 0 17.4242149374561 -0.874160631966852 -0.23258512202305 -0.960433059218541 0 -0.221321241404545 -2.41878447859026 -1.46783191220268 0 -0.462485380686114 0 
2.56988634506748 -19.6061065236368 5.75512571609818 8.0834817620383 0.560331688663145 21.2687917057279 3.82697485749469 -0.0771754043536146 19.9770825323309 2.84413004202961 0.00548789510758961 -0.699111080644238 0.75899016615422 0.516109605541504 0.860422585560206 -0.155102175090044 0.867401597927046 1.78570482816813 1.21922591098548 0.88817023583137 0.252594015711264 0 0 -2.8712082465278 2.743492905583 -21.5882046992836 18.96162224494 17.3993106021543 16.3056339526808 -18.8818193501243 9.71817587954838 1.97945172897515 0 -0.667678957184627 -0.360016824197963 -0.672353881924578 2.29791148500885 -1.70862130471907 0.581065051635292 -1.56857905900505 0.892010547636082 
2.56988634506748 -9.6165230449366 1.68475647714676 14.2524333333841 0 3.22595562870892 -4.17879500686135 -0.0771754043536146 10.8199533856101 0.617433711987656 14.3290552097974 0.595608745978963 1.48228125156941 0 0.828666320130539 0.507067203850982 0 1.78570482816813 1.27771223947765 -0.263169920194508 0.594697144159441 4.51637977013196 -1.87978522269045 4.4710669780481 -13.1164008998854 -6.29944497058142 20.4858299084407 19.4777762421769 17.6076137760457 7.65148613958223 14.5378714867578 -0.874160631966852 -0.23258512202305 -0.676888563985419 0 -1.17319025289882 2.16036358673142 -1.46783191220268 0.461214881078906 0.627150817041821 -0.85473623539076 
1.57142565333233 -9.6165230449366 3.94357362014408 -10.3638491455297 0 -1.08082340018862 7.10761847799067 12.7032875608202 1.18992964191825 2.13057574472883 15.2766814170762 0.595608745978963 0 0 0.860422585560206 0.495501579947538 0 0 -0.214771262060279 1.00382431120324 0.591217487878733 -17.9936584914074 13.8948257145913 0 -13.1164008998854 8.32330224701357 0 17.3993106021543 0 17.4787599502498 0 -1.77381643269854 0.154148438924061 -0.30580772753144 0 -0.15581531693964 -2.3833204258435 -1.70862130471907 0.855582403072893 2.07343373751893 -0.044609132243604 
2.56988634506748 -18.6403752552533 5.75512571609818 8.0834817620383 0 0 3.82697485749469 -0.0771754043536146 19.9770825323309 0 14.3290552097974 -0.699111080644238 0.75899016615422 0.516109605541504 0.860422585560206 0.495501579947538 0.867401597927046 1.78570482816813 1.21922591098548 1.55277195365763 0.42169452054505 3.99454721535768 -1.87978522269045 0.546975062460161 5.4091972417241 -9.44131235542768 16.6679209721358 17.3993106021543 12.1710886847326 2.7954618366414 12.1851239914937 1.77047438810602 -0.23258512202305 -0.794477282801865 0 -1.64466012438976 1.89857760578793 -1.70862130471907 1.24731530248994 0 0.892010547636082 
2.5694115145838 -15.1649440523074 5.75512571609818 8.0834817620383 0 21.2687917057279 3.82697485749469 -0.0771754043536146 22.6333323081878 2.84413004202961 -4.84609227548171 -0.667015781936709 0.75899016615422 0.516109605541504 0.860422585560206 0.366502849043581 0.867401597927046 1.78570482816813 1.21922591098548 0.88817023583137 -0.555537694387854 4.51637977013196 -17.7299109090725 -16.539486076934 0 12.2200231809728 16.6679209721358 17.3993106021543 16.2473004009562 -18.8818193501243 12.1851239914937 -0.874160631966852 0 0 2.26721421987154 0 1.89857760578793 -1.70862130471907 0.461214881078906 -1.56857905900505 0.892010547636082 
2.56988634506748 -19.6061065236368 5.15372766144747 8.0834817620383 0 21.2687917057279 3.82697485749469 -0.0771754043536146 19.9770825323309 2.84413004202961 0.00548789510758961 -0.699111080644238 0.458565329782928 0.516109605541504 0.860422585560206 0.366502849043581 0.867401597927046 1.78570482816813 1.21922591098548 0.88817023583137 0.252594015711264 0 0 -2.8712082465278 0 -21.5882046992836 18.96162224494 17.3993106021543 10.0467394912833 -18.8818193501243 9.71817587954838 1.97945172897515 -0.0822749015420093 -0.667678957184627 0 -0.672353881924578 2.29791148500885 -1.70862130471907 -0.00272511171769591 -1.56857905900505 0.892010547636082 
2.56988634506748 -9.6165230449366 -12.6065675134801 4.05220477541546 0 17.3482750343849 10.3223563201364 2.77723446617705 2.06952411451821 -1.90690950742313 14.3290552097974 0.595608745978963 0 -0.237615728470318 0.860422585560206 0 -0.354072984398377 -0.0900088604958769 0.0348374208783905 -0.901204284895772 0.594697144159441 -7.97975425980042 -17.7299109090725 -16.539486076934 0 14.9860957893478 3.13085404973517 11.736142372124 20.1175014624686 7.65148613958223 9.71817587954838 0 0 0 2.26721421987154 0 -1.81739824908664 -2.01234856421703 0.581065051635292 0 0.288980994852717 
2.56962366136775 -12.8718234960324 1.68475647714676 0 -0.345942022742677 21.2687917057279 3.82697485749469 -0.0771754043536146 13.9025432355248 2.84413004202961 19.3116124325952 -1.49777657787212 1.48228125156941 0.670185510860842 0.586827653109481 0.366502849043581 0.867401597927046 1.78570482816813 1.11344635326576 0.88817023583137 0.804120991008413 0 0 -5.20686073054413 5.4091972417241 15.718997639799 0 17.3993106021543 10.0467394912833 2.7954618366414 9.71817587954838 1.97945172897515 -0.37509373790356 -0.667678957184627 0 0.368912837034516 -1.81739824908664 -1.70862130471907 -0.00272511171769591 0 0.892010547636082 
2.56914921254709 -19.6061065236368 3.19567573822368 8.0834817620383 13.4998563867527 21.2687917057279 10.3223563201364 -0.0771754043536146 19.9770825323309 0 14.3290552097974 -0.699111080644238 0.75899016615422 0.516109605541504 -1.81606044686216 0.366502849043581 -0.354072984398377 1.78570482816813 1.21922591098548 1.456729500078 0.42169452054505 4.51637977013196 0 0 0 -21.5882046992836 17.6326684363338 17.3993106021543 10.0467394912833 -18.8818193501243 9.71817587954838 -0.874160631966852 0 -0.667678957184627 0 -0.672353881924578 1.46405320403355 -1.70862130471907 -0.00272511171769591 -1.56857905900505 0.892010547636082 
2.56914921254709 -15.9499448808841 3.19567573822368 3.23005655930846 9.92576415565599 21.2687917057279 10.3223563201364 -0.0771754043536146 19.3124487819674 0 14.3290552097974 -1.2645488068762 0.75899016615422 1.20186968389986 -1.67991403906602 0.366502849043581 -0.4685893375094 1.78570482816813 1.21922591098548 1.456729500078 0.42169452054505 4.51637977013196 0 0 11.1467071403268 10.4952098105546 14.7024857542023 17.3993106021543 10.0467394912833 -18.8818193501243 9.71817587954838 -0.874160631966852 -0.37509373790356 -0.667678957184627 0.106590449701338 0 1.21376743829053 -1.70862130471907 -0.00272511171769591 -1.56857905900505 0.892010547636082 
0 -9.6165230449366 3.94357362014408 8.0834817620383 0 0 3.84524594240135 -0.167728383358441 19.9770825323309 0 15.2766814170762 0.595608745978963 0 0.516109605541504 0.860422585560206 0.495501579947538 0 1.78570482816813 1.21922591098548 1.55277195365763 0.591217487878733 -17.9936584914074 -1.87978522269045 0.546975062460161 -13.1164008998854 -9.44131235542768 17.6326684363338 17.2075701023953 16.2473004009562 7.65148613958223 12.1851239914937 -1.77381643269854 -0.23258512202305 -0.794477282801865 0 -1.64466012438976 1.46405320403355 -1.79222927461948 0.461214881078906 0.627150817041821 0.892010547636082 
2.56893598292203 -10.2433165712949 -12.6065675134801 0 0 17.3482750343849 15.0788702420326 -0.0771754043536146 18.1124276659044 0 0 0.502251116019791 0 1.47072999340982 0.860422585560206 0 0.23761765325331 1.78570482816813 1.32666692572025 -0.263169920194508 0 4.83790607617139 2.93969178709187 0.58477505190986 9.87204888857531 -18.7414049910109 18.96162224494 18.0625698732969 19.3847518097305 0.266523789203038 17.4242149374561 -0.886495653505668 0 -0.960433059218541 -0.396543582648292 0.0703606859223734 2.29791148500885 -1.61282816258856 0.581065051635292 -0.698454552999909 0 
2.56914921254709 -9.6165230449366 3.9139742347244 10.4635221123526 0.420094878911085 0 3.84524594240135 19.0058825253536 2.63063078889653 0 14.3290552097974 0.595608745978963 0 0 0.864835264400968 0.495501579947538 0 0 0.636881039434523 0 0.594697144159441 4.51637977013196 8.89517472560758 2.49123690200096 -15.1860806695586 7.20691330647418 13.4998314276337 13.0460968488111 17.5799880230241 0 0 -0.874160631966852 0.123296365590438 -1.60126942252799 -0.75604021823315 -0.221321241404545 0.831472883835189 -1.54860505999467 0 -0.462485380686114 -0.044609132243604 
2.56815212743496 -9.6165230449366 -10.6634956024417 -10.3638491455297 0 17.3482750343849 10.3223563201364 0.265651148029441 2.06952411451821 -1.90690950742313 15.2766814170762 0.595608745978963 0 0 0.860422585560206 0 -0.354072984398377 0.0889516792208662 0.0348374208783905 -0.901204284895772 0.591217487878733 -7.97975425980042 -15.1232000203911 4.4710669780481 0 10.4952098105546 0.449548227106942 3.03482256118898 18.2493584412147 7.65148613958223 9.71817587954838 0 -0.805405076972863 -0.676888563985419 2.26721421987154 0 -1.8190428004456 -0.422832221017607 1.47780048218919 0 0.288980994852717 
2.56819821463191 -9.6165230449366 -12.6065675134801 0.952987267334474 0 17.3482750343849 3.84524594240135 8.78955301444025 1.18992964191825 -1.76640889582523 14.3290552097974 0.595608745978963 0 0 0.860422585560206 0 -0.25832338604998 0 0.510160379144438 -0.46077359882685 0.594697144159441 4.51637977013196 -17.7299109090725 -16.539486076934 -17.7115514211876 10.4952098105546 1.97218097752062 10.6027032378375 20.1175014624686 18.4724600017641 17.4242149374561 -0.874160631966852 0 0 -1.52048759140097 0 -1.81043249962406 -1.03824080401018 0.581065051635292 1.74054222448754 0 
2.56793731455563 -19.6061065236368 7.29248250422184 1.04634915869513 -0.345942022742677 0 3.84524594240135 -0.0771754043536146 18.1124276659044 0 14.3290552097974 -0.699111080644238 0.493731254899749 0.687534092905714 0.586827653109481 0.495501579947538 0 1.78570482816813 1.32666692572025 1.55277195365763 0.594697144159441 4.51637977013196 6.59738199279987 0 0 13.0024174940784 -1.10360574545507 18.0625698732969 19.3847518097305 -1.55922105608472 17.4242149374561 -0.874160631966852 0 -0.30580772753144 0 1.06894400299943 -1.07999967299402 -1.61282816258856 0.581065051635292 0.031732575051362 0 
2.56793731455563 -9.6165230449366 2.13387962721003 0 0.0724695343396019 20.6987300766626 -4.17879500686135 -0.0771754043536146 18.1124276659044 0.617433711987656 14.3290552097974 0.595608745978963 0 0 1.48790800912208 -0.341357406546062 0.423512798093032 1.78570482816813 1.32666692572025 -0.263169920194508 0.594697144159441 4.51637977013196 13.8948257145913 5.43270056668329 7.11130042519015 15.718997639799 2.62567526075322 13.0460968488111 0 1.58678779503647 -2.44195183666514 -0.874160631966852 0 -0.230153424074013 -0.263426238784299 0.0951394516300129 -1.9433399099034 -1.54860505999467 0.855582403072893 -0.462485380686114 -0.044609132243604 
2.56793731455563 -9.6165230449366 2.13387962721003 14.2524333333841 0 17.3482750343849 10.3223563201364 -0.0771754043536146 18.1124276659044 -1.90690950742313 14.3290552097974 0.595608745978963 -0.362055930850122 0.557846121330674 0.860422585560206 0.176833852234685 -0.909764592614846 1.78570482816813 1.32666692572025 -0.901204284895772 0.594697144159441 -7.97975425980042 17.2431554610576 5.43270056668329 0 -18.7414049910109 -2.48193865359385 13.0460968488111 18.2493584412147 1.58678779503647 9.71817587954838 0 -0.546556419770492 -0.230153424074013 2.26721421987154 -0.630323748062515 -1.8190428004456 -1.54860505999467 1.47780048218919 -0.462485380686114 0.288980994852717 
0 -9.6165230449366 7.29248250422184 -10.3638491455297 0 0 2.82187173304701 -0.0771754043536146 2.06952411451821 0 15.2766814170762 0.595608745978963 0.493731254899749 0 0.860422585560206 0.495501579947538 0.79409043040317 1.78570482816813 0.0348374208783905 1.55277195365763 0.591217487878733 -17.9936584914074 13.8948257145913 0 0 15.718997639799 3.13085404973517 18.0625698732969 19.3847518097305 -1.55922105608472 -4.22133633644382 -1.77381643269854 0 -0.30580772753144 2.26721421987154 0.368912837034516 -1.81739824908664 -1.61282816258856 0.581065051635292 0.031732575051362 -0.044609132243604 
0 -9.6165230449366 1.68475647714676 0 0 3.22595562870892 -4.17879500686135 -0.0771754043536146 1.18992964191825 -0.307268424195828 14.3290552097974 0.595608745978963 1.48228125156941 -0.350463444455743 0.828666320130539 0.507067203850982 0 1.78570482816813 0.510160379144438 -0.560845573437794 0.594697144159441 17.8765355828575 19.5161355920677 4.75644002943599 -13.1164008998854 -6.29944497058142 3.13085404973517 19.4777762421769 19.3847518097305 7.65148613958223 14.5378714867578 0.317181885650932 0.72311685530614 -0.388893530442796 0 -1.17319025289882 -1.81739824908664 -1.46783191220268 0.581065051635292 0 -0.85473623539076 
0 -9.6165230449366 2.13387962721003 14.2524333333841 0.0724695343396019 0 2.82187173304701 -0.0771754043536146 2.06952411451821 -3.50348348256828 14.3290552097974 0.595608745978963 -0.362055930850122 0.557846121330674 1.48790800912208 0.495501579947538 0.79409043040317 1.78570482816813 0.0348374208783905 -0.0927300444304617 0.594697144159441 4.51637977013196 17.2431554610576 0 9.08221915638178 -18.7414049910109 2.62567526075322 -2.05287800014619 0 1.58678779503647 9.05416622536917 -0.874160631966852 -0.546556419770492 -0.667678957184627 -0.0593000749029685 -0.630323748062515 -1.77855653046097 -1.9524874333071 0.855582403072893 -0.462485380686114 0.892010547636082 
0 -9.6165230449366 7.30142838116802 8.0834817620383 17.4451060860628 17.7051188946725 2.82187173304701 -0.0771754043536146 1.18992964191825 -0.307268424195828 14.3290552097974 0.595608745978963 0.0356107136772995 0.516109605541504 1.11915983826349 0.366502849043581 0.79409043040317 1.78570482816813 -0.263255857053798 -0.560845573437794 0.594697144159441 4.51637977013196 19.5161355920677 0.58477505190986 -13.1164008998854 10.4952098105546 17.6326684363338 13.0460968488111 17.5799880230241 -18.8818193501243 17.4242149374561 -0.874160631966852 0.72311685530614 -0.960433059218541 0 0 1.46405320403355 -1.54860505999467 0 -1.56857905900505 0 
2.57109798855871 -9.6165230449366 7.30142838116802 1.40910596987657 0 0 3.84524594240135 12.7032875608202 1.18992964191825 0 14.3290552097974 0.595608745978963 0.0356107136772995 0 0.860422585560206 0.577306153405135 0 0 -0.263255857053798 0 0.594697144159441 4.51637977013196 -1.87978522269045 0 9.08221915638178 10.4952098105546 17.6326684363338 -2.05287800014619 0 2.7954618366414 17.4242149374561 -0.874160631966852 -0.23258512202305 -0.667678957184627 -0.0593000749029685 0 1.46405320403355 -1.9524874333071 0.855582403072893 0 0 
2.85377042757666 -9.6165230449366 7.30142838116802 0 7.54104370602455 0 2.82187173304701 12.7032875608202 1.18992964191825 -0.307268424195828 14.3290552097974 0.595608745978963 0.0356107136772995 1.47072999340982 0 0.495501579947538 0.79409043040317 0 -0.263255857053798 -0.560845573437794 0.594697144159441 17.8765355828575 19.5161355920677 4.75644002943599 -13.1164008998854 10.4952098105546 3.13085404973517 17.3993106021543 19.4022187426929 4.61628381703807 0 0.317181885650932 0.72311685530614 -0.388893530442796 0 0 -1.81739824908664 -1.70862130471907 1.14097616412257 -0.546751117816545 -0.044609132243604 
1.57142565333233 -9.6165230449366 5.75512571609818 3.23005655930846 0 3.11781161430656 2.82187173304701 -1.26443329754492 19.9770825323309 2.84413004202961 14.3290552097974 0.595608745978963 0.75899016615422 1.20186968389986 0.684997031141537 0.495501579947538 0.79409043040317 0.103233621894956 1.21922591098548 0.88817023583137 0.594697144159441 -17.9936584914074 0 5.43270056668329 0 -21.5882046992836 18.96162224494 13.0460968488111 0 18.4724600017641 9.71817587954838 -1.77381643269854 0 -0.230153424074013 2.26721421987154 -0.672353881924578 2.29791148500885 -1.54860505999467 0.855582403072893 1.74054222448754 0.892010547636082 
1.57142565333233 -9.6165230449366 -12.6065675134801 14.2524333333841 0 0 2.82187173304701 19.0058825253536 18.1124276659044 0 14.3290552097974 0.595608745978963 0 0.557846121330674 0.860422585560206 0.495501579947538 0.79409043040317 0 1.32666692572025 0 0.594697144159441 4.51637977013196 13.8948257145913 1.07730470631612 0 10.4952098105546 18.96162224494 13.0460968488111 19.3847518097305 1.58678779503647 -4.22133633644382 -0.874160631966852 0 -0.951575753493968 0 0 2.29791148500885 -1.54860505999467 0.581065051635292 -0.462485380686114 -0.044609132243604 
0 -7.63946444598933 2.13387962721003 14.2524333333841 7.34606078842006 12.7497409259201 3.84524594240135 12.7032875608202 2.06952411451821 0 15.2766814170762 1.01640145159159 0 0 0.76188256395137 0 0 0 0.0348374208783905 1.55277195365763 0.591217487878733 4.51637977013196 13.8948257145913 5.43270056668329 -17.4379540257333 10.4952098105546 3.13085404973517 17.3993106021543 0 18.4724600017641 0 -0.874160631966852 0 -0.230153424074013 -1.82784736913994 0 -1.81739824908664 -1.70862130471907 0.249457139638 1.74054222448754 -0.044609132243604 
1.57142565333233 -9.6165230449366 2.45638438973407 1.40910596987657 3.39300922252844 1.95706877033555 15.0788702420326 15.4949412051565 18.1124276659044 0 14.3290552097974 0.595608745978963 -0.731484372127561 0 1.48790800912208 -0.232520326731037 0.23761765325331 0.344477159727587 1.32666692572025 0 0.594697144159441 4.51637977013196 -17.7299109090725 0.989646864957012 0 7.20691330647418 17.6326684363338 13.6727642035916 0 0 17.4242149374561 -0.874160631966852 0 -0.676888563985419 2.26721421987154 -0.221321241404545 1.92629874589681 -1.31298889797786 0.249457139638 -0.462485380686114 0 
2.85206656194692 -9.6165230449366 3.94357362014408 14.2524333333841 3.39300922252844 17.7051188946725 3.84524594240135 -0.0771754043536146 18.1124276659044 0 15.2766814170762 0.595608745978963 0 0.557846121330674 1.48790800912208 0.366502849043581 0 1.78570482816813 1.32666692572025 1.55277195365763 0.591217487878733 4.51637977013196 -1.87978522269045 1.07730470631612 -13.1164008998854 -18.7414049910109 17.6326684363338 13.0460968488111 16.2473004009562 7.65148613958223 12.1851239914937 -0.874160631966852 -0.23258512202305 -0.951575753493968 0 0.0703606859223734 1.46405320403355 -1.54860505999467 0.461214881078906 0.627150817041821 0.892010547636082 
1.57142565333233 -9.6165230449366 -12.6065675134801 14.2524333333841 3.39300922252844 17.3482750343849 2.82187173304701 19.0058825253536 18.1124276659044 0 -0.247605343464578 0.595608745978963 0 0.557846121330674 1.48790800912208 0 0.79409043040317 0 1.32666692572025 1.55277195365763 -0.691457366464407 -17.9936584914074 0.944683132830394 1.07730470631612 0 -18.7414049910109 3.13085404973517 13.0460968488111 0 2.7954618366414 -4.22133633644382 -1.77381643269854 0.705865813962121 -0.951575753493968 2.26721421987154 0.0703606859223734 -1.81739824908664 -1.54860505999467 0.855582403072893 0.256481619731747 -0.044609132243604 
2.57225002648302 -19.6061065236368 7.29248250422184 0 -0.345942022742677 0 3.84524594240135 -0.768191344718538 0.0801325910399354 -0.173089663974517 14.3290552097974 -0.699111080644238 0.493731254899749 0 0.586827653109481 0.495501579947538 0.551798150181676 0.944668250719397 0.45396995378843 -0.0716119144864436 0.594697144159441 4.51637977013196 13.8948257145913 0 0 14.9860957893478 17.6326684363338 17.3993106021543 0 1.01287162700336 9.71817587954838 -0.874160631966852 0 -0.30580772753144 0 0 1.46405320403355 -1.70862130471907 0.855582403072893 -1.13195885704456 0.288980994852717 
2.57014966626553 -9.6165230449366 2.13387962721003 0.0613517483050711 0 17.3482750343849 10.3223563201364 2.77723446617705 2.06952411451821 0 14.3290552097974 0.595608745978963 0 -0.237615728470318 0.860422585560206 0 -0.354072984398377 -0.0900088604958769 0.0348374208783905 0 0.594697144159441 4.51637977013196 -17.7299109090725 -16.539486076934 0 14.9860957893478 17.6326684363338 11.736142372124 16.2473004009562 0 9.71817587954838 -0.874160631966852 0 0 2.26721421987154 0 1.46405320403355 -2.01234856421703 0.461214881078906 -0.462485380686114 0.288980994852717 
2.571571100989 -8.20008195107807 -12.6065675134801 14.2524333333841 -2.80236759679502 0 3.84524594240135 14.3219155197134 8.71017002361369 0 14.3290552097974 1.09673194805939 0 0 0.270073072374833 0.495501579947538 0 -0.582755150498243 1.27771223947765 1.55277195365763 0.594697144159441 4.51637977013196 -1.87978522269045 0.546975062460161 -14.3428558916519 -9.44131235542768 20.4858299084407 19.4777762421769 16.2473004009562 7.65148613958223 17.4242149374561 -0.874160631966852 -0.23258512202305 -0.794477282801865 0.335774360576539 -1.64466012438976 2.16036358673142 -1.46783191220268 0.417506059793525 0.627150817041821 0 
2.3414656044798 -9.6165230449366 3.9139742347244 14.2524333333841 0.420094878911085 0 3.84524594240135 19.0058825253536 1.18992964191825 0 14.3290552097974 0.595608745978963 0 0 0.864835264400968 0.577306153405135 0 0 -0.263255857053798 0 0.594697144159441 4.51637977013196 8.89517472560758 5.43270056668329 -15.1860806695586 10.4952098105546 17.6326684363338 13.0460968488111 0 0 17.4242149374561 -0.874160631966852 0.123296365590438 -0.230153424074013 -0.75604021823315 0 1.46405320403355 -1.54860505999467 0.855582403072893 -0.462485380686114 0 
2.56936161289018 -12.8718234960324 1.68475647714676 0 0 21.2687917057279 15.0788702420326 -0.0771754043536146 18.1124276659044 0 19.3116124325952 -1.49777657787212 1.48228125156941 0 0.860422585560206 0.366502849043581 0.23761765325331 1.78570482816813 1.32666692572025 2.11694668600194 0.804120991008413 4.83790607617139 0 0.58477505190986 9.87204888857531 15.718997639799 0 17.3993106021543 19.3847518097305 2.7954618366414 9.71817587954838 -0.886495653505668 -0.37509373790356 -0.960433059218541 -0.396543582648292 0.368912837034516 -1.81739824908664 -1.70862130471907 0.581065051635292 0 0.892010547636082 
2.57036047570913 -19.6061065236368 -12.6065675134801 8.0834817620383 17.4451060860628 0 3.84524594240135 -0.0771754043536146 19.9770825323309 0 17.0641177259684 -0.699111080644238 0 0.516109605541504 1.11915983826349 0.495501579947538 0 1.78570482816813 1.21922591098548 1.55277195365763 0.0791987948115911 4.51637977013196 -1.87978522269045 0.546975062460161 -13.1164008998854 -9.44131235542768 17.6326684363338 19.4777762421769 16.2473004009562 7.65148613958223 12.1851239914937 -0.874160631966852 -0.23258512202305 -0.794477282801865 0 -1.64466012438976 1.46405320403355 -1.46783191220268 0.461214881078906 0.627150817041821 0.892010547636082 
0 -19.6061065236368 2.13387962721003 -9.24536340117704 0 21.2687917057279 3.84524594240135 -0.0771754043536146 -4.1896875976304 0 14.3290552097974 -0.699111080644238 0 0.3850713211601 1.39766068347621 0.366502849043581 0 1.78570482816813 0.0822400436514243 1.55277195365763 0.594697144159441 4.51637977013196 -17.7299109090725 0 0 13.0024174940784 17.6326684363338 18.0625698732969 0 -1.55922105608472 17.4242149374561 -0.874160631966852 0 -0.30580772753144 0 1.06894400299943 1.92629874589681 -1.61282816258856 0.249457139638 0.031732575051362 0 
0 -9.6165230449366 2.13387962721003 3.23005655930846 0 0 3.84524594240135 -0.0771754043536146 2.06952411451821 2.84413004202961 14.3290552097974 0.595608745978963 0 1.20186968389986 0.860422585560206 0.495501579947538 0 1.78570482816813 0.0348374208783905 0.88817023583137 0.42169452054505 4.51637977013196 -17.7299109090725 4.4710669780481 0 10.4952098105546 17.6326684363338 17.3993106021543 10.0467394912833 -18.8818193501243 9.71817587954838 -0.874160631966852 0 -0.676888563985419 2.26721421987154 0 1.46405320403355 -1.70862130471907 -0.00272511171769591 -1.56857905900505 0.892010547636082 
2.57036047570913 -9.6165230449366 5.75512571609818 3.23005655930846 -3.84526293526649 21.2687917057279 15.0788702420326 -0.0771754043536146 19.9770825323309 -0.0698750087152584 -0.247605343464578 0.595608745978963 0.75899016615422 1.20186968389986 0.149169282824346 -0.155102175090044 0.23761765325331 1.78570482816813 1.21922591098548 -0.263169920194508 -0.691457366464407 4.51637977013196 0.944683132830394 -2.8712082465278 5.4091972417241 -18.7414049910109 0 17.3993106021543 10.0467394912833 2.7954618366414 13.5468737937263 -0.874160631966852 0.705865813962121 -0.667678957184627 -0.493103477458052 0.0703606859223734 -1.81739824908664 -1.70862130471907 -0.00272511171769591 0.256481619731747 -0.390935229217138 
2.56988634506748 -19.6061065236368 5.75512571609818 8.0834817620383 0 21.2687917057279 3.82697485749469 -0.0771754043536146 19.9770825323309 5.2824564804707 0.00548789510758961 -0.699111080644238 0.75899016615422 0.516109605541504 0.860422585560206 0.366502849043581 0.867401597927046 1.78570482816813 1.21922591098548 0.88817023583137 0.252594015711264 4.51637977013196 0 4.4710669780481 0 10.4952098105546 18.96162224494 17.3993106021543 22.2941399634788 -18.8818193501243 5.20655095102571 -0.874160631966852 0 -0.676888563985419 0 0 2.29791148500885 -1.70862130471907 0.202662050725269 -1.56857905900505 0.421053572102009 
2.57036047570913 -15.1649440523074 5.75512571609818 3.23005655930846 0 3.11781161430656 3.82697485749469 -0.0771754043536146 19.9770825323309 2.84413004202961 14.3290552097974 -0.667015781936709 0.75899016615422 1.20186968389986 0.860422585560206 0.495501579947538 0.867401597927046 1.78570482816813 1.21922591098548 0.88817023583137 0.594697144159441 4.51637977013196 -17.7299109090725 -5.22881116407402 0 -21.5882046992836 17.6326684363338 17.3993106021543 19.3847518097305 -18.8818193501243 17.4242149374561 -0.874160631966852 0 -0.667678957184627 2.26721421987154 -0.672353881924578 1.46405320403355 -1.70862130471907 0.581065051635292 -1.56857905900505 0 
1.57142565333233 -9.6165230449366 -12.6065675134801 14.2524333333841 0 17.3482750343849 3.84524594240135 19.0058825253536 18.1124276659044 -1.76640889582523 14.3290552097974 0.595608745978963 0 0.557846121330674 0.860422585560206 0 -0.25832338604998 0 1.32666692572025 -0.46077359882685 0.594697144159441 4.51637977013196 8.89517472560758 1.07730470631612 3.14043757940663 -18.7414049910109 0 13.0460968488111 17.5799880230241 4.61628381703807 0 -0.874160631966852 0.123296365590438 -0.951575753493968 0.362459069929299 0.0703606859223734 -1.81739824908664 -1.54860505999467 0 -0.546751117816545 -0.044609132243604 
2.56793731455563 -9.6165230449366 3.94357362014408 14.2524333333841 0 17.7051188946725 10.3223563201364 -0.0771754043536146 18.1124276659044 -1.90690950742313 14.3290552097974 0.595608745978963 0 0.557846121330674 0.860422585560206 0.366502849043581 -0.354072984398377 1.78570482816813 1.32666692572025 -0.901204284895772 0.594697144159441 4.51637977013196 -17.7299109090725 5.43270056668329 0 -18.7414049910109 17.6326684363338 13.0460968488111 18.2493584412147 -18.8818193501243 9.71817587954838 -0.874160631966852 0 -0.230153424074013 2.26721421987154 -0.630323748062515 1.46405320403355 -1.54860505999467 1.47780048218919 -1.56857905900505 0.288980994852717 
2.56793731455563 -9.6165230449366 2.13387962721003 14.2524333333841 0 0 15.0788702420326 -0.0771754043536146 18.1124276659044 0 14.3290552097974 0.595608745978963 0 0.557846121330674 0.860422585560206 0.495501579947538 0.23761765325331 1.78570482816813 1.32666692572025 0 0.594697144159441 4.51637977013196 13.8948257145913 0 9.08221915638178 10.4952098105546 18.96162224494 13.0460968488111 19.3847518097305 1.58678779503647 9.05416622536917 -0.874160631966852 0 -0.667678957184627 -0.0593000749029685 0 2.29791148500885 -1.54860505999467 0.581065051635292 -0.462485380686114 0.892010547636082 
1.57142565333233 -8.20008195107807 -13.1939307852853 -1.87600797611568 9.0056994075215 12.7497409259201 -4.17879500686135 -0.0771754043536146 19.9770825323309 0.617433711987656 18.0017163031743 1.09673194805939 -0.539393036509581 0 -0.619922678596304 0 0 1.78570482816813 1.21922591098548 -0.263169920194508 0.594697144159441 -17.9936584914074 13.8948257145913 -13.8402736158298 0 12.2200231809728 -1.88031982613277 15.8907709634354 0 1.56924623175023 -4.22133633644382 -1.77381643269854 0 0.703095850154337 2.26721421987154 0 -1.81739824908664 -1.4517230792957 0.855582403072893 0 -0.044609132243604 
2.57036047570913 -9.6165230449366 2.13387962721003 14.2524333333841 0.0724695343396019 3.11781161430656 3.82697485749469 -0.0771754043536146 19.9770825323309 0 14.3290552097974 0.595608745978963 0 0.557846121330674 1.48790800912208 0.495501579947538 0.867401597927046 1.78570482816813 1.21922591098548 1.55277195365763 0.594697144159441 4.51637977013196 -1.87978522269045 0.546975062460161 -17.7115514211876 -9.44131235542768 16.6679209721358 17.3993106021543 0 2.7954618366414 12.1851239914937 -0.874160631966852 -0.23258512202305 -0.794477282801865 -1.52048759140097 -1.64466012438976 1.89857760578793 -1.70862130471907 0.0967945445733119 0 0.892010547636082 
2.33562126158932 -9.6165230449366 7.30142838116802 0 0 0 3.84524594240135 12.7032875608202 2.63063078889653 -0.307268424195828 14.3290552097974 0.595608745978963 0.0356107136772995 -0.350463444455743 0.860422585560206 0.495501579947538 0 0 0.636881039434523 -0.560845573437794 0.594697144159441 4.51637977013196 19.5161355920677 -16.5850135650416 -13.1164008998854 10.4952098105546 17.6326684363338 13.6727642035916 16.2473004009562 0 0 -0.874160631966852 0.72311685530614 -0.0707014139139566 0 0 1.46405320403355 -1.31298889797786 0.461214881078906 -0.462485380686114 -0.044609132243604 
1.57142565333233 -9.6165230449366 -11.5656656547522 14.2524333333841 -2.80236759679502 0 3.84524594240135 16.3129016738445 8.71017002361369 -0.307268424195828 14.3290552097974 0.595608745978963 -0.056031886057943 0 0.270073072374833 0.495501579947538 0 0 1.27771223947765 -0.560845573437794 0.594697144159441 4.51637977013196 -17.7299109090725 0.546975062460161 -14.3428558916519 -9.44131235542768 20.4858299084407 19.4777762421769 0 18.4724600017641 17.4242149374561 -0.874160631966852 0 -0.794477282801865 0.335774360576539 -1.64466012438976 2.16036358673142 -1.46783191220268 0.855582403072893 1.74054222448754 0 
2.56914921254709 -8.20008195107807 -13.1939307852853 -1.87600797611568 0 0 3.84524594240135 -1.26443329754492 19.9770825323309 0.617433711987656 15.2766814170762 1.09673194805939 -0.539393036509581 0 0.860422585560206 0.495501579947538 0 0.103233621894956 1.21922591098548 -0.263169920194508 0.591217487878733 -17.9936584914074 -1.87978522269045 0.546975062460161 -13.1164008998854 15.718997639799 17.6326684363338 15.8907709634354 16.864833427763 1.56924623175023 12.1851239914937 -1.77381643269854 -0.23258512202305 -0.794477282801865 0 0.368912837034516 1.46405320403355 -1.4517230792957 1.56864669752244 0 0.892010547636082 
2.56988634506748 -9.6165230449366 -12.6065675134801 8.0834817620383 3.39300922252844 17.3482750343849 3.84524594240135 -0.0771754043536146 19.3124487819674 0 15.2766814170762 0.595608745978963 0 0.516109605541504 1.48790800912208 0 0 1.78570482816813 1.21922591098548 0 0.591217487878733 4.51637977013196 -1.87978522269045 0.546975062460161 -13.1164008998854 7.20691330647418 17.6326684363338 17.3993106021543 16.2473004009562 7.65148613958223 12.1851239914937 -0.874160631966852 -0.23258512202305 -0.794477282801865 0 -0.221321241404545 1.46405320403355 -1.70862130471907 0.461214881078906 0.627150817041821 0.892010547636082 
2.56988634506748 -19.6061065236368 3.19567573822368 8.0834817620383 9.92576415565599 21.2687917057279 10.3223563201364 -0.0771754043536146 19.9770825323309 2.84413004202961 0.00548789510758961 -0.699111080644238 0.75899016615422 0.516109605541504 -1.67991403906602 0.366502849043581 -0.354072984398377 1.78570482816813 1.21922591098548 0.88817023583137 0.252594015711264 0 0 0 0 -21.5882046992836 17.6326684363338 17.3993106021543 16.3056339526808 -18.8818193501243 9.71817587954838 1.97945172897515 0 -0.667678957184627 0 -0.672353881924578 1.46405320403355 -1.70862130471907 0.581065051635292 -1.56857905900505 0.892010547636082 
0 -9.6165230449366 2.13387962721003 14.2524333333841 0 3.22595562870892 -4.17879500686135 -0.0771754043536146 7.17129616400753 0.617433711987656 14.3290552097974 0.595608745978963 0 0 0.828666320130539 0.507067203850982 0 1.78570482816813 1.27771223947765 -0.263169920194508 0.594697144159441 4.51637977013196 13.8948257145913 5.43270056668329 -13.1164008998854 -6.29944497058142 20.4858299084407 19.4777762421769 0 1.58678779503647 -2.44195183666514 -0.874160631966852 0 -0.230153424074013 0 -1.17319025289882 2.16036358673142 -1.46783191220268 0.855582403072893 -0.462485380686114 -0.044609132243604 
2.85192470322279 -9.6165230449366 7.30142838116802 -10.3638491455297 0 0 2.82187173304701 12.7032875608202 1.18992964191825 0 14.3290552097974 0.595608745978963 0.0356107136772995 0 0.860422585560206 0.495501579947538 0.79409043040317 0 0.510160379144438 1.55277195365763 0.594697144159441 17.8765355828575 19.5161355920677 0 -13.1164008998854 10.4952098105546 0 17.3993106021543 19.3847518097305 18.4724600017641 0 0.317181885650932 0.72311685530614 -0.30580772753144 0 0 -2.3833204258435 -1.70862130471907 0.581065051635292 1.74054222448754 -0.044609132243604 
2.56914921254709 -9.6165230449366 3.94357362014408 8.0834817620383 0 0 3.84524594240135 -0.0771754043536146 19.9770825323309 0 15.2766814170762 0.595608745978963 0 0.516109605541504 0.860422585560206 0.495501579947538 0 1.78570482816813 1.21922591098548 1.55277195365763 0.591217487878733 0 -1.87978522269045 0.546975062460161 -13.1164008998854 -9.44131235542768 16.6679209721358 17.3993106021543 16.2473004009562 2.7954618366414 12.1851239914937 1.97945172897515 -0.23258512202305 -0.794477282801865 0 -1.64466012438976 1.89857760578793 -1.70862130471907 0.461214881078906 0 0.892010547636082 
2.56988634506748 -15.1649440523074 5.75512571609818 8.0834817620383 0 21.2687917057279 3.82697485749469 -0.0771754043536146 19.9770825323309 2.84413004202961 -4.84609227548171 -0.667015781936709 0.75899016615422 0.516109605541504 0.860422585560206 0.366502849043581 0.867401597927046 1.78570482816813 1.21922591098548 0.88817023583137 -0.555537694387854 4.51637977013196 -17.7299109090725 -16.539486076934 0 12.2200231809728 17.6326684363338 17.3993106021543 10.0467394912833 -18.8818193501243 12.1851239914937 -0.874160631966852 0 0 2.26721421987154 0 1.46405320403355 -1.70862130471907 -0.00272511171769591 -1.56857905900505 0.892010547636082 
2.56988634506748 -19.6061065236368 5.75512571609818 8.0834817620383 0 21.2687917057279 3.82697485749469 -0.0771754043536146 19.9770825323309 2.84413004202961 0.00548789510758961 -0.699111080644238 0.75899016615422 0.516109605541504 0.860422585560206 0.366502849043581 0.867401597927046 1.78570482816813 1.21922591098548 0.88817023583137 0.252594015711264 0 0 -2.8712082465278 0 -21.5882046992836 18.96162224494 17.3993106021543 10.0467394912833 -18.8818193501243 9.71817587954838 1.97945172897515 0 -0.667678957184627 0 -0.672353881924578 2.29791148500885 -1.70862130471907 -0.00272511171769591 -1.56857905900505 0.892010547636082 
2.56819821463191 -9.6165230449366 -12.6065675134801 0.0613517483050711 0 17.3482750343849 10.3223563201364 2.77723446617705 1.18992964191825 -1.76640889582523 14.3290552097974 0.595608745978963 0 -0.237615728470318 0.860422585560206 0 -0.354072984398377 -0.0900088604958769 0.510160379144438 -0.46077359882685 0.594697144159441 -7.97975425980042 8.89517472560758 -16.539486076934 -13.1164008998854 14.9860957893478 3.13085404973517 11.736142372124 20.1175014624686 4.61628381703807 9.71817587954838 0 0.123296365590438 0 0 0 -1.81739824908664 -2.01234856421703 0.581065051635292 -0.546751117816545 0.288980994852717 
2.56793731455563 -19.6061065236368 7.29248250422184 0 -0.345942022742677 21.2687917057279 3.84524594240135 -0.0771754043536146 18.1124276659044 0 14.3290552097974 -0.699111080644238 0.493731254899749 1.47072999340982 0.586827653109481 0.366502849043581 0 1.78570482816813 1.32666692572025 1.55277195365763 0.594697144159441 0 6.59738199279987 -2.8712082465278 5.4091972417241 13.0024174940784 0 18.0625698732969 10.0467394912833 -1.55922105608472 9.71817587954838 1.97945172897515 0 -0.667678957184627 0 1.06894400299943 -1.81739824908664 -1.61282816258856 -0.00272511171769591 0.031732575051362 0.892010547636082 
0 -9.6165230449366 3.19567573822368 0.891731787608811 9.92576415565599 0 10.3223563201364 19.0058825253536 1.18992964191825 0 14.3290552097974 0.975660832666634 0.75899016615422 -1.00699033537274 -1.67991403906602 0.495501579947538 -0.354072984398377 0 0.510160379144438 1.456729500078 0.42169452054505 4.51637977013196 8.89517472560758 0 -13.1164008998854 -21.5882046992836 17.6326684363338 17.3993106021543 10.0467394912833 -18.8818193501243 0 -0.874160631966852 0.123296365590438 -0.667678957184627 0 -0.672353881924578 1.46405320403355 -1.70862130471907 -0.00272511171769591 -1.56857905900505 -0.044609132243604 
0 -19.6061065236368 3.19567573822368 1.08469953911132 9.92576415565599 0 3.84524594240135 -0.0771754043536146 0.0801325910399354 0 14.3290552097974 -0.699111080644238 0.75899016615422 0.383975242461998 -1.67991403906602 0.495501579947538 0.551798150181676 1.78570482816813 0.45396995378843 1.456729500078 0.594697144159441 4.51637977013196 2.62300773946243 0 0 10.4952098105546 -1.10360574545507 17.3993106021543 10.0467394912833 1.01287162700336 9.71817587954838 -0.874160631966852 0 -0.744218633945202 0 0 -1.07999967299402 -1.70862130471907 -0.00272511171769591 -1.13195885704456 0.892010547636082 
2.57036047570913 -9.6165230449366 3.94357362014408 8.0834817620383 17.4451060860628 17.7051188946725 3.84524594240135 -0.0771754043536146 19.9770825323309 0 15.2766814170762 0.595608745978963 0 0.516109605541504 1.11915983826349 0.366502849043581 0 1.78570482816813 1.21922591098548 1.55277195365763 0.591217487878733 7.68102710548836 -17.7299109090725 0.546975062460161 0 -9.44131235542768 17.6326684363338 17.3993106021543 16.2473004009562 -18.8818193501243 12.1851239914937 -0.23366677472073 0 -0.794477282801865 0 -1.64466012438976 1.46405320403355 -1.70862130471907 0.461214881078906 -1.56857905900505 0.892010547636082 
2.56988634506748 -10.2433165712949 -12.6065675134801 0 0 3.11781161430656 15.0788702420326 -0.0771754043536146 18.1124276659044 -3.50348348256828 14.3290552097974 0.502251116019791 0 1.47072999340982 0.860422585560206 0.495501579947538 0.23761765325331 1.78570482816813 1.32666692572025 -0.0927300444304617 0.594697144159441 4.83790607617139 2.93969178709187 0.58477505190986 -17.7115514211876 -18.7414049910109 18.96162224494 13.0460968488111 0 18.4724600017641 9.05416622536917 -0.886495653505668 0 -0.960433059218541 -1.52048759140097 0.0703606859223734 2.29791148500885 -1.54860505999467 0.0967945445733119 1.74054222448754 0.892010547636082 
2.56750516746731 -15.9499448808841 3.9139742347244 14.2524333333841 0.420094878911085 21.2687917057279 3.84524594240135 -0.0771754043536146 19.3124487819674 0 14.3290552097974 -1.2645488068762 0 0 0.864835264400968 0.366502849043581 0 1.78570482816813 1.21922591098548 0 0.42169452054505 4.51637977013196 0 0 11.1467071403268 7.20691330647418 13.4998314276337 13.0460968488111 17.5799880230241 0 0 -0.874160631966852 -0.37509373790356 -0.667678957184627 0.106590449701338 -0.221321241404545 0.831472883835189 -1.54860505999467 0 -0.462485380686114 -0.044609132243604 
2.56750516746731 -19.6061065236368 -12.6065675134801 -10.3638491455297 0 17.3482750343849 10.3223563201364 -0.0771754043536146 19.3124487819674 0 15.2766814170762 -0.699111080644238 0 0 0.860422585560206 0 -0.354072984398377 1.78570482816813 1.21922591098548 0.872384626414806 0.591217487878733 4.51637977013196 -1.87978522269045 0.546975062460161 -17.0051010995429 10.4952098105546 0.449548227106942 3.03482256118898 18.2493584412147 7.65148613958223 11.8831511877864 -0.874160631966852 -0.23258512202305 -0.794477282801865 0.522010970880282 0 -1.8190428004456 -0.422832221017607 1.47780048218919 0 1.49818065958944 
2.56988634506748 -9.6165230449366 -12.6065675134801 0.952987267334474 0 0 3.84524594240135 16.3129016738445 2.06952411451821 -1.76640889582523 14.3290552097974 0.595608745978963 0 0 0.860422585560206 0.495501579947538 -0.25832338604998 0 0.0348374208783905 -0.46077359882685 0.594697144159441 4.51637977013196 -17.7299109090725 -16.539486076934 -17.7115514211876 10.4952098105546 1.97218097752062 13.4346862329797 0 18.4724600017641 17.4242149374561 -0.874160631966852 0 0 -1.52048759140097 0 -1.81043249962406 -1.3239385954309 0.855582403072893 1.74054222448754 0 
1.57142565333233 -9.6165230449366 2.13387962721003 6.71250458781724 0 0 2.82187173304701 16.16365037142 18.1124276659044 0 14.3290552097974 0.595608745978963 0 0 0.860422585560206 0.495501579947538 0.79409043040317 0 1.32666692572025 1.55277195365763 0.594697144159441 4.51637977013196 13.8948257145913 0 0 10.4952098105546 18.96162224494 10.2228014886718 19.3847518097305 -1.55922105608472 17.4242149374561 -0.874160631966852 0 -0.30580772753144 2.26721421987154 0 2.29791148500885 -1.54860505999467 0.581065051635292 0.031732575051362 0 
2.56793731455563 -9.6165230449366 2.13387962721003 0 0.0724695343396019 20.6987300766626 -4.17879500686135 -0.0771754043536146 18.1124276659044 0.617433711987656 14.3290552097974 0.595608745978963 0 0 1.48790800912208 -0.341357406546062 0 1.78570482816813 1.32666692572025 -0.263169920194508 0.594697144159441 4.51637977013196 13.8948257145913 5.43270056668329 7.11130042519015 15.718997639799 2.62567526075322 13.0460968488111 0 1.58678779503647 -2.44195183666514 -0.874160631966852 0 -0.230153424074013 -0.263426238784299 0.0951394516300129 -1.77855653046097 -1.54860505999467 0.855582403072893 -0.462485380686114 -0.044609132243604 
2.56793731455563 -9.6165230449366 3.19567573822368 14.2524333333841 0 17.3482750343849 10.3223563201364 -0.0771754043536146 18.1124276659044 -1.90690950742313 14.3290552097974 0.595608745978963 0.75899016615422 0.557846121330674 0.860422585560206 0.176833852234685 -0.354072984398377 1.78570482816813 1.32666692572025 -0.901204284895772 0.594697144159441 4.51637977013196 0 0 11.1467071403268 -18.7414049910109 14.7024857542023 13.0460968488111 18.2493584412147 1.58678779503647 9.71817587954838 -0.874160631966852 -0.37509373790356 -0.667678957184627 0.106590449701338 -0.630323748062515 1.21376743829053 -1.54860505999467 1.47780048218919 -0.462485380686114 0.288980994852717 
