100
10
2.85401682280935 -9.6165230449366 2.13387962721003 -10.3638491455297 0 12.7497409259201 2.82187173304701 19.0058825253536 2.06952411451821 0 15.2766814170762 0.595608745978963 0 0 0.860422585560206 0 0.79409043040317 0 0.0348374208783905 1.55277195365763 0.591217487878733 -17.9936584914074 13.8948257145913 5.43270056668329 0 15.718997639799 3.13085404973517 13.0460968488111 0 18.4724600017641 -4.22133633644382 -1.77381643269854 0 -0.230153424074013 2.26721421987154 0.368912837034516 -1.81739824908664 -1.54860505999467 0.855582403072893 1.74054222448754 -0.044609132243604 
2.8539132536181 -9.6165230449366 2.13387962721003 6.71250458781724 0 0 2.82187173304701 12.7032875608202 2.06952411451821 0 15.2766814170762 0.595608745978963 0 0 0.860422585560206 0.495501579947538 0.79409043040317 0 0.0348374208783905 0 0.591217487878733 4.51637977013196 13.8948257145913 0 9.08221915638178 10.4952098105546 18.96162224494 -2.05287800014619 19.3847518097305 1.58678779503647 9.05416622536917 -0.874160631966852 0 -0.667678957184627 -0.0593000749029685 0 2.29791148500885 -1.9524874333071 0.581065051635292 -0.462485380686114 0.892010547636082 
2.85377042757666 -9.6165230449366 7.30142838116802 0 7.54104370602455 0 2.82187173304701 12.7032875608202 1.18992964191825 -0.307268424195828 14.3290552097974 0.595608745978963 0.0356107136772995 1.47072999340982 0 0.495501579947538 0.79409043040317 0 -0.263255857053798 -0.560845573437794 0.594697144159441 17.8765355828575 19.5161355920677 5.43270056668329 -13.1164008998854 10.4952098105546 3.13085404973517 17.3993106021543 19.3847518097305 7.65148613958223 0 0.317181885650932 0.72311685530614 -0.230153424074013 0 0 -1.81739824908664 -1.70862130471907 0.581065051635292 0 -0.044609132243604 
1.57142565333233 -9.6165230449366 2.13387962721003 6.71250458781724 0 0 1.81343657696314 19.0058825253536 2.06952411451821 -0.307268424195828 15.2766814170762 0.595608745978963 0 0 0.860422585560206 0.495501579947538 1.53577755847749 0 0.0348374208783905 -0.560845573437794 0.591217487878733 4.51637977013196 13.8948257145913 5.43270056668329 0 10.4952098105546 4.65268917470364 13.0460968488111 0 18.4724600017641 9.05416622536917 -0.874160631966852 0 -0.230153424074013 2.26721421987154 0 -1.13653378899048 -1.54860505999467 0.855582403072893 1.74054222448754 0.892010547636082 
1.57142565333233 -7.63946444598933 3.94357362014408 14.2524333333841 0 0 3.84524594240135 14.3219155197134 7.17129616400753 0 14.3290552097974 1.01640145159159 0 0 0.860422585560206 0.495501579947538 0 -0.582755150498243 1.3990533795669 1.55277195365763 0.594697144159441 4.51637977013196 13.8948257145913 0.58477505190986 -17.7115514211876 -12.5584815221645 13.4998314276337 0 -3.85698543312353 0 0 -0.874160631966852 -0.345340259049712 -0.960433059218541 -1.52048759140097 -1.23458623270718 0.831472883835189 -0.699646122753455 0.249457139638 -0.462485380686114 -0.044609132243604 
1.57142565333233 -7.4133758172688 2.13387962721003 0.952987267334474 0 0 2.82187173304701 12.7032875608202 2.06952411451821 -3.50348348256828 14.3290552097974 0.595608745978963 0 0 0.860422585560206 0.495501579947538 0.79409043040317 0 0.0348374208783905 -0.0927300444304617 0.594697144159441 4.51637977013196 13.8948257145913 4.4710669780481 0 10.4952098105546 0 0 19.3847518097305 4.67555759729611 13.5468737937263 -0.419310119412518 0 -0.676888563985419 2.26721421987154 0 -1.77855653046097 1.44560278740041 0.581065051635292 0.113436269067897 0 
2.85189431548331 -9.6165230449366 -12.6065675134801 14.2524333333841 3.39300922252844 17.3482750343849 15.0788702420326 -0.0771754043536146 18.1124276659044 -0.0698750087152584 0 0.595608745978963 0 0.557846121330674 1.48790800912208 0 0.23761765325331 1.78570482816813 1.32666692572025 -0.263169920194508 0 4.51637977013196 0.944683132830394 1.07730470631612 3.14043757940663 -18.7414049910109 0 13.0460968488111 1.03424918886006 2.7954618366414 13.5468737937263 -0.874160631966852 0.705865813962121 -0.951575753493968 0 0.0703606859223734 -1.81739824908664 -1.54860505999467 0 0.256481619731747 0 
2.37830778866798 -9.6165230449366 -12.6065675134801 0.952987267334474 0 17.3482750343849 1.68325812715723 12.7032875608202 -4.1896875976304 -1.90690950742313 14.3290552097974 0.595608745978963 0 0 0.860422585560206 0 0.616938043100265 0 -0.546306551171609 -0.901204284895772 0.594697144159441 4.51637977013196 -17.7299109090725 -16.539486076934 -17.7115514211876 14.9860957893478 1.97218097752062 0 20.1175014624686 18.4724600017641 17.4242149374561 -0.874160631966852 0 0 -1.52048759140097 0 -1.81043249962406 -0.699646122753455 0.581065051635292 1.74054222448754 0 
2.57062417742946 -19.6061065236368 -12.6065675134801 8.0834817620383 17.4451060860628 0 3.84524594240135 -0.0771754043536146 19.3124487819674 0 14.3290552097974 -0.699111080644238 0 0.516109605541504 1.11915983826349 0.495501579947538 0 1.78570482816813 1.21922591098548 0.872384626414806 0.594697144159441 4.51637977013196 -1.87978522269045 0.546975062460161 -13.1164008998854 -9.44131235542768 17.6326684363338 19.4777762421769 16.2473004009562 7.65148613958223 12.1851239914937 -0.874160631966852 -0.23258512202305 -0.794477282801865 0 -1.64466012438976 1.46405320403355 -1.46783191220268 0.461214881078906 0.627150817041821 0.892010547636082 
0 -12.8718234960324 1.68475647714676 0 -0.345942022742677 0 -4.17879500686135 -0.0771754043536146 13.9025432355248 0 19.3116124325952 -1.49777657787212 1.48228125156941 0 0.586827653109481 0.495501579947538 0 1.97623860780906 1.11344635326576 -0.263169920194508 0.804120991008413 -19.5178733018776 13.8948257145913 -13.8402736158298 5.4091972417241 15.718997639799 0 -2.33349792500189 16.8897912313416 1.56924623175023 0 0.230423162519198 0 0.41138055101567 0 0.368912837034516 -1.81739824908664 -1.2614706856252 0.581065051635292 0 -0.735144111949552 
2.57036047570913 -9.6165230449366 3.9139742347244 0 0 0 3.84524594240135 19.0058825253536 1.18992964191825 -1.76640889582523 14.3290552097974 0.595608745978963 0 -0.350463444455743 0.860422585560206 0.495501579947538 -0.25832338604998 0 0.510160379144438 -0.46077359882685 0.594697144159441 4.51637977013196 8.89517472560758 4.75644002943599 -13.1164008998854 10.4952098105546 -3.12560128356591 13.0460968488111 17.5799880230241 4.61628381703807 0 -0.874160631966852 0.123296365590438 -0.388893530442796 0 0 -1.89486798821709 -1.54860505999467 0 -0.546751117816545 -0.044609132243604 
2.57036047570913 -9.6165230449366 5.75512571609818 3.23005655930846 0 21.2687917057279 3.82697485749469 -0.0771754043536146 19.9770825323309 2.84413004202961 14.3290552097974 0.595608745978963 0.75899016615422 1.20186968389986 0.860422585560206 -0.155102175090044 0.867401597927046 1.78570482816813 1.21922591098548 0.88817023583137 0.42169452054505 0 0 -2.8712082465278 5.4091972417241 -21.5882046992836 18.96162224494 17.3993106021543 10.0467394912833 2.7954618366414 9.71817587954838 1.97945172897515 -0.12078988608941 -0.667678957184627 0 -1.3695590271985 2.29791148500885 -1.70862130471907 -0.00272511171769591 0 0.892010547636082 
2.57036047570913 -19.9408373859668 3.19567573822368 3.23005655930846 -1.83949260930041 21.2687917057279 3.84524594240135 -0.0771754043536146 19.9770825323309 2.84413004202961 14.3290552097974 -0.0292266572449481 0.75899016615422 1.20186968389986 0.904825092668098 0.366502849043581 0 1.78570482816813 1.21922591098548 0.88817023583137 0.42169452054505 -7.70568800093871 -0.749227824504128 4.4710669780481 11.1467071403268 10.4952098105546 17.6326684363338 17.3993106021543 10.0467394912833 -18.8818193501243 9.71817587954838 0 -0.420737923225732 -0.676888563985419 -0.570597991659584 0 1.46405320403355 -1.70862130471907 -0.00272511171769591 -1.56857905900505 0.892010547636082 
2.57036047570913 -9.6165230449366 2.13387962721003 14.2524333333841 0.0724695343396019 17.3482750343849 15.0788702420326 -0.0771754043536146 18.1124276659044 -3.50348348256828 14.3290552097974 0.595608745978963 0 0.557846121330674 1.48790800912208 0.176833852234685 0.23761765325331 1.78570482816813 1.32666692572025 -0.0927300444304617 0.594697144159441 4.51637977013196 13.8948257145913 5.43270056668329 0 -18.7414049910109 2.62567526075322 13.0460968488111 0 1.58678779503647 9.05416622536917 -0.874160631966852 0 -0.230153424074013 2.26721421987154 -0.630323748062515 -1.77855653046097 -1.54860505999467 0.855582403072893 -0.462485380686114 0.892010547636082 
0 -9.6165230449366 7.30142838116802 -1.42875629916264 0 -2.37836879716644 3.84524594240135 12.7032875608202 1.18992964191825 -1.30705781563048 14.3290552097974 0.595608745978963 0.0356107136772995 0 0.860422585560206 0.537311485427111 0 0 -0.263255857053798 -0.602422650294575 0.594697144159441 4.51637977013196 19.5161355920677 0 -13.1164008998854 10.4952098105546 0 17.3993106021543 19.3847518097305 7.65148613958223 0 -0.874160631966852 0.72311685530614 -0.824825962062378 0 0 -1.81739824908664 -1.70862130471907 0.581065051635292 0 -0.044609132243604 
2.57225002648302 -19.6061065236368 7.29248250422184 0 -0.345942022742677 0 3.84524594240135 -0.768191344718538 0.0801325910399354 -4.15330321290684 14.3290552097974 -0.699111080644238 0.493731254899749 0 0.586827653109481 0.495501579947538 0.551798150181676 0.944668250719397 0.45396995378843 -0.23796808953768 0.594697144159441 4.51637977013196 2.62300773946243 0 0 14.9860957893478 -1.10360574545507 17.3993106021543 19.3847518097305 0 9.71817587954838 -0.874160631966852 0 -0.30580772753144 0 0 -1.07999967299402 -1.70862130471907 0.581065051635292 -0.462485380686114 0.288980994852717 
2.56988634506748 -19.6061065236368 5.75512571609818 8.0834817620383 0 0 3.82697485749469 -0.0771754043536146 19.9770825323309 0 14.3290552097974 -0.699111080644238 0.75899016615422 0.516109605541504 0.860422585560206 0.495501579947538 0.867401597927046 1.78570482816813 1.21922591098548 1.55277195365763 0.42169452054505 0 -1.87978522269045 0.546975062460161 5.4091972417241 -9.44131235542768 16.6679209721358 17.3993106021543 16.2473004009562 2.7954618366414 12.1851239914937 1.97945172897515 -0.23258512202305 -0.794477282801865 0 -1.64466012438976 1.89857760578793 -1.70862130471907 0.461214881078906 0 0.892010547636082 
2.56988634506748 -19.6061065236368 5.75512571609818 8.0834817620383 0 17.7051188946725 3.84524594240135 -0.0771754043536146 19.9770825323309 2.84413004202961 0.00548789510758961 -0.699111080644238 0.75899016615422 0.516109605541504 0.860422585560206 0.366502849043581 0 1.78570482816813 1.21922591098548 0.88817023583137 0.252594015711264 4.51637977013196 0 4.4710669780481 0 10.4952098105546 17.6326684363338 17.3993106021543 22.2941399634788 -18.8818193501243 5.20655095102571 -0.874160631966852 0 -0.676888563985419 0 0 1.46405320403355 -1.70862130471907 0.202662050725269 -1.56857905900505 0.421053572102009 
1.57142565333233 -9.6165230449366 1.68475647714676 8.0834817620383 0 0 -4.17879500686135 0.332899651784869 18.1124276659044 0.617433711987656 14.3290552097974 0.595608745978963 1.48228125156941 0.516109605541504 0.828666320130539 0.495501579947538 0 2.19533093765626 1.32666692572025 -0.263169920194508 0.594697144159441 4.51637977013196 13.8948257145913 4.4710669780481 0 15.718997639799 0 -1.9303565928621 19.3847518097305 18.4724600017641 14.5378714867578 -0.874160631966852 0 -0.676888563985419 0 0.368912837034516 -1.81739824908664 -0.699646122753455 0.581065051635292 1.74054222448754 -0.85473623539076 
2.56983498364486 -15.1649440523074 2.13387962721003 -9.24536340117704 0 21.2687917057279 0.885253834601144 -0.0771754043536146 19.3124487819674 -1.92777257826076 -4.84609227548171 -0.667015781936709 0 0.3850713211601 0.860422585560206 0.366502849043581 0.724671249824889 1.78570482816813 1.21922591098548 -0.516665829176393 -0.555537694387854 4.51637977013196 -17.7299109090725 0.989646864957012 9.08221915638178 12.2200231809728 17.6326684363338 17.3993106021543 0 -15.56140927326 17.4242149374561 -0.874160631966852 0 -0.676888563985419 -0.0593000749029685 0 1.92629874589681 -1.70862130471907 0.249457139638 -2.26887462749559 0 
0 -19.6061065236368 -12.6065675134801 8.0834817620383 0 0 3.84524594240135 -0.0771754043536146 16.9428322130315 0 14.3290552097974 -0.699111080644238 0 0.516109605541504 0.828666320130539 0.495501579947538 0 1.78570482816813 0.931135945339285 1.55277195365763 0.594697144159441 4.51637977013196 0 0.546975062460161 -13.1164008998854 -9.44131235542768 17.6326684363338 0 18.2493584412147 7.65148613958223 9.71817587954838 -0.874160631966852 0 -0.794477282801865 0 -1.64466012438976 1.46405320403355 -0.699646122753455 1.39163293330075 0.627150817041821 0.288980994852717 
1.57142565333233 -19.6061065236368 -0.223519362240806 3.23005655930846 9.92576415565599 21.2687917057279 10.3223563201364 -0.0771754043536146 19.3124487819674 3.94648063562181 14.3290552097974 -0.699111080644238 0.024680209804643 1.20186968389986 -1.67991403906602 0.366502849043581 -0.354072984398377 1.78570482816813 1.21922591098548 1.456729500078 0.42169452054505 4.51637977013196 0 0 11.1467071403268 -9.44131235542768 17.6326684363338 17.3993106021543 0 -22.9737566015095 9.71817587954838 -0.874160631966852 -0.37509373790356 -0.667678957184627 0.106590449701338 -1.64466012438976 1.46405320403355 -1.70862130471907 0.160673894062952 -0.432699309444381 0.892010547636082 
2.56841277967297 -15.1649440523074 2.13387962721003 0 0 19.5463641240012 3.84524594240135 -0.0771754043536146 19.3124487819674 2.84413004202961 -4.84609227548171 -0.667015781936709 0 0 0.860422585560206 0.366502849043581 0 1.78570482816813 1.21922591098548 0.88817023583137 -0.555537694387854 4.51637977013196 -17.7299109090725 -16.539486076934 0 13.159458357915 17.6326684363338 17.3993106021543 0 -18.8818193501243 17.4242149374561 -0.874160631966852 0 0 2.26721421987154 0.718540941830045 1.46405320403355 -1.70862130471907 0.249457139638 -1.56857905900505 0 
1.57142565333233 -9.6165230449366 0 3.23005655930846 -0.345942022742677 17.3482750343849 3.82697485749469 -0.0771754043536146 18.1417985884202 0 14.3290552097974 0.595608745978963 0.420435208101028 0.418197423926646 0.586827653109481 0 0.867401597927046 1.78570482816813 1.99957113589606 -0.263169920194508 0.594697144159441 0 0.81181829425591 -2.8712082465278 5.4091972417241 -18.7414049910109 18.96162224494 0 1.24992668100164 6.5681496810951 13.5468737937263 1.97945172897515 -0.12078988608941 -0.667678957184627 0 0.0703606859223734 2.29791148500885 1.44560278740041 -0.29353417711497 0 0 
2.56772166286727 -12.8718234960324 1.68475647714676 0 0 0 -4.17879500686135 -0.0771754043536146 13.9025432355248 -3.50348348256828 14.3290552097974 -1.49777657787212 1.48228125156941 0 0.870623083799436 0.495501579947538 0 1.78570482816813 1.11344635326576 -0.0927300444304617 0.594697144159441 -19.5178733018776 -17.7299109090725 -13.8402736158298 3.31968798466012 14.9860957893478 0 0 19.3847518097305 1.58678779503647 -2.44195183666514 0.230423162519198 0 0.41138055101567 -0.263426238784299 0 -1.81739824908664 -0.699646122753455 0.581065051635292 -0.462485380686114 -0.044609132243604 
2.56772166286727 -9.74546863611111 1.68475647714676 -1.87600797611568 9.0056994075215 0 -4.17879500686135 -0.0771754043536146 13.9025432355248 0.617433711987656 18.0017163031743 -1.49777657787212 1.48228125156941 0 -0.619922678596304 0.495501579947538 0 1.78570482816813 1.11344635326576 -0.263169920194508 0.594697144159441 1.6179865369657 13.8948257145913 -13.8402736158298 7.11130042519015 15.718997639799 -1.88031982613277 0 16.864833427763 1.56924623175023 -2.44195183666514 2.41127853459272 0 0.703095850154337 -0.263426238784299 0.368912837034516 -1.81739824908664 -0.699646122753455 1.56864669752244 0 -0.044609132243604 
1.57142565333233 -12.8718234960324 1.68475647714676 0 -0.345942022742677 0 -4.17879500686135 1.61057871841387 13.9025432355248 0 18.0017163031743 -1.49777657787212 1.48228125156941 0 0.586827653109481 0.495501579947538 0 1.55692322909223 1.11344635326576 -0.263169920194508 0.594697144159441 -19.5178733018776 13.8948257145913 -13.8402736158298 7.11130042519015 15.718997639799 0 -3.02308733964948 16.8897912313416 1.56924623175023 0 0.230423162519198 0 0.41138055101567 -0.263426238784299 0.368912837034516 -1.81739824908664 -1.07696275341649 0.581065051635292 0 -0.044609132243604 
0 -12.8718234960324 1.68475647714676 0 -0.345942022742677 0 3.84524594240135 -1.86302000645689 13.9025432355248 0 14.3290552097974 -1.49777657787212 1.48228125156941 0 0.586827653109481 0.577306153405135 0 1.68629425885449 1.11344635326576 0 0.594697144159441 -19.5178733018776 13.8948257145913 -13.8402736158298 5.4091972417241 7.20691330647418 0 15.5221047752174 16.8897912313416 0 17.4242149374561 0.230423162519198 0 0.41138055101567 0 -0.221321241404545 -1.81739824908664 -1.70862130471907 0.581065051635292 -0.462485380686114 0 
2.56750516746731 -15.1649440523074 2.13387962721003 8.0834817620383 0 21.2687917057279 3.84524594240135 -0.0771754043536146 19.3124487819674 -3.50348348256828 -4.84609227548171 -0.667015781936709 0 0.516109605541504 0.860422585560206 0.366502849043581 -0.251791673946097 1.78570482816813 1.21922591098548 -0.0927300444304617 0.114158083537667 4.51637977013196 -17.7299109090725 4.4710669780481 9.08221915638178 12.2200231809728 17.6326684363338 17.3993106021543 0 -18.8818193501243 10.1488235078514 -0.874160631966852 0 -0.676888563985419 -0.0593000749029685 0 1.18654097807433 -1.70862130471907 0.249457139638 -1.56857905900505 0.288980994852717 
2.56728782341509 -9.6165230449366 3.94357362014408 -10.3638491455297 0 -1.08082340018862 3.84524594240135 12.7032875608202 1.18992964191825 0 15.2766814170762 0.595608745978963 0 0 0.860422585560206 0.495501579947538 0 0 -0.214771262060279 1.55277195365763 0.591217487878733 -17.9936584914074 13.8948257145913 0 -13.1164008998854 8.32330224701357 0 17.3993106021543 0 21.4785397234506 0 -1.77381643269854 0.154148438924061 -0.30580772753144 0 -0.15581531693964 -1.81739824908664 -1.70862130471907 0.855582403072893 1.23307085218982 -0.044609132243604 
2.29215738405812 -9.6165230449366 3.94357362014408 0.952987267334474 0 -1.08082340018862 3.84524594240135 12.7032875608202 -4.1896875976304 1.34647968020126 17.8981105575562 0.595608745978963 0 0 0.860422585560206 0.495501579947538 0 0 0.0822400436514243 0.566670272646784 0.594697144159441 4.51637977013196 13.8948257145913 0 -13.1164008998854 14.9860957893478 0 0 19.3847518097305 11.2722498214674 0 -0.874160631966852 0.154148438924061 -0.30580772753144 0 0 -1.81739824908664 -0.699646122753455 0.581065051635292 0.796011826021602 0.280013676965616 
2.40340956757692 -9.6165230449366 3.10041095747166 0 0 -1.08082340018862 3.84524594240135 12.7032875608202 1.18992964191825 1.34647968020126 14.5416495106843 0.595608745978963 0 0 0.860422585560206 0.495501579947538 0 0 -0.263255857053798 0.566670272646784 0.594697144159441 4.51637977013196 12.3965523529782 0 -13.1164008998854 8.32330224701357 0 17.3993106021543 19.3847518097305 11.2722498214674 4.07262861163943 -0.874160631966852 0.154148438924061 -0.30580772753144 0 -0.15581531693964 -1.81739824908664 -1.70862130471907 0.581065051635292 0.796011826021602 -0.044609132243604 
2.40126503594248 -8.20008195107807 -11.5023737474821 0 0 0 3.84524594240135 -0.0771754043536146 18.1124276659044 0 14.3290552097974 1.09673194805939 -0.481238419409487 1.47072999340982 0.860422585560206 0.495501579947538 0 1.78570482816813 1.32666692572025 1.55277195365763 0.594697144159441 4.51637977013196 6.59738199279987 0.58477505190986 9.87204888857531 13.0024174940784 18.96162224494 18.0625698732969 19.3847518097305 -1.55922105608472 17.4242149374561 -0.874160631966852 0 -0.960433059218541 -0.396543582648292 1.06894400299943 2.29791148500885 -1.61282816258856 0.581065051635292 0.031732575051362 0 
2.38763067154862 -9.6165230449366 5.98707973304534 0.0613517483050711 0 17.3482750343849 5.24034695664437 2.77723446617705 -4.1896875976304 -1.90690950742313 14.3290552097974 0.595608745978963 0.446507904886505 -0.237615728470318 0.828666320130539 0 -1.24470850394792 -0.0900088604958769 0.0822400436514243 -0.901204284895772 0.594697144159441 4.51637977013196 -17.7299109090725 -16.539486076934 0 14.9860957893478 0.136347605048841 0 18.2493584412147 0 9.71817587954838 -0.874160631966852 0 -0.792572156522689 2.26721421987154 0 -1.8190428004456 -0.699646122753455 1.47780048218919 -0.462485380686114 0.288980994852717 
0 -9.6165230449366 5.98707973304534 0.952987267334474 0 17.3482750343849 3.84524594240135 12.7032875608202 0.0801325910399354 -1.90690950742313 14.3290552097974 1.08406255198366 0.446507904886505 0 0.860422585560206 -0.147850555320201 0 0 0.45396995378843 -0.901204284895772 0.594697144159441 7.51837280158343 13.8948257145913 0 3.02158214278593 12.2665151702317 0 18.0625698732969 0 11.2722498214674 17.4242149374561 -1.54492028244069 0.154148438924061 -0.30580772753144 0.215495761137221 -0.628776976991806 -1.81739824908664 -1.02107509152082 0.249457139638 0.796011826021602 0 
2.56914921254709 -9.6165230449366 3.94357362014408 14.2524333333841 0.420094878911085 0 3.84524594240135 12.7032875608202 2.63063078889653 0 14.3290552097974 0.595608745978963 0 0 0.864835264400968 0.495501579947538 0 0 0.636881039434523 0 0.594697144159441 4.51637977013196 -17.7299109090725 0.58477505190986 -15.1860806695586 7.20691330647418 13.4998314276337 0 0 0 17.4242149374561 -0.874160631966852 0 -0.960433059218541 -0.75604021823315 -0.221321241404545 0.831472883835189 -0.699646122753455 0.249457139638 -0.462485380686114 0 
0 -9.6165230449366 3.94357362014408 0 0 0 3.84524594240135 12.7032875608202 2.63063078889653 -1.90690950742313 14.3290552097974 0.766594042450466 0 0 0.828666320130539 0.577306153405135 0 0 0.636881039434523 -0.901204284895772 0.594697144159441 4.51637977013196 -17.7299109090725 4.4710669780481 0 7.20691330647418 17.6326684363338 17.3993106021543 16.2473004009562 0 17.4242149374561 -0.874160631966852 0 -0.676888563985419 2.26721421987154 -0.221321241404545 1.46405320403355 -1.70862130471907 0.461214881078906 -0.462485380686114 0 
2.33966706958962 -9.6165230449366 2.45638438973407 1.40910596987657 0 1.95706877033555 3.84524594240135 12.7032875608202 2.63063078889653 0 14.3290552097974 0.595608745978963 -0.731484372127561 0 0.860422585560206 -0.232520326731037 0 0 0.636881039434523 0 0.594697144159441 4.51637977013196 -17.7299109090725 -16.5850135650416 0 7.20691330647418 17.6326684363338 17.3993106021543 16.2473004009562 0 17.4242149374561 -0.874160631966852 0 -0.0707014139139566 2.26721421987154 -0.221321241404545 1.46405320403355 -1.70862130471907 0.461214881078906 -0.462485380686114 0 
2.31635129524355 -8.20008195107807 -13.1939307852853 14.2524333333841 0 3.11781161430656 -0.778770001036473 -1.26443329754492 7.17129616400753 0 14.3290552097974 1.09673194805939 -0.539393036509581 0 0.684997031141537 0.495501579947538 1.01342390617981 0.103233621894956 1.27771223947765 1.55277195365763 0.594697144159441 4.51637977013196 15.9200203152699 0.58477505190986 -17.7115514211876 -12.5584815221645 16.4908605525693 15.8907709634354 0 18.4724600017641 9.71817587954838 -0.874160631966852 -0.322572452990605 -0.960433059218541 -1.52048759140097 -1.64466012438976 2.16036358673142 -1.4517230792957 0.0967945445733119 1.74054222448754 0.892010547636082 
2.29623215288007 -8.20008195107807 -12.6065675134801 14.2524333333841 -2.80236759679502 0 3.84524594240135 14.3219155197134 7.17129616400753 0 14.3290552097974 1.09673194805939 0 0 0.270073072374833 0.495501579947538 0 -0.582755150498243 1.27771223947765 1.55277195365763 0.594697144159441 4.51637977013196 -1.87978522269045 0.546975062460161 -14.3428558916519 -9.44131235542768 20.4858299084407 19.4777762421769 16.2473004009562 7.65148613958223 17.4242149374561 -0.874160631966852 -0.23258512202305 -0.794477282801865 0.335774360576539 -1.64466012438976 2.16036358673142 -1.46783191220268 0.461214881078906 0.627150817041821 0 
2.28939567251679 -8.20008195107807 -12.6065675134801 14.2524333333841 0 3.11781161430656 3.84524594240135 13.9089030779707 7.17129616400753 0 14.3290552097974 1.09673194805939 0 -0.484705096802071 0.860422585560206 0.824546157114462 0 -0.582755150498243 1.27771223947765 1.55277195365763 0.594697144159441 4.51637977013196 -17.7299109090725 4.07105408069727 -17.7115514211876 -12.5584815221645 20.4858299084407 18.0625698732969 0 18.4724600017641 17.4242149374561 -0.874160631966852 0 -1.48528664331664 -1.52048759140097 -1.23458623270718 2.16036358673142 -1.33181906994983 0.0967945445733119 1.74054222448754 0 
1.57142565333233 -9.6165230449366 1.68475647714676 0 13.434979332278 0 -4.17879500686135 -0.0771754043536146 14.4529364682282 -1.90690950742313 14.3290552097974 0.595608745978963 1.48228125156941 0 2.32783074833352 0.495501579947538 0 1.78570482816813 1.49140536697647 -0.901204284895772 0.594697144159441 4.51637977013196 13.8948257145913 4.4710669780481 0 10.4952098105546 0 0 18.2493584412147 -18.8818193501243 14.5378714867578 -0.874160631966852 0 -0.676888563985419 0 0 -1.81739824908664 -0.699646122753455 1.47780048218919 -1.56857905900505 -0.85473623539076 
1.57142565333233 -9.6165230449366 5.75512571609818 12.6451609218005 7.54104370602455 0 2.82187173304701 12.7032875608202 18.1124276659044 0 14.3290552097974 0.595608745978963 0.75899016615422 1.68346783317787 0 0.495501579947538 0.79409043040317 0 1.32666692572025 1.55277195365763 0.594697144159441 17.8765355828575 0 2.48702030453692 -17.7115514211876 -18.7414049910109 17.6326684363338 0 16.1367461253594 -4.26174541980109 9.05416622536917 0.317181885650932 0 -0.392892867817028 -1.52048759140097 0.0703606859223734 1.46405320403355 1.44560278740041 0 0.332326029051247 0.892010547636082 
1.57142565333233 -15.1649440523074 -0.223519362240806 5.00111400215007 9.92576415565599 20.7490135550262 3.84524594240135 2.77723446617705 4.1790771342018 0 14.3290552097974 -0.667015781936709 0.024680209804643 0.312971982188975 -1.67991403906602 0.807518499823063 0 -0.0900088604958769 -0.263255857053798 1.456729500078 0.42169452054505 -10.7386995284766 13.8948257145913 0 11.1467071403268 -5.45326004256646 17.6326684363338 17.3993106021543 0 -22.9737566015095 9.71817587954838 -0.523611902149213 0 -0.667678957184627 0.106590449701338 -1.80222289103652 1.46405320403355 -1.70862130471907 0.160673894062952 -1.19944022912506 0.892010547636082 
1.57142565333233 -15.1649440523074 -12.6065675134801 -10.3638491455297 0 0 10.3223563201364 19.0058825253536 2.06952411451821 -2.46370509726168 15.2766814170762 -0.667015781936709 0 0 0.860422585560206 0.495501579947538 -0.354072984398377 0 0.0348374208783905 -0.48327153431404 0.591217487878733 -7.97975425980042 13.8948257145913 4.4710669780481 0 10.4952098105546 3.13085404973517 13.0460968488111 0 6.68917625899854 12.1851239914937 0 0 -0.676888563985419 2.26721421987154 0 -1.81739824908664 -1.54860505999467 0.855582403072893 0 0.892010547636082 
1.57142565333233 -15.1649440523074 5.75512571609818 6.47218427538042 17.4451060860628 21.2687917057279 2.44386011848406 19.0058825253536 7.17129616400753 0 14.3290552097974 -0.0689235121798346 0.75899016615422 1.30687520484295 1.76842868596708 0.366502849043581 -2.24025220782508 0 1.27771223947765 1.55277195365763 0.594697144159441 -7.2178659869674 13.8948257145913 3.5243232371166 -17.7115514211876 10.4952098105546 20.4858299084407 17.3993106021543 0 -18.8818193501243 13.5468737937263 -0.132690675036372 0 -0.790436341050284 -1.52048759140097 0 2.16036358673142 -1.70862130471907 0.249457139638 -1.56857905900505 0 
1.57142565333233 -8.20008195107807 5.75512571609818 0 -0.345942022742677 3.73125613377488 6.53783287980493 12.7032875608202 0.0801325910399354 -4.15330321290684 14.3290552097974 1.09673194805939 0.75899016615422 1.47072999340982 0.586827653109481 1.32335116720914 -0.556182438473302 0 0.45396995378843 -0.23796808953768 -0.11987647643307 4.51637977013196 0 0.58477505190986 0 14.9860957893478 17.4517152577181 17.3993106021543 19.3847518097305 -1.55922105608472 17.4242149374561 -0.874160631966852 0 -0.960433059218541 0 0 2.29791148500885 -1.70862130471907 0.581065051635292 0.031732575051362 0 
1.57142565333233 -9.6165230449366 2.13387962721003 3.23005655930846 0 12.7497409259201 2.82187173304701 18.1217598875387 2.06952411451821 -3.50348348256828 14.3290552097974 0.595608745978963 0 1.20186968389986 0.860422585560206 0 0.79409043040317 0.206479239965081 0.0348374208783905 -0.0927300444304617 0.594697144159441 -17.9936584914074 13.8948257145913 0 0 10.4952098105546 18.96162224494 16.3172657496143 19.3847518097305 18.4724600017641 -4.22133633644382 -1.77381643269854 0 -0.667678957184627 2.26721421987154 0 2.29791148500885 -1.54860505999467 0.581065051635292 1.74054222448754 -0.044609132243604 
1.57142565333233 -9.6165230449366 2.45638438973407 0 0 12.7497409259201 3.84524594240135 12.7032875608202 2.06952411451821 2.84413004202961 15.2766814170762 0.595608745978963 -0.731484372127561 0 0.860422585560206 0 0 0 0.0348374208783905 0.88817023583137 1.15663313851069 4.51637977013196 13.8948257145913 5.43270056668329 0 15.718997639799 17.6326684363338 13.0460968488111 0 18.4724600017641 -5.96455724617213 -0.874160631966852 0 -0.230153424074013 2.26721421987154 0.368912837034516 1.46405320403355 -1.54860505999467 0.855582403072893 1.74054222448754 -0.498983338665675 
1.57142565333233 -9.6165230449366 -12.6065675134801 -10.3638491455297 14.5051912815567 23.1074179306195 2.82187173304701 19.0058825253536 19.3124487819674 0 -4.84609227548171 0.595608745978963 0 0 -0.278205655607491 -0.119943548701677 0.79409043040317 0 1.21922591098548 1.456729500078 -0.555537694387854 -7.97975425980042 13.8948257145913 5.43270056668329 0 15.718997639799 17.6326684363338 11.7135385842126 0 18.4724600017641 12.1851239914937 0 0 -0.230153424074013 2.26721421987154 0.759150052987575 1.46405320403355 -1.0195713002093 0.855582403072893 1.74054222448754 0.892010547636082 
2.85196189212818 -9.6165230449366 2.13387962721003 -10.3638491455297 0 12.7497409259201 2.82187173304701 19.0058825253536 2.06952411451821 0 14.3290552097974 0.595608745978963 0 0 0.860422585560206 0 0.79409043040317 0 0.0348374208783905 1.55277195365763 0.594697144159441 -17.9936584914074 13.8948257145913 5.43270056668329 0 15.718997639799 18.96162224494 13.0460968488111 0 18.4724600017641 -4.22133633644382 -1.77381643269854 0 -0.230153424074013 2.26721421987154 0.368912837034516 2.29791148500885 -1.54860505999467 0.855582403072893 1.74054222448754 -0.044609132243604 
0 -19.6061065236368 2.13387962721003 0 0 0 3.84524594240135 -0.768191344718538 2.06952411451821 -4.15330321290684 14.3290552097974 -0.699111080644238 0 0 0.860422585560206 0.495501579947538 0.551798150181676 0.944668250719397 0.0348374208783905 -0.23796808953768 0.594697144159441 4.51637977013196 13.8948257145913 0 9.08221915638178 14.9860957893478 -1.10360574545507 -2.05287800014619 19.3847518097305 0 9.71817587954838 -0.874160631966852 0 -0.667678957184627 -0.0593000749029685 0 -1.07999967299402 -1.9524874333071 0.581065051635292 -0.462485380686114 0.288980994852717 
0 -8.20008195107807 7.30142838116802 0 0 3.11781161430656 2.82187173304701 14.3219155197134 1.18992964191825 0 14.3290552097974 1.09673194805939 0.0356107136772995 1.47072999340982 0.860422585560206 0.824546157114462 0.79409043040317 -0.582755150498243 -0.263255857053798 1.55277195365763 0.594697144159441 17.8765355828575 -17.7299109090725 4.07105408069727 -13.1164008998854 10.4952098105546 20.4858299084407 18.0625698732969 19.3847518097305 7.65148613958223 17.4242149374561 0.317181885650932 0 -1.48528664331664 0 0 2.16036358673142 -1.61282816258856 0.581065051635292 0 0 
2.29623215288007 -8.20008195107807 2.13387962721003 14.2524333333841 0 0 3.84524594240135 19.0058825253536 7.17129616400753 0 14.3290552097974 1.09673194805939 0 0 0.860422585560206 0.495501579947538 0 0 1.27771223947765 1.55277195365763 0.594697144159441 4.51637977013196 -1.87978522269045 5.43270056668329 0 10.4952098105546 3.13085404973517 19.4777762421769 16.2473004009562 7.65148613958223 17.4242149374561 -0.874160631966852 -0.23258512202305 -0.230153424074013 2.26721421987154 0 -1.81739824908664 -1.46783191220268 0.461214881078906 0.627150817041821 0 
2.85300529169572 -7.63946444598933 7.30142838116802 14.2524333333841 7.54104370602455 0 3.84524594240135 12.7032875608202 7.17129616400753 -0.307268424195828 14.3290552097974 1.01640145159159 0.0356107136772995 0 0 0.495501579947538 0 0 1.27771223947765 -0.560845573437794 0.594697144159441 4.51637977013196 13.8948257145913 5.43270056668329 -17.7115514211876 10.4952098105546 13.4998314276337 17.3993106021543 0 0 0 -0.874160631966852 -0.345340259049712 -0.230153424074013 -1.52048759140097 0 0.831472883835189 -1.70862130471907 0.249457139638 -0.462485380686114 -0.044609132243604 
1.57142565333233 -9.6165230449366 2.13387962721003 0.952987267334474 0 0 2.82187173304701 12.7032875608202 2.63063078889653 0 14.3290552097974 0.595608745978963 0 0 0.860422585560206 0.495501579947538 0.79409043040317 0 0.636881039434523 0 0.594697144159441 4.51637977013196 13.8948257145913 0.58477505190986 -17.7115514211876 10.4952098105546 13.4998314276337 0 0 0 13.5468737937263 -0.874160631966852 0 -0.960433059218541 -1.52048759140097 0 0.831472883835189 1.44560278740041 0.249457139638 -0.462485380686114 0 
2.56893598292203 -9.6165230449366 -12.6065675134801 0 0 17.3482750343849 15.0788702420326 -0.0771754043536146 18.1124276659044 0 0 0.595608745978963 0 1.47072999340982 0.860422585560206 0 0.23761765325331 1.78570482816813 1.32666692572025 -0.263169920194508 0 4.51637977013196 2.93969178709187 0.58477505190986 9.87204888857531 -18.7414049910109 18.96162224494 18.0625698732969 19.3847518097305 2.7954618366414 17.4242149374561 -0.874160631966852 0 -0.960433059218541 -0.396543582648292 0.0703606859223734 2.29791148500885 -1.61282816258856 0.581065051635292 0 0 
2.5694115145838 -9.6165230449366 -12.6065675134801 -10.3638491455297 0 0 10.3223563201364 12.7032875608202 2.06952411451821 -0.307268424195828 14.3290552097974 0.595608745978963 0 0 0.860422585560206 0.495501579947538 -0.354072984398377 0 0.0348374208783905 -0.560845573437794 0.594697144159441 -7.97975425980042 -17.7299109090725 -16.539486076934 -17.7115514211876 14.9860957893478 3.13085404973517 13.0460968488111 20.1175014624686 7.65148613958223 12.1851239914937 0 0 0 -1.52048759140097 0 -1.81739824908664 -1.54860505999467 0.581065051635292 0 0.892010547636082 
2.56893598292203 -19.6061065236368 -12.6065675134801 8.0834817620383 17.4451060860628 17.7051188946725 3.84524594240135 -0.0771754043536146 19.9770825323309 0 14.3290552097974 -0.699111080644238 0 0.516109605541504 1.11915983826349 0.366502849043581 0 1.78570482816813 1.21922591098548 1.55277195365763 0.594697144159441 4.51637977013196 0 0.546975062460161 0 10.4952098105546 17.6326684363338 17.3993106021543 16.2473004009562 -18.8818193501243 5.20655095102571 -0.874160631966852 0 -0.794477282801865 0 0 1.46405320403355 -1.70862130471907 0.461214881078906 -1.56857905900505 0.421053572102009 
2.5653283223306 -8.20008195107807 1.68475647714676 14.2524333333841 -0.345942022742677 3.11781161430656 3.84524594240135 -0.0771754043536146 7.17129616400753 0 14.3290552097974 1.09673194805939 1.48228125156941 -0.484705096802071 0.586827653109481 0.824546157114462 0 1.78570482816813 1.27771223947765 1.55277195365763 0.594697144159441 -19.5178733018776 -17.7299109090725 -13.8402736158298 -17.7115514211876 15.718997639799 20.4858299084407 0 0 18.4724600017641 0 0.230423162519198 0 0.41138055101567 -1.52048759140097 0.368912837034516 2.16036358673142 -0.699646122753455 0.0967945445733119 1.74054222448754 -0.735144111949552 
2.85401682280935 -9.6165230449366 7.30142838116802 0 0 0 2.82187173304701 12.7032875608202 1.18992964191825 -0.307268424195828 14.3290552097974 0.595608745978963 0.0356107136772995 -0.350463444455743 0.860422585560206 0.495501579947538 0.79409043040317 0 0.510160379144438 -0.560845573437794 0.594697144159441 17.8765355828575 19.5161355920677 4.75644002943599 -13.1164008998854 10.4952098105546 3.13085404973517 17.3993106021543 19.3847518097305 7.65148613958223 0 0.317181885650932 0.72311685530614 -0.388893530442796 0 0 -1.81739824908664 -1.70862130471907 0.581065051635292 0 -0.044609132243604 
2.56988634506748 -19.6061065236368 5.75512571609818 8.0834817620383 0 21.2687917057279 3.82697485749469 -0.0771754043536146 19.9770825323309 2.84413004202961 0.00548789510758961 -0.699111080644238 0.75899016615422 0.516109605541504 0.860422585560206 -0.155102175090044 0.867401597927046 1.78570482816813 1.21922591098548 0.88817023583137 0.252594015711264 0 0 -2.8712082465278 0 -21.5882046992836 18.96162224494 17.3993106021543 19.3847518097305 -18.8818193501243 9.71817587954838 1.97945172897515 0 -0.667678957184627 0 -0.672353881924578 2.29791148500885 -1.70862130471907 0.581065051635292 -1.56857905900505 0.892010547636082 
2.56914921254709 -19.6061065236368 3.19567573822368 3.23005655930846 9.92576415565599 21.2687917057279 10.3223563201364 -0.0771754043536146 19.3124487819674 0 14.3290552097974 -0.699111080644238 0.75899016615422 1.20186968389986 -1.67991403906602 0.366502849043581 -0.354072984398377 1.78570482816813 1.21922591098548 1.456729500078 0.42169452054505 4.51637977013196 0 0 11.1467071403268 10.4952098105546 17.6326684363338 17.3993106021543 10.0467394912833 -18.8818193501243 9.71817587954838 -0.874160631966852 -0.37509373790356 -0.667678957184627 0.106590449701338 0 1.46405320403355 -1.70862130471907 -0.00272511171769591 -1.56857905900505 0.892010547636082 
2.56793731455563 -9.6165230449366 2.13387962721003 0 0.0724695343396019 17.3482750343849 -4.17879500686135 -0.0771754043536146 18.1124276659044 0.617433711987656 14.3290552097974 0.595608745978963 0 0 1.48790800912208 0 0 1.78570482816813 1.32666692572025 -0.263169920194508 0.594697144159441 4.51637977013196 13.8948257145913 5.43270056668329 7.11130042519015 15.718997639799 2.62567526075322 13.0460968488111 0 1.58678779503647 -2.44195183666514 -0.874160631966852 0 -0.230153424074013 -0.263426238784299 0.368912837034516 -1.77855653046097 -1.54860505999467 0.855582403072893 -0.462485380686114 -0.044609132243604 
0 -12.8718234960324 1.68475647714676 0 0 0 3.84524594240135 -0.0771754043536146 1.18992964191825 0 18.0017163031743 -1.49777657787212 1.48228125156941 0 0.860422585560206 0.495501579947538 0 1.78570482816813 -0.263255857053798 -0.263169920194508 0.594697144159441 -19.5178733018776 13.8948257145913 -13.8402736158298 -13.1164008998854 10.4952098105546 0 17.3993106021543 19.3847518097305 7.65148613958223 0 0.230423162519198 0 0.41138055101567 0 0 -1.81739824908664 -1.70862130471907 0.581065051635292 0 -0.044609132243604 
2.57009741187275 -19.6061065236368 5.75512571609818 0 -0.345942022742677 0 3.84524594240135 -0.768191344718538 0.0801325910399354 -4.15330321290684 14.3290552097974 -0.699111080644238 0.75899016615422 0 0.586827653109481 0.495501579947538 0.551798150181676 0.944668250719397 0.45396995378843 -0.23796808953768 0.594697144159441 4.51637977013196 0 0 0 14.9860957893478 -1.10360574545507 17.3993106021543 19.3847518097305 0 9.71817587954838 -0.874160631966852 0 -0.30580772753144 0 0 -1.07999967299402 -1.70862130471907 0.581065051635292 -0.462485380686114 0.288980994852717 
2.56914921254709 -9.6165230449366 3.94357362014408 -10.3638491455297 0 0 3.82697485749469 -0.0771754043536146 19.9770825323309 0 15.2766814170762 0.595608745978963 0 0 0.860422585560206 0.495501579947538 0.867401597927046 1.78570482816813 1.21922591098548 1.55277195365763 0.591217487878733 -17.9936584914074 -1.87978522269045 0 -13.1164008998854 8.32330224701357 18.96162224494 17.3993106021543 16.2473004009562 2.7954618366414 12.1851239914937 -1.77381643269854 -0.23258512202305 -0.30580772753144 0 -0.15581531693964 2.29791148500885 -1.70862130471907 0.461214881078906 0 0.892010547636082 
0 -19.6061065236368 5.75512571609818 8.0834817620383 0 17.3482750343849 3.84524594240135 -0.0771754043536146 4.1790771342018 0 14.3290552097974 -0.699111080644238 0.75899016615422 0.516109605541504 0.860422585560206 0 0 1.78570482816813 -0.263255857053798 1.456729500078 0.42169452054505 4.51637977013196 0 0 0 10.4952098105546 17.6326684363338 17.3993106021543 0 -22.9737566015095 5.20655095102571 -0.874160631966852 0 -0.667678957184627 0 0 1.46405320403355 -1.70862130471907 0.160673894062952 -1.19944022912506 0.421053572102009 
2.56988634506748 -9.6165230449366 1.68475647714676 14.2524333333841 0 0 -4.17879500686135 -0.0771754043536146 7.17129616400753 0.617433711987656 14.3290552097974 0.595608745978963 1.48228125156941 0 0.828666320130539 0.495501579947538 0 1.78570482816813 1.27771223947765 -0.263169920194508 0.594697144159441 4.51637977013196 -1.87978522269045 4.4710669780481 -13.1164008998854 -9.44131235542768 20.4858299084407 19.4777762421769 16.2473004009562 7.65148613958223 14.5378714867578 -0.874160631966852 -0.23258512202305 -0.676888563985419 0 -1.64466012438976 2.16036358673142 -1.46783191220268 0.461214881078906 0.627150817041821 -0.85473623539076 
2.56750516746731 -19.6061065236368 2.13387962721003 8.0834817620383 0 21.2687917057279 0.885253834601144 -0.0771754043536146 19.3124487819674 -1.92777257826076 0.00548789510758961 -0.699111080644238 0 0.516109605541504 0.860422585560206 0.366502849043581 0.724671249824889 1.78570482816813 1.21922591098548 -0.516665829176393 0.252594015711264 4.51637977013196 -17.7299109090725 4.4710669780481 9.08221915638178 12.2200231809728 17.6326684363338 17.3993106021543 0 -15.56140927326 17.4242149374561 -0.874160631966852 0 -0.676888563985419 -0.0593000749029685 0 1.46405320403355 -1.70862130471907 0.249457139638 -2.26887462749559 0 
1.57142565333233 -19.6061065236368 -12.6065675134801 8.0834817620383 13.434979332278 0 -4.17879500686135 -0.0771754043536146 19.3124487819674 0 14.3290552097974 -0.699111080644238 0 0.516109605541504 2.32783074833352 0.495501579947538 0 1.78570482816813 1.21922591098548 1.55277195365763 0.594697144159441 4.51637977013196 0 0.546975062460161 -13.1164008998854 -9.44131235542768 17.6326684363338 0 18.2493584412147 7.65148613958223 14.5378714867578 -0.874160631966852 0 -0.794477282801865 0 -1.64466012438976 1.46405320403355 -0.699646122753455 1.47780048218919 0.627150817041821 -0.85473623539076 
2.57062417742946 -12.8718234960324 1.68475647714676 0 -0.345942022742677 21.2687917057279 10.3223563201364 -0.0771754043536146 13.9025432355248 0 19.3116124325952 -1.49777657787212 1.48228125156941 0 0.586827653109481 0.366502849043581 -0.354072984398377 1.78570482816813 1.11344635326576 1.456729500078 0.804120991008413 -19.5178733018776 0 -13.8402736158298 5.4091972417241 15.718997639799 0 17.3993106021543 0 1.56924623175023 9.71817587954838 0.230423162519198 -0.37509373790356 0.41138055101567 0 0.368912837034516 -1.81739824908664 -1.70862130471907 0.160673894062952 0 0.892010547636082 
2.57036047570913 -15.1649440523074 5.75512571609818 3.23005655930846 0 21.2687917057279 3.82697485749469 -0.0771754043536146 19.9770825323309 2.84413004202961 -4.84609227548171 -0.667015781936709 0.75899016615422 1.20186968389986 0.860422585560206 0.366502849043581 0.867401597927046 1.78570482816813 1.21922591098548 0.88817023583137 -0.555537694387854 4.51637977013196 -17.7299109090725 -16.539486076934 0 12.2200231809728 17.6326684363338 17.3993106021543 10.0467394912833 -18.8818193501243 17.4242149374561 -0.874160631966852 0 0 2.26721421987154 0 1.46405320403355 -1.70862130471907 -0.00272511171769591 -1.56857905900505 0 
0 -12.8718234960324 0 0 -0.345942022742677 17.3482750343849 3.82697485749469 -0.0771754043536146 18.1124276659044 0 14.3290552097974 -1.49777657787212 0.420435208101028 0 0.586827653109481 0 0.867401597927046 1.97623860780906 1.32666692572025 -0.263169920194508 0.594697144159441 0 0.81181829425591 -13.8402736158298 5.4091972417241 15.718997639799 18.96162224494 0 1.03424918886006 6.5681496810951 13.5468737937263 1.97945172897515 -0.12078988608941 0.41138055101567 0 0.368912837034516 2.29791148500885 1.44560278740041 0 0 0 
0 -8.20008195107807 1.68475647714676 14.2524333333841 0 3.11781161430656 -4.17879500686135 -0.0771754043536146 13.9025432355248 0 14.3290552097974 1.09673194805939 1.48228125156941 -0.484705096802071 0.860422585560206 0.824546157114462 0 1.78570482816813 1.11344635326576 1.55277195365763 0.594697144159441 4.51637977013196 -17.7299109090725 -13.8402736158298 -17.7115514211876 -12.5584815221645 20.4858299084407 0 19.3847518097305 18.4724600017641 17.4242149374561 -0.874160631966852 0 0.41138055101567 -1.52048759140097 -1.23458623270718 2.16036358673142 -0.699646122753455 0.581065051635292 1.74054222448754 0 
0 -9.6165230449366 2.13387962721003 14.2524333333841 9.0056994075215 17.3482750343849 -4.17879500686135 -0.0771754043536146 13.9025432355248 -3.50348348256828 18.0017163031743 0.595608745978963 0 0.557846121330674 -0.619922678596304 0.176833852234685 0 1.78570482816813 1.11344635326576 -0.0927300444304617 0.594697144159441 1.6179865369657 13.8948257145913 -13.8402736158298 7.11130042519015 15.718997639799 -1.88031982613277 0 0 1.56924623175023 9.05416622536917 2.41127853459272 0 0.41138055101567 -0.263426238784299 0.368912837034516 -1.81739824908664 -0.699646122753455 0.855582403072893 0 0.892010547636082 
0 -9.6165230449366 7.30142838116802 0 7.54104370602455 0 2.82187173304701 -0.0771754043536146 13.9025432355248 -0.307268424195828 14.3290552097974 0.595608745978963 0.0356107136772995 0 0 0.495501579947538 0.79409043040317 1.78570482816813 1.11344635326576 -0.560845573437794 0.594697144159441 17.8765355828575 19.5161355920677 -13.8402736158298 7.11130042519015 10.4952098105546 0 17.3993106021543 19.3847518097305 1.56924623175023 0 0.317181885650932 0.72311685530614 0.41138055101567 -0.263426238784299 0 -1.81739824908664 -1.70862130471907 0.581065051635292 0 -0.044609132243604 
0 -12.8718234960324 1.68475647714676 0 -0.345942022742677 0 3.84524594240135 -0.0771754043536146 1.18992964191825 1.34647968020126 14.5416495106843 -1.49777657787212 1.48228125156941 0 0.586827653109481 0.577306153405135 0 1.78570482816813 -0.263255857053798 0.566670272646784 0.594697144159441 4.51637977013196 13.8948257145913 -13.8402736158298 -13.1164008998854 8.32330224701357 0 17.3993106021543 16.8897912313416 0 4.07262861163943 -0.874160631966852 0.154148438924061 0.41138055101567 0 -0.15581531693964 -1.81739824908664 -1.70862130471907 0.581065051635292 -0.462485380686114 -0.044609132243604 
2.56983498364486 -9.6165230449366 2.13387962721003 8.0834817620383 0 17.3482750343849 3.84524594240135 -0.0771754043536146 19.3124487819674 -3.50348348256828 14.3290552097974 0.595608745978963 0 0.516109605541504 0.860422585560206 -0.147850555320201 0 1.78570482816813 1.21922591098548 -0.0927300444304617 0.594697144159441 4.51637977013196 13.8948257145913 0 3.02158214278593 12.2665151702317 0 18.0625698732969 0 11.2722498214674 17.4242149374561 -0.874160631966852 0.154148438924061 -0.30580772753144 0.215495761137221 -0.628776976991806 -1.81739824908664 -1.02107509152082 0.249457139638 0.796011826021602 0 
2.56728782341509 -9.6165230449366 3.94357362014408 -10.3638491455297 0 -1.08082340018862 3.84524594240135 12.7032875608202 1.18992964191825 0 15.2766814170762 0.595608745978963 0 0 0.860422585560206 0.495501579947538 0 0 -0.214771262060279 1.55277195365763 0.591217487878733 -17.9936584914074 13.8948257145913 0 -13.1164008998854 8.32330224701357 0 17.3993106021543 0 18.4724600017641 0 -1.77381643269854 0.154148438924061 -0.30580772753144 0 -0.15581531693964 -1.81739824908664 -1.70862130471907 0.855582403072893 1.74054222448754 -0.044609132243604 
2.57062417742946 -9.6165230449366 2.13387962721003 -9.24536340117704 0 21.2687917057279 0.885253834601144 12.7032875608202 -4.1896875976304 -1.92777257826076 14.3290552097974 0.595608745978963 0 0.3850713211601 0.860422585560206 0.366502849043581 0.724671249824889 0 0.0822400436514243 -0.516665829176393 0.594697144159441 4.51637977013196 -17.7299109090725 0 9.08221915638178 12.2200231809728 17.6326684363338 17.3993106021543 0 11.2722498214674 0 -0.874160631966852 0 -0.30580772753144 -0.0593000749029685 0 1.92629874589681 -1.70862130471907 0.249457139638 0.796011826021602 -0.044609132243604 
1.57142565333233 -15.1649440523074 3.94357362014408 8.0834817620383 0 21.2687917057279 2.44386011848406 12.7032875608202 7.17129616400753 1.34647968020126 14.3290552097974 -0.0689235121798346 0 0.516109605541504 0.860422585560206 0.366502849043581 -2.24025220782508 0 1.27771223947765 0.566670272646784 0.594697144159441 -7.2178659869674 13.8948257145913 0.58477505190986 -17.7115514211876 10.4952098105546 0 17.3993106021543 19.3847518097305 11.2722498214674 13.5468737937263 -0.132690675036372 0.154148438924061 -0.960433059218541 -1.52048759140097 0 -1.81739824908664 -1.70862130471907 0.581065051635292 0.796011826021602 0 
1.57142565333233 -7.4133758172688 2.13387962721003 0 0 0 2.82187173304701 12.7032875608202 2.06952411451821 -3.50348348256828 14.3290552097974 0.595608745978963 0 1.47072999340982 0.860422585560206 0.495501579947538 0.79409043040317 0 0.0348374208783905 -0.0927300444304617 0.594697144159441 4.51637977013196 2.93969178709187 4.4710669780481 9.87204888857531 13.0024174940784 18.96162224494 18.0625698732969 19.3847518097305 -1.55922105608472 13.5468737937263 -0.874160631966852 0 -0.676888563985419 -0.396543582648292 1.06894400299943 2.29791148500885 -1.61282816258856 0.581065051635292 0.031732575051362 0 
2.56815212743496 -9.6165230449366 -12.6065675134801 -10.3638491455297 0 17.3482750343849 10.3223563201364 2.77723446617705 2.06952411451821 -1.90690950742313 15.2766814170762 0.595608745978963 0 0 0.860422585560206 0 -0.354072984398377 -0.0900088604958769 0.0348374208783905 -0.901204284895772 0.591217487878733 -7.97975425980042 -17.7299109090725 4.4710669780481 0 10.4952098105546 0.449548227106942 0 18.2493584412147 7.65148613958223 9.71817587954838 0 0 -0.676888563985419 2.26721421987154 0 -1.8190428004456 -0.699646122753455 1.47780048218919 0 0.288980994852717 
1.57142565333233 -9.6165230449366 -12.6065675134801 0.952987267334474 0 17.3482750343849 3.84524594240135 14.3219155197134 7.17129616400753 -1.90690950742313 14.3290552097974 0.595608745978963 0 0 0.860422585560206 -0.147850555320201 0 -0.582755150498243 1.27771223947765 -0.901204284895772 0.594697144159441 4.51637977013196 13.8948257145913 0.546975062460161 3.02158214278593 12.2665151702317 0 19.4777762421769 0 7.65148613958223 17.4242149374561 -0.874160631966852 0.154148438924061 -0.794477282801865 0.215495761137221 -0.628776976991806 -1.81739824908664 -1.46783191220268 0.249457139638 0.627150817041821 0 
2.85189431548331 -9.6165230449366 -12.6065675134801 14.2524333333841 3.39300922252844 17.3482750343849 15.0788702420326 -0.0771754043536146 18.1124276659044 0 0 0.595608745978963 0 0.557846121330674 1.48790800912208 0 0.23761765325331 1.78570482816813 1.32666692572025 0 0 4.51637977013196 0.944683132830394 0.58477505190986 -17.7115514211876 7.20691330647418 0 0 1.03424918886006 0 17.4242149374561 -0.874160631966852 0.705865813962121 -0.960433059218541 -1.52048759140097 -0.221321241404545 -1.81739824908664 -0.699646122753455 0 -0.462485380686114 0 
2.57014966626553 -9.6165230449366 7.30142838116802 -1.42875629916264 0 0 3.84524594240135 12.7032875608202 1.18992964191825 -1.30705781563048 14.3290552097974 0.595608745978963 0.0356107136772995 0 0.828666320130539 0.577306153405135 0 0 -0.263255857053798 -0.602422650294575 0.594697144159441 4.51637977013196 -17.7299109090725 4.4710669780481 -13.1164008998854 10.4952098105546 17.6326684363338 17.3993106021543 19.3847518097305 0 17.4242149374561 -0.874160631966852 0 -0.676888563985419 0 0 1.46405320403355 -1.70862130471907 0.581065051635292 -0.462485380686114 0 
2.57062417742946 -9.6165230449366 2.13387962721003 1.40910596987657 0 0 3.84524594240135 19.0058825253536 2.06952411451821 -0.307268424195828 14.3290552097974 0.595608745978963 0 0 0.860422585560206 0.495501579947538 0 0 0.0348374208783905 -0.560845573437794 0.594697144159441 4.51637977013196 -17.7299109090725 5.43270056668329 0 10.4952098105546 17.6326684363338 17.3993106021543 0 18.4724600017641 17.4242149374561 -0.874160631966852 0 -0.230153424074013 2.26721421987154 0 1.46405320403355 -1.70862130471907 0.855582403072893 1.74054222448754 0 
1.57142565333233 -9.6165230449366 -12.6065675134801 14.2524333333841 0 3.11781161430656 3.84524594240135 12.7032875608202 7.17129616400753 0 14.3290552097974 0.595608745978963 -0.539393036509581 0 0.684997031141537 0.495501579947538 0 0 1.27771223947765 1.55277195365763 0.594697144159441 4.51637977013196 19.5161355920677 0 -13.1164008998854 -12.5584815221645 16.4908605525693 17.3993106021543 0 18.4724600017641 9.71817587954838 -0.874160631966852 0.72311685530614 -0.824825962062378 0 -1.64466012438976 2.16036358673142 -1.70862130471907 0.0967945445733119 1.74054222448754 0.892010547636082 
1.57142565333233 -9.6165230449366 -12.6065675134801 14.2524333333841 14.5051912815567 0 3.84524594240135 19.0058825253536 19.3124487819674 0 14.3290552097974 0.595608745978963 0 0 -0.278205655607491 0.495501579947538 0 0 1.21922591098548 1.456729500078 0.594697144159441 -7.97975425980042 -1.87978522269045 0.546975062460161 -13.1164008998854 -9.44131235542768 17.6326684363338 11.7135385842126 0 7.65148613958223 17.4242149374561 0 -0.23258512202305 -0.794477282801865 0 -1.64466012438976 1.46405320403355 -1.0195713002093 0.855582403072893 0.627150817041821 0 
1.57142565333233 -9.6165230449366 -12.6065675134801 0 0 3.11781161430656 3.84524594240135 14.3219155197134 1.18992964191825 0 14.3290552097974 0.595608745978963 0 -0.350463444455743 0.860422585560206 0.824546157114462 -0.25832338604998 -0.582755150498243 0.510160379144438 1.55277195365763 0.594697144159441 4.51637977013196 8.89517472560758 4.07105408069727 -13.1164008998854 -12.5584815221645 -3.12560128356591 18.0625698732969 17.5799880230241 18.4724600017641 17.4242149374561 -0.874160631966852 0.123296365590438 -1.48528664331664 0 -1.23458623270718 -1.89486798821709 -1.61282816258856 0 1.74054222448754 0 
1.57142565333233 -9.6165230449366 7.30142838116802 -1.42875629916264 13.434979332278 -2.37836879716644 3.84524594240135 -0.0771754043536146 1.18992964191825 -1.30705781563048 14.3290552097974 0.595608745978963 0.0356107136772995 0 2.32783074833352 0.537311485427111 0 1.78570482816813 -0.263255857053798 -0.602422650294575 0.594697144159441 4.51637977013196 13.8948257145913 4.4710669780481 -13.1164008998854 10.4952098105546 0 17.3993106021543 19.3847518097305 7.65148613958223 14.5378714867578 -0.874160631966852 0 -0.676888563985419 0 0 -1.81739824908664 -1.70862130471907 0.581065051635292 0 -0.85473623539076 
1.57142565333233 -9.6165230449366 5.75512571609818 15.6851160692447 7.54104370602455 0 2.82187173304701 12.7032875608202 18.1124276659044 0 14.3290552097974 0.595608745978963 0.75899016615422 1.68346783317787 0 0.495501579947538 0.79409043040317 0 1.32666692572025 1.55277195365763 0.594697144159441 -17.9936584914074 13.8948257145913 0 0 -18.7414049910109 18.96162224494 13.0460968488111 19.3847518097305 18.4724600017641 -4.22133633644382 -1.77381643269854 0 -0.667678957184627 2.26721421987154 0.0703606859223734 2.29791148500885 -1.54860505999467 0.581065051635292 1.74054222448754 -0.044609132243604 
1.57142565333233 -15.1649440523074 -0.223519362240806 5.00111400215007 9.92576415565599 17.3482750343849 -4.17879500686135 1.61057871841387 4.1790771342018 0 14.3290552097974 -0.667015781936709 0.024680209804643 0.312971982188975 -1.67991403906602 0 0 1.55692322909223 -0.263255857053798 -0.263169920194508 0.42169452054505 -10.7386995284766 13.8948257145913 -13.8402736158298 11.1467071403268 -9.44131235542768 0 -3.02308733964948 0 -22.9737566015095 9.71817587954838 -0.523611902149213 0 0.41138055101567 0.106590449701338 -1.64466012438976 -1.81739824908664 -1.07696275341649 0.160673894062952 -1.19944022912506 0.892010547636082 
0 -9.6165230449366 -12.6065675134801 -10.3638491455297 0 17.3482750343849 3.84524594240135 19.0058825253536 2.06952411451821 -1.90690950742313 14.3290552097974 1.08406255198366 0 0 0.860422585560206 -0.147850555320201 0 0 0.0348374208783905 -0.901204284895772 0.594697144159441 7.51837280158343 13.8948257145913 0 0 12.2665151702317 0 18.0625698732969 0 11.2722498214674 17.4242149374561 -1.54492028244069 0 -0.30580772753144 2.26721421987154 -0.628776976991806 -1.81739824908664 -1.02107509152082 0.249457139638 0.796011826021602 0 
1.57142565333233 -7.4133758172688 5.75512571609818 0.952987267334474 17.4451060860628 0 2.82187173304701 12.7032875608202 2.06952411451821 -3.50348348256828 14.3290552097974 0.595608745978963 0.75899016615422 0 1.76842868596708 0.495501579947538 0.79409043040317 0 0.0348374208783905 -0.0927300444304617 0.594697144159441 -7.2178659869674 13.8948257145913 4.4710669780481 0 10.4952098105546 0 0 19.3847518097305 -18.8818193501243 13.5468737937263 -0.132690675036372 0 -0.676888563985419 2.26721421987154 0 -1.77855653046097 1.44560278740041 0.581065051635292 -1.56857905900505 0 
0 -9.6165230449366 2.13387962721003 6.71250458781724 -0.345942022742677 0 3.84524594240135 12.7032875608202 0.0801325910399354 -0.307268424195828 14.3290552097974 0.595608745978963 0 0 0.586827653109481 0.495501579947538 0 0 0.45396995378843 -0.560845573437794 -0.11987647643307 4.51637977013196 0 5.43270056668329 0 14.9860957893478 4.65268917470364 17.3993106021543 19.3847518097305 -1.55922105608472 9.05416622536917 -0.874160631966852 0 -0.230153424074013 0 0 -1.13653378899048 -1.70862130471907 0.581065051635292 0.031732575051362 0.892010547636082 
2.85325165913957 -9.6165230449366 2.13387962721003 6.71250458781724 0 0 2.82187173304701 19.0058825253536 2.06952411451821 0 15.2766814170762 0.595608745978963 0 0 0.860422585560206 0.495501579947538 0.79409043040317 0 0.0348374208783905 0 0.591217487878733 4.51637977013196 13.8948257145913 0 0 10.4952098105546 18.96162224494 13.0460968488111 19.3847518097305 1.58678779503647 -4.22133633644382 -0.874160631966852 0 -0.667678957184627 2.26721421987154 0 2.29791148500885 -1.54860505999467 0.581065051635292 -0.462485380686114 -0.044609132243604 
0 -12.8718234960324 1.68475647714676 0 -0.345942022742677 0 3.84524594240135 -1.86302000645689 2.06952411451821 2.84413004202961 15.2766814170762 -1.49777657787212 1.48228125156941 0 0.586827653109481 0.577306153405135 0 1.68629425885449 0.0348374208783905 0.88817023583137 0.591217487878733 4.51637977013196 13.8948257145913 -13.8402736158298 5.4091972417241 15.718997639799 17.6326684363338 15.5221047752174 16.8897912313416 0 -4.22133633644382 -0.874160631966852 0 0.41138055101567 0 0.368912837034516 1.46405320403355 -1.70862130471907 0.581065051635292 -0.462485380686114 -0.044609132243604 
1.57142565333233 -9.6165230449366 -12.6065675134801 0.0613517483050711 0 17.3482750343849 2.82187173304701 19.0058825253536 19.3124487819674 -1.90690950742313 -4.84609227548171 0.595608745978963 0 -0.237615728470318 0.828666320130539 0 0.79409043040317 0 1.21922591098548 -0.901204284895772 -0.555537694387854 4.51637977013196 13.8948257145913 5.43270056668329 0 15.718997639799 0.136347605048841 11.7135385842126 0 0 9.71817587954838 -0.874160631966852 0 -0.230153424074013 2.26721421987154 0.368912837034516 -1.8190428004456 -1.0195713002093 0.855582403072893 -0.462485380686114 0.288980994852717 
