100
10
2.85401682280935 -9.6165230449366 2.13387962721003 -10.3638491455297 0 12.7497409259201 2.82187173304701 19.0058825253536 2.06952411451821 0 15.2766814170762 0.595608745978963 0 0 0.860422585560206 0 0.79409043040317 0 0.0348374208783905 1.55277195365763 0.591217487878733 -17.9936584914074 13.8948257145913 5.43270056668329 0 15.718997639799 3.13085404973517 13.0460968488111 0 18.4724600017641 -4.22133633644382 -1.77381643269854 0 -0.230153424074013 2.26721421987154 0.368912837034516 -1.81739824908664 -1.54860505999467 0.855582403072893 1.74054222448754 -0.044609132243604 
2.85401682280935 -9.6165230449366 7.30142838116802 0 0 0 2.82187173304701 12.7032875608202 1.18992964191825 -0.307268424195828 14.3290552097974 0.595608745978963 0.0356107136772995 -0.350463444455743 0.860422585560206 0.495501579947538 0.79409043040317 0 0.510160379144438 -0.560845573437794 0.594697144159441 17.8765355828575 19.5161355920677 4.75644002943599 -13.1164008998854 10.4952098105546 3.13085404973517 17.3993106021543 19.3847518097305 7.65148613958223 0 0.317181885650932 0.72311685530614 -0.388893530442796 0 0 -1.81739824908664 -1.70862130471907 0.581065051635292 0 -0.044609132243604 
2.85401682280935 -9.6165230449366 2.13387962721003 6.71250458781724 0 0 2.82187173304701 16.16365037142 2.06952411451821 0 15.2766814170762 0.595608745978963 0 0 0.860422585560206 0.495501579947538 0.79409043040317 0 0.0348374208783905 0 0.591217487878733 4.51637977013196 13.8948257145913 -1.05203276353517 0 10.4952098105546 18.96162224494 10.2228014886718 19.3847518097305 1.58678779503647 -4.22133633644382 -0.874160631966852 0 -0.653569538357467 2.26721421987154 0 2.29791148500885 -1.54860505999467 0.581065051635292 -0.462485380686114 -0.044609132243604 
2.85192470322279 -9.6165230449366 2.13387962721003 6.71250458781724 0 0 2.82187173304701 12.7032875608202 2.06952411451821 0 15.2766814170762 0.595608745978963 0 0 0.860422585560206 0.495501579947538 0.79409043040317 -0.389430026146318 0.0348374208783905 0 0.591217487878733 4.51637977013196 13.8948257145913 0 9.08221915638178 10.4952098105546 18.96162224494 -2.05287800014619 19.3847518097305 1.58678779503647 9.05416622536917 -0.874160631966852 0 -0.667678957184627 -0.0593000749029685 0 2.29791148500885 -1.92586736787384 0.581065051635292 -0.462485380686114 0.892010547636082 
2.85380961187157 -8.20008195107807 5.75512571609818 14.2524333333841 0 3.11781161430656 -1.31761275013798 -1.26443329754492 19.9770825323309 2.84413004202961 14.3290552097974 1.09673194805939 0.75899016615422 0 0.684997031141537 0.495501579947538 0.737540519022169 0.103233621894956 1.21922591098548 0.88817023583137 0.594697144159441 4.51637977013196 0 -5.22881116407402 -17.7115514211876 -21.5882046992836 18.96162224494 17.3993106021543 19.3847518097305 18.4724600017641 9.71817587954838 -0.874160631966852 0 -0.667678957184627 -1.52048759140097 -0.672353881924578 2.57854126267533 -1.70862130471907 0.581065051635292 1.74054222448754 0.892010547636082 
2.85377042757666 -9.6165230449366 7.30142838116802 0 7.54104370602455 0 2.82187173304701 12.7032875608202 1.18992964191825 -0.307268424195828 14.3290552097974 0.595608745978963 0.0356107136772995 1.47072999340982 0 0.495501579947538 0.79409043040317 0 -0.263255857053798 -0.560845573437794 0.594697144159441 17.8765355828575 19.5161355920677 4.75644002943599 -13.1164008998854 10.4952098105546 3.13085404973517 17.3993106021543 19.4022187426929 4.61628381703807 0 0.317181885650932 0.72311685530614 -0.388893530442796 0 0.710659971046569 -1.81739824908664 -1.70862130471907 1.14097616412257 -0.546751117816545 -0.044609132243604 
2.43480187326341 -9.6165230449366 2.13387962721003 -11.8470890595797 0 0 2.82187173304701 12.7032875608202 2.06952411451821 0.0219449379350734 15.2766814170762 0.595608745978963 0 0.554392240454625 0.860422585560206 0.495501579947538 0.79409043040317 0 0.0348374208783905 0.507460821972909 0.591217487878733 4.51637977013196 -1.87978522269045 0 9.08221915638178 8.32330224701357 18.96162224494 -2.05287800014619 16.2473004009562 1.76203054315971 12.1851239914937 -0.874160631966852 -0.23258512202305 -0.94396933342515 -0.0593000749029685 -0.15581531693964 2.29791148500885 -1.9524874333071 0.461214881078906 -0.574673894748405 0.892010547636082 
2.85251322763588 -7.63946444598933 7.30142838116802 14.2524333333841 7.34606078842006 0.797857418375955 3.84524594240135 12.7032875608202 7.17129616400753 -0.307268424195828 14.3290552097974 1.01640145159159 0.0356107136772995 0 0.76188256395137 -0.0635586921049089 0 0 1.27771223947765 -0.151926722378436 0.594697144159441 4.51637977013196 13.8948257145913 5.43270056668329 -17.4379540257333 8.48906633264342 13.4998314276337 17.3993106021543 0 -1.99247721675433 0 -0.874160631966852 -0.345340259049712 -0.230153424074013 -1.82784736913994 0 0.831472883835189 -1.70862130471907 0.249457139638 -0.926827766432812 -0.044609132243604 
2.56815212743496 -9.6165230449366 -12.6065675134801 14.2524333333841 3.39300922252844 17.7051188946725 3.84524594240135 -0.0771754043536146 18.1124276659044 -2.32545412130442 14.3290552097974 0.595608745978963 0 0.557846121330674 1.48790800912208 0.366502849043581 0 1.78570482816813 1.32666692572025 1.15006071168001 0.594697144159441 4.51637977013196 0 1.07730470631612 0 -18.7414049910109 17.6326684363338 13.0460968488111 16.2473004009562 -1.23201270510071 13.5468737937263 -0.874160631966852 0 -0.951575753493968 0 0.0703606859223734 1.46405320403355 -1.54860505999467 0.461214881078906 0.27169786375095 0 
0 -9.6165230449366 3.94357362014408 14.2524333333841 3.39300922252844 17.7051188946725 3.84524594240135 -2.50763135091757 18.1124276659044 0 15.2766814170762 0.595608745978963 0 0.557846121330674 1.48790800912208 0.366502849043581 0 2.11640418198724 1.32666692572025 1.55277195365763 0.591217487878733 4.51637977013196 -1.87978522269045 1.07730470631612 -13.1164008998854 -18.7414049910109 17.6326684363338 13.0460968488111 16.2473004009562 7.65148613958223 12.1851239914937 -0.874160631966852 -0.23258512202305 -0.951575753493968 0 0.0703606859223734 1.46405320403355 -1.54860505999467 0.461214881078906 0.627150817041821 0.892010547636082 
1.57142565333233 -9.6165230449366 7.30142838116802 -10.3638491455297 0 0 2.82187173304701 12.7032875608202 1.18992964191825 2.7269622305068 14.3290552097974 0.595608745978963 0.0356107136772995 0 0.860422585560206 0.495501579947538 0.79409043040317 0 0.510160379144438 1.0821815579581 0.594697144159441 17.8765355828575 19.5161355920677 0 -13.1164008998854 10.4952098105546 0 17.3993106021543 19.3847518097305 18.4724600017641 0 0.317181885650932 0.72311685530614 -0.30580772753144 0 0 -2.3833204258435 -1.70862130471907 0.581065051635292 1.17213720733865 -0.044609132243604 
2.57225002648302 -19.6061065236368 7.29248250422184 0 -0.345942022742677 0 3.84524594240135 -0.768191344718538 0.0801325910399354 -0.173089663974517 14.3290552097974 -0.699111080644238 0.493731254899749 0 0.586827653109481 0.495501579947538 0.551798150181676 0.944668250719397 0.45396995378843 -0.0716119144864436 0.594697144159441 4.51637977013196 13.8948257145913 0 0 14.9860957893478 17.6326684363338 17.3993106021543 0 1.01287162700336 9.71817587954838 -0.874160631966852 0 0.485777144919046 0 0 1.46405320403355 -1.70862130471907 0.855582403072893 -1.13195885704456 0.288980994852717 
2.571571100989 -8.20008195107807 -12.6065675134801 14.2524333333841 -2.80236759679502 0 3.84524594240135 14.3219155197134 8.71017002361369 0 14.3290552097974 1.09673194805939 0 0 0.270073072374833 0.495501579947538 0 -0.582755150498243 1.27771223947765 1.01454909248955 0.594697144159441 4.51637977013196 -1.87978522269045 0.546975062460161 -14.3428558916519 -9.44131235542768 20.4858299084407 19.4777762421769 16.2473004009562 7.65148613958223 17.4242149374561 -0.874160631966852 -0.23258512202305 -0.794477282801865 0.335774360576539 -1.64466012438976 2.16036358673142 -1.46783191220268 0.417506059793525 0.627150817041821 0 
2.56962366136775 -9.6165230449366 2.13387962721003 1.40910596987657 0 0 0.998489888849897 12.7032875608202 2.06952411451821 0 14.3290552097974 0.595608745978963 0 0 0.860422585560206 0.495501579947538 0.377713792946988 0 0.0348374208783905 0 0.594697144159441 4.51637977013196 -17.7299109090725 -16.5850135650416 0 9.04358723731413 17.6326684363338 17.3993106021543 16.2473004009562 0 17.4242149374561 -0.874160631966852 0 -0.0707014139139566 2.26721421987154 0.570659887930685 1.46405320403355 -1.70862130471907 0.461214881078906 -0.462485380686114 0 
2.571571100989 -8.20008195107807 -11.5656656547522 14.2524333333841 -2.80236759679502 1.6904822148804 3.84524594240135 14.3219155197134 8.71017002361369 0 14.3290552097974 1.09673194805939 -0.056031886057943 0 0.270073072374833 0.495501579947538 0 -0.582755150498243 1.27771223947765 1.55277195365763 0.594697144159441 4.51637977013196 1.66358138861301 0.546975062460161 -14.3428558916519 -9.44131235542768 20.4858299084407 19.4777762421769 16.2473004009562 7.65148613958223 17.4242149374561 -0.874160631966852 -0.842592595882058 -0.794477282801865 0.335774360576539 -1.90298209483874 2.16036358673142 -1.46783191220268 0.417506059793525 0.627150817041821 0 
2.57109798855871 -9.6165230449366 7.30142838116802 1.40910596987657 0 0 3.84524594240135 12.7032875608202 3.11417486153737 -1.30705781563048 14.3290552097974 0.595608745978963 0.0356107136772995 0 0.149359558964781 0.577306153405135 0 0 -0.263255857053798 -0.602422650294575 0.594697144159441 4.51637977013196 -17.7299109090725 5.43270056668329 0 10.4952098105546 17.6326684363338 17.3993106021543 -3.2308152512325 0 17.4242149374561 -0.874160631966852 0 -0.230153424074013 2.26721421987154 0 1.46405320403355 -1.70862130471907 0.781950695450395 -0.462485380686114 0 
2.57014966626553 -9.6165230449366 7.30142838116802 -2.09466155008164 0 0 3.84524594240135 12.7032875608202 1.18992964191825 0 14.3290552097974 0.595608745978963 0.0356107136772995 -0.406442748571952 0.860422585560206 0.577306153405135 0 0 -0.263255857053798 0 0.594697144159441 4.51637977013196 -1.87978522269045 1.98718283790498 9.08221915638178 10.4952098105546 17.6326684363338 -2.05287800014619 0 2.7954618366414 17.4242149374561 -0.874160631966852 -0.23258512202305 -1.32282547509429 -0.0593000749029685 0 1.46405320403355 -1.9524874333071 0.855582403072893 0 0 
2.57062417742946 -20.360848803637 7.29248250422184 1.08469953911132 -0.345942022742677 0 3.84524594240135 -0.768191344718538 0.0801325910399354 -0.173089663974517 14.3290552097974 -1.34688545654848 0.493731254899749 0.383975242461998 0.586827653109481 0.495501579947538 0.551798150181676 0.944668250719397 0.45396995378843 -0.0716119144864436 0.594697144159441 2.7238626101631 2.62300773946243 0 0 14.9860957893478 -1.10360574545507 17.3993106021543 19.3847518097305 1.01287162700336 9.71817587954838 -1.4999994316604 0 -0.744218633945202 0 0 -1.07999967299402 -1.70862130471907 0.581065051635292 -1.13195885704456 0.288980994852717 
1.57142565333233 -5.81427320363665 2.13387962721003 -9.24536340117704 0 21.2687917057279 0.885253834601144 12.7032875608202 -4.1896875976304 -1.92777257826076 14.3290552097974 0.595608745978963 0 0.3850713211601 1.39766068347621 0.366502849043581 0.724671249824889 0 0.0822400436514243 -0.516665829176393 0.594697144159441 1.46904770725828 -17.7299109090725 0 10.5557409869301 13.5288432267862 17.6326684363338 17.3993106021543 0 11.2722498214674 0 -0.637190314120236 0 -0.30580772753144 -0.0593000749029685 0.14494548801563 1.92629874589681 -1.70862130471907 0.249457139638 0.796011826021602 -0.044609132243604 
1.57142565333233 -9.6165230449366 5.75512571609818 3.23005655930846 -3.84526293526649 21.2687917057279 3.2918586797043 1.94747124013839 19.9770825323309 2.84413004202961 14.3290552097974 0.595608745978963 0.75899016615422 1.20186968389986 0.149169282824346 -0.155102175090044 0.629776769853093 1.65334813935372 1.21922591098548 0.88817023583137 0.42169452054505 0 0 -2.8712082465278 5.4091972417241 -21.5882046992836 20.2229331545639 13.7258734521111 10.0467394912833 2.7954618366414 9.71817587954838 1.97945172897515 -0.12078988608941 -0.667678957184627 -0.493103477458052 -1.3695590271985 2.29791148500885 -1.70862130471907 -0.00272511171769591 0 0.892010547636082 
2.85154247632257 -19.9408373859668 3.19567573822368 3.23005655930846 5.51742845897909 21.2687917057279 3.84524594240135 -0.0771754043536146 19.9770825323309 2.84413004202961 14.3290552097974 -0.0292266572449481 0.75899016615422 1.20186968389986 1.40742201549347 0.068807240100022 0 1.78570482816813 1.21922591098548 0.88817023583137 0.42169452054505 -7.70568800093871 -0.749227824504128 4.4710669780481 7.254800781703 10.4952098105546 17.6326684363338 17.3993106021543 10.0467394912833 -18.8818193501243 9.71817587954838 0 -0.420737923225732 -0.676888563985419 -1.4221379639032 0 1.46405320403355 -1.70862130471907 -0.00272511171769591 -1.56857905900505 0.892010547636082 
2.85154247632257 -15.1649440523074 2.65785999801376 3.23005655930846 0 14.6344713646381 3.82697485749469 -0.0771754043536146 19.9770825323309 2.84413004202961 -4.84609227548171 -0.667015781936709 1.51706056500183 1.20186968389986 0.860422585560206 0.366502849043581 0.867401597927046 1.78570482816813 1.21922591098548 0.88817023583137 -0.555537694387854 4.51637977013196 -17.7299109090725 -16.539486076934 0 14.2060071027866 17.6326684363338 17.3993106021543 10.0467394912833 -18.8818193501243 17.4242149374561 -0.874160631966852 0.0310912653948605 0 2.26721421987154 -0.0364983679617282 1.46405320403355 -1.70862130471907 -0.00272511171769591 -1.56857905900505 0 
2.57036047570913 -19.6061065236368 -12.6065675134801 8.0834817620383 17.4451060860628 0 3.84524594240135 -0.0771754043536146 19.9770825323309 0 17.0641177259684 -0.699111080644238 0 0.516109605541504 1.11915983826349 0.495501579947538 0 1.78570482816813 1.21922591098548 1.55277195365763 0.0791987948115911 4.51637977013196 -1.87978522269045 0.546975062460161 -13.1164008998854 -9.44131235542768 17.6326684363338 19.4777762421769 16.0200770920935 7.65148613958223 12.1851239914937 -0.874160631966852 -0.23258512202305 -0.794477282801865 0 -1.64466012438976 1.46405320403355 -1.46783191220268 -0.245861599862511 0.627150817041821 0.892010547636082 
2.57036047570913 -9.6165230449366 5.75512571609818 3.23005655930846 -3.84526293526649 21.2687917057279 15.0788702420326 -0.0771754043536146 19.9770825323309 -0.71081114712209 -0.247605343464578 0.595608745978963 0.75899016615422 1.20186968389986 0.149169282824346 -0.155102175090044 0.23761765325331 1.78570482816813 1.21922591098548 -0.263169920194508 -0.691457366464407 4.51637977013196 0.944683132830394 -2.8712082465278 5.4091972417241 -18.7414049910109 0 17.3993106021543 10.0467394912833 2.7954618366414 13.5468737937263 -0.874160631966852 0.705865813962121 -0.667678957184627 -0.493103477458052 0.0703606859223734 -1.81739824908664 -1.70862130471907 -0.00272511171769591 0.859876507609094 -0.390935229217138 
2.57036047570913 -9.78371908857195 3.19298926330776 8.0834817620383 17.4451060860628 17.7051188946725 3.84524594240135 -0.0771754043536146 19.9770825323309 0 14.3290552097974 0.595608745978963 0 0.516109605541504 1.11915983826349 0.366502849043581 0 1.78570482816813 1.21922591098548 1.55277195365763 0.594697144159441 7.68102710548836 -15.0430522985026 0.58477505190986 0 7.20691330647418 17.6326684363338 0 16.2473004009562 -18.8818193501243 17.4242149374561 -0.23366677472073 0.777818305035037 -0.960433059218541 0 -0.221321241404545 1.46405320403355 -0.699646122753455 0.461214881078906 -1.56857905900505 0 
2.56962366136775 -15.1649440523074 5.75512571609818 3.23005655930846 0 3.11781161430656 3.82697485749469 -0.0771754043536146 17.2247705823624 2.84413004202961 14.3290552097974 -0.667015781936709 0.75899016615422 1.20186968389986 0.860422585560206 0.495501579947538 0.867401597927046 1.78570482816813 1.21922591098548 0.88817023583137 0.594697144159441 4.51637977013196 -17.7299109090725 -5.22881116407402 0 -21.5882046992836 17.6326684363338 17.3993106021543 19.3847518097305 -18.8818193501243 17.4242149374561 -0.874160631966852 0 -0.667678957184627 2.26721421987154 -0.672353881924578 1.46405320403355 -1.70862130471907 0.581065051635292 -1.56857905900505 0 
2.57036047570913 -9.6165230449366 2.13387962721003 14.2524333333841 0.0724695343396019 3.11781161430656 3.82697485749469 -0.0771754043536146 19.9770825323309 0 14.3290552097974 0.595608745978963 0 0.557846121330674 1.48790800912208 0.495501579947538 0.867401597927046 1.78570482816813 1.21922591098548 1.17758372275978 0.594697144159441 4.51637977013196 -1.87978522269045 0.546975062460161 -17.7115514211876 -9.44131235542768 16.6679209721358 17.3993106021543 0 2.7954618366414 12.1851239914937 -0.874160631966852 -0.23258512202305 -0.794477282801865 -1.52048759140097 -1.64466012438976 1.89857760578793 -1.70862130471907 0.0967945445733119 -0.455247693348326 0.892010547636082 
2.56772166286727 -9.6165230449366 5.75512571609818 3.23005655930846 0 12.7497409259201 6.78270144734192 -0.0771754043536146 19.9770825323309 2.84413004202961 14.3290552097974 0.595608745978963 0.75899016615422 1.20186968389986 0.860422585560206 0 1.26070680710986 1.78570482816813 1.21922591098548 0.88817023583137 0.594697144159441 -17.9936584914074 15.8069945965693 5.43270056668329 0 12.2200231809728 17.6326684363338 13.0460968488111 0 18.4724600017641 -4.22133633644382 -1.77381643269854 -0.755969384394572 -0.230153424074013 2.26721421987154 0 0.713218044635476 -1.54860505999467 0.855582403072893 1.74054222448754 -0.044609132243604 
2.57083390784213 -9.6165230449366 3.94357362014408 8.0834817620383 17.4451060860628 17.7051188946725 3.84524594240135 -0.0771754043536146 19.9770825323309 0 15.2766814170762 0.595608745978963 0 0.516109605541504 1.11915983826349 0.366502849043581 0 1.78570482816813 1.21922591098548 1.55277195365763 0.086829245056412 7.68102710548836 -17.7299109090725 0.546975062460161 0 -9.44131235542768 17.6326684363338 17.3993106021543 16.2473004009562 -18.8818193501243 11.6100198067771 -0.23366677472073 0 -0.794477282801865 0 -1.64466012438976 1.46405320403355 -1.70862130471907 0.461214881078906 -1.56857905900505 0.892010547636082 
1.57142565333233 -9.6165230449366 2.13387962721003 0.0613517483050711 -1.75574767112534 17.3482750343849 10.3223563201364 2.77723446617705 2.06952411451821 0 14.3290552097974 0.595608745978963 0 -0.237615728470318 0.860422585560206 0 -0.354072984398377 -0.0900088604958769 0.0348374208783905 0 0.594697144159441 4.51637977013196 -17.7299109090725 -16.539486076934 -3.80025988994178 14.9860957893478 17.6326684363338 11.736142372124 16.2473004009562 0 9.71817587954838 -0.874160631966852 0 0 2.26721421987154 0 1.46405320403355 -2.01234856421703 0.461214881078906 -0.462485380686114 0.288980994852717 
2.57009741187275 -8.20008195107807 -13.1939307852853 -1.87600797611568 9.0056994075215 3.11781161430656 -4.17879500686135 1.73030284407097 13.9025432355248 0.617433711987656 18.0017163031743 1.09673194805939 -0.539393036509581 0 -0.619922678596304 0.495501579947538 0 -0.612077079500107 1.11344635326576 -0.263169920194508 0.594697144159441 1.6179865369657 15.9200203152699 -13.8402736158298 7.11130042519015 15.718997639799 -1.88031982613277 15.8907709634354 15.8810176175931 1.56924623175023 -2.44195183666514 2.41127853459272 -0.322572452990605 0.703095850154337 -0.263426238784299 0.368912837034516 -1.81739824908664 -2.1462855056982 1.26602399913409 0 -0.044609132243604 
2.56962366136775 -9.6165230449366 1.68475647714676 14.2524333333841 0 3.22595562870892 -4.17879500686135 -0.0771754043536146 10.8199533856101 0.617433711987656 14.3290552097974 0.595608745978963 1.48228125156941 0 0.828666320130539 0.507067203850982 0 1.78570482816813 1.27771223947765 -0.263169920194508 0.187966907856971 4.51637977013196 -1.87978522269045 4.4710669780481 -13.1164008998854 -6.29944497058142 20.4858299084407 19.4777762421769 17.6076137760457 7.65148613958223 16.3208481596414 -0.874160631966852 -0.23258512202305 -0.676888563985419 0 -1.17319025289882 2.16036358673142 -1.46783191220268 0.461214881078906 0.627150817041821 -0.85473623539076 
1.57142565333233 -15.1649440523074 5.75512571609818 8.0834817620383 0 21.2687917057279 3.82697485749469 -0.0771754043536146 20.1757608322081 2.84413004202961 -4.84609227548171 -0.667015781936709 0.75899016615422 0.516109605541504 0.860422585560206 0.366502849043581 0.867401597927046 1.78570482816813 1.67284849188889 0.88817023583137 -0.555537694387854 4.51637977013196 -17.7299109090725 -16.539486076934 0 12.2200231809728 17.6326684363338 17.3993106021543 9.90086834183935 -18.8818193501243 12.1851239914937 -0.874160631966852 0 0 2.26721421987154 0 1.46405320403355 -1.70862130471907 0.63653811690702 -1.56857905900505 0.892010547636082 
2.56988634506748 -19.6061065236368 5.75512571609818 8.0834817620383 0.560331688663145 21.2687917057279 3.82697485749469 -0.0771754043536146 19.9770825323309 2.84413004202961 0.00548789510758961 -0.699111080644238 0.75899016615422 0.516109605541504 0.860422585560206 -0.155102175090044 0.867401597927046 1.78570482816813 1.21922591098548 0.88817023583137 0.719785346272301 0 0 -2.8712082465278 2.743492905583 -21.5882046992836 18.96162224494 17.3993106021543 16.3056339526808 -18.8818193501243 9.71817587954838 1.97945172897515 0 -0.667678957184627 -0.360016824197963 -0.672353881924578 2.29791148500885 -1.70862130471907 0.581065051635292 -1.56857905900505 0.892010547636082 
2.56988634506748 -19.6061065236368 5.75512571609818 10.9122204285638 0 21.2687917057279 3.82697485749469 -0.0771754043536146 19.9770825323309 2.84413004202961 0.00548789510758961 -0.699111080644238 0.75899016615422 -0.0821727255928202 0.860422585560206 0.366502849043581 0.867401597927046 1.78570482816813 1.21922591098548 0.88817023583137 0.252594015711264 0 0 -2.8712082465278 0 -21.5882046992836 18.96162224494 17.3993106021543 10.0467394912833 -18.8818193501243 9.71817587954838 1.97945172897515 0 -0.399786077067156 0 -0.672353881924578 2.29791148500885 -1.70862130471907 -0.00272511171769591 -1.56857905900505 0.892010547636082 
2.56988634506748 -15.5076997122298 5.75512571609818 8.0834817620383 0 0 3.82697485749469 -0.0771754043536146 19.9770825323309 0 14.3290552097974 -1.21993683722799 0.75899016615422 0.516109605541504 0.860422585560206 0.495501579947538 0.867401597927046 1.78570482816813 1.21922591098548 1.55277195365763 0.42169452054505 7.34669749322193 -1.87978522269045 0.546975062460161 5.4091972417241 -9.44131235542768 16.6679209721358 17.3993106021543 12.1710886847326 2.7954618366414 12.1851239914937 1.77047438810602 -0.23258512202305 -0.794477282801865 0 -1.64466012438976 1.89857760578793 -1.70862130471907 1.24731530248994 0 0.892010547636082 
2.57036047570913 -9.6165230449366 -12.6065675134801 8.0834817620383 3.39300922252844 17.3482750343849 15.6554774553541 -0.0771754043536146 18.4196665497588 0 14.3290552097974 0.595608745978963 0 0.516109605541504 1.48790800912208 0 -0.475882462382262 1.78570482816813 1.21922591098548 0 0.594697144159441 4.51637977013196 -1.87978522269045 0.58477505190986 -13.1164008998854 7.20691330647418 1.24519768417589 19.4777762421769 4.43233030682072 0 17.4242149374561 -0.874160631966852 -0.23258512202305 -0.960433059218541 0 -0.221321241404545 -2.41878447859026 -1.46783191220268 0.68044909717536 -0.462485380686114 0 
2.56988634506748 -19.6061065236368 5.15372766144747 8.0834817620383 0 21.2687917057279 3.82697485749469 -0.0771754043536146 19.9770825323309 2.84413004202961 -1.93703772171262 -0.699111080644238 0.458565329782928 0.516109605541504 0.860422585560206 0.366502849043581 0.867401597927046 1.78570482816813 1.21922591098548 0.88817023583137 0.252594015711264 0 0 -2.8712082465278 0 -21.5882046992836 18.96162224494 17.3993106021543 10.0467394912833 -18.8818193501243 9.71817587954838 1.97945172897515 -0.0822749015420093 -0.667678957184627 0 -0.672353881924578 2.29791148500885 -1.70862130471907 -0.00272511171769591 -1.56857905900505 1.08447856767312 
2.5694115145838 -9.6165230449366 -12.6065675134801 4.05220477541546 0 17.3482750343849 12.2270557285412 2.77723446617705 2.06952411451821 -1.90690950742313 14.3290552097974 0.595608745978963 0 -0.237615728470318 0.860422585560206 0 0.0861756337090281 -0.0900088604958769 0.0348374208783905 -0.901204284895772 0.594697144159441 -7.97975425980042 -17.7299109090725 -16.539486076934 0 14.9860957893478 5.08952191753291 11.736142372124 20.1175014624686 7.65148613958223 9.71817587954838 0 0 0 2.26721421987154 0 -1.81739824908664 -2.01234856421703 0.581065051635292 0 0.288980994852717 
2.56988634506748 -9.6165230449366 -12.6065675134801 1.70414736219875 0 0 3.84524594240135 16.3129016738445 2.06952411451821 -1.76640889582523 14.3290552097974 0.595608745978963 0 0 0.860422585560206 0.495501579947538 -0.25832338604998 0 0.0348374208783905 -0.46077359882685 0.594697144159441 4.51637977013196 -17.7299109090725 -16.539486076934 -17.7115514211876 10.4952098105546 1.97218097752062 13.4346862329797 0 18.4724600017641 17.4242149374561 -0.874160631966852 0 0 -1.52048759140097 0 -1.81043249962406 -1.3239385954309 0.855582403072893 1.74054222448754 0 
2.56988634506748 -10.2433165712949 -12.6065675134801 0 0 3.11781161430656 15.0788702420326 -0.0771754043536146 18.1124276659044 -3.50348348256828 14.3290552097974 0.502251116019791 0.282310630885097 1.47072999340982 0.860422585560206 0.495501579947538 0.23761765325331 1.78570482816813 1.32666692572025 -0.0927300444304617 0.594697144159441 4.83790607617139 5.33323587166762 0.58477505190986 -17.7115514211876 -18.7414049910109 18.96162224494 13.0460968488111 0 18.4724600017641 9.05416622536917 -0.886495653505668 0 -0.960433059218541 -1.52048759140097 0.0703606859223734 2.29791148500885 -1.54860505999467 0.0967945445733119 1.74054222448754 0.892010547636082 
2.56988634506748 -9.6165230449366 -12.6065675134801 8.0834817620383 3.39300922252844 17.3482750343849 3.84524594240135 -0.0771754043536146 19.3124487819674 0 15.2766814170762 0.595608745978963 0 0.516109605541504 1.48790800912208 -0.0962358531058933 0 1.78570482816813 1.21922591098548 0 0.591217487878733 4.51637977013196 -1.87978522269045 0.546975062460161 -13.1164008998854 9.41043393332997 17.6326684363338 17.3993106021543 16.2473004009562 7.65148613958223 12.1851239914937 -0.874160631966852 -0.23258512202305 -0.794477282801865 0 -0.53995364456901 1.46405320403355 -1.70862130471907 0.461214881078906 0.627150817041821 0.892010547636082 
2.56988634506748 -19.6061065236368 3.19567573822368 8.0834817620383 13.7380100106765 21.2687917057279 10.3223563201364 -0.0771754043536146 19.9770825323309 2.84413004202961 0.00548789510758961 -0.699111080644238 0.75899016615422 0.516109605541504 -1.47065965604533 0.366502849043581 -0.354072984398377 1.78570482816813 1.21922591098548 0.88817023583137 0.252594015711264 0 0 0 0 -21.5882046992836 17.6326684363338 17.3993106021543 16.3056339526808 -18.8818193501243 9.71817587954838 1.97945172897515 0 -0.667678957184627 0 -0.672353881924578 1.46405320403355 -1.70862130471907 0.581065051635292 -1.56857905900505 0.892010547636082 
0 -19.6061065236368 5.75512571609818 8.0834817620383 0 21.2687917057279 3.82697485749469 -0.0771754043536146 18.300757540041 5.2824564804707 0.00548789510758961 -0.699111080644238 0.75899016615422 0.516109605541504 0.860422585560206 0.366502849043581 0.867401597927046 1.78570482816813 1.11253393988709 0.88817023583137 0.252594015711264 4.51637977013196 0 4.4710669780481 0 10.4952098105546 18.96162224494 17.3993106021543 23.3661175011034 -18.8818193501243 5.20655095102571 -0.874160631966852 0 -0.676888563985419 0 0 2.29791148500885 -1.70862130471907 0.680206277817584 -1.56857905900505 0.421053572102009 
2.56750516746731 -19.6061065236368 -12.6065675134801 8.0834817620383 21.3489921021969 0 3.84524594240135 -0.0771754043536146 19.3124487819674 0.418908978076144 17.0641177259684 -0.699111080644238 0 0.516109605541504 0.323501335239737 0.495501579947538 0 1.78570482816813 1.21922591098548 0.872384626414806 0.0791987948115911 4.51637977013196 -1.87978522269045 0.546975062460161 -17.0051010995429 -9.44131235542768 17.6326684363338 19.4777762421769 16.2473004009562 11.4339581315564 11.8831511877864 -0.874160631966852 -0.23258512202305 -0.794477282801865 0.522010970880282 -1.64466012438976 1.46405320403355 -1.46783191220268 0.461214881078906 -0.0220284299096225 1.49818065958944 
1.57142565333233 -12.8718234960324 1.6572910125867 0 -0.345942022742677 21.2687917057279 3.82697485749469 -0.0771754043536146 13.9025432355248 2.84413004202961 19.3116124325952 -1.49777657787212 1.9946337511738 0.670185510860842 0.586827653109481 0.366502849043581 0.867401597927046 1.78570482816813 1.11344635326576 0.88817023583137 0.804120991008413 0 0 -5.20686073054413 5.4091972417241 15.718997639799 0 17.3993106021543 10.0467394912833 2.7954618366414 9.71817587954838 1.97945172897515 -0.368246173396821 -0.667678957184627 0 0.368912837034516 -1.81739824908664 -1.70862130471907 -0.00272511171769591 0 0.892010547636082 
2.5694115145838 -9.6165230449366 2.13387962721003 12.4463399454236 0.0724695343396019 3.11781161430656 15.0788702420326 -0.0771754043536146 18.1124276659044 -3.50348348256828 14.6604311758002 0.595608745978963 0 0.893790702444404 1.48790800912208 0.495501579947538 0.23761765325331 1.78570482816813 1.32666692572025 -0.0927300444304617 0.594697144159441 4.51637977013196 13.8948257145913 1.48374167032714 -17.7115514211876 -12.5584815221645 2.62567526075322 13.0460968488111 0 18.4724600017641 6.26159040278829 -0.874160631966852 0 -0.406055964089956 -1.52048759140097 -1.64466012438976 -1.77855653046097 -1.54860505999467 0.0967945445733119 1.74054222448754 0.892010547636082 
2.5694115145838 -15.1649440523074 5.75512571609818 8.0834817620383 0 21.2687917057279 3.82697485749469 -0.0771754043536146 22.6333323081878 2.84413004202961 -4.84609227548171 -0.667015781936709 0.75899016615422 0.516109605541504 0.860422585560206 0.366502849043581 0.867401597927046 1.78570482816813 1.21922591098548 0.88817023583137 -0.555537694387854 4.51637977013196 -17.7299109090725 -16.539486076934 0 12.2200231809728 16.6679209721358 17.3993106021543 16.2473004009562 -18.8818193501243 12.1851239914937 -0.874160631966852 0 0 2.26721421987154 0 1.89857760578793 -1.70862130471907 0.461214881078906 -1.45353677966331 0.892010547636082 
2.56936161289018 -12.8718234960324 1.68475647714676 0 0 21.2687917057279 15.0788702420326 -0.0771754043536146 18.1124276659044 0 19.3116124325952 -1.49777657787212 1.48228125156941 0 0.860422585560206 0.366502849043581 0.23761765325331 1.78570482816813 1.32666692572025 2.11694668600194 0.804120991008413 2.50346112381828 0 0.58477505190986 9.87204888857531 15.718997639799 0 17.3993106021543 19.3847518097305 2.7954618366414 9.71817587954838 -1.57841862990447 -0.37509373790356 -0.960433059218541 -0.396543582648292 0.368912837034516 -1.81739824908664 -1.70862130471907 0.581065051635292 0 0.892010547636082 
2.70970140689894 -15.9499448808841 3.19567573822368 3.23005655930846 9.92576415565599 21.2687917057279 10.3223563201364 -0.0771754043536146 22.3340620832211 0 14.3290552097974 -1.2645488068762 0.75899016615422 1.20186968389986 -1.67991403906602 0.366502849043581 -0.4685893375094 1.78570482816813 1.31061227878119 1.456729500078 0.42169452054505 4.51637977013196 0 0 11.1467071403268 10.4952098105546 14.7024857542023 17.3993106021543 7.54197774023841 -18.8818193501243 9.71817587954838 -0.874160631966852 -0.37509373790356 -0.667678957184627 0.106590449701338 0 1.21376743829053 -1.70862130471907 -0.00272511171769591 -1.56857905900505 0.892010547636082 
1.57142565333233 -9.6165230449366 5.75512571609818 3.23005655930846 0 12.7497409259201 2.82187173304701 19.0058825253536 19.9770825323309 2.84413004202961 15.2766814170762 0.595608745978963 0.75899016615422 1.20186968389986 0.860422585560206 0 0.79409043040317 0 1.21922591098548 0.88817023583137 0.591217487878733 -17.9936584914074 -17.7299109090725 -16.539486076934 0 15.718997639799 17.6326684363338 17.3993106021543 10.0467394912833 18.4724600017641 17.4242149374561 -1.77381643269854 0 0 2.26721421987154 0.368912837034516 1.46405320403355 -1.70862130471907 -0.00272511171769591 1.74054222448754 0 
1.57142565333233 -9.6165230449366 5.75512571609818 0 0 0 2.82187173304701 -1.26443329754492 19.9770825323309 -0.307268424195828 14.3290552097974 0.595608745978963 0.75899016615422 -0.350463444455743 0.684997031141537 0.495501579947538 0.79409043040317 0.103233621894956 1.21922591098548 -0.560845573437794 0.594697144159441 4.51637977013196 0 -5.22881116407402 -17.7115514211876 10.4952098105546 18.96162224494 17.3993106021543 19.3847518097305 18.4724600017641 0 -0.874160631966852 0 -0.667678957184627 -1.52048759140097 0 2.29791148500885 -1.70862130471907 0.581065051635292 1.74054222448754 -0.044609132243604 
2.57036047570913 -9.6165230449366 2.13387962721003 6.71250458781724 0 0 2.82187173304701 -0.0771754043536146 19.9770825323309 0 15.2766814170762 0.595608745978963 0 0 0.860422585560206 0.495501579947538 0.79409043040317 1.78570482816813 1.21922591098548 0 0.591217487878733 0 0 -1.05203276353517 0 10.4952098105546 18.96162224494 10.2228014886718 19.3847518097305 1.58678779503647 9.71817587954838 1.97945172897515 0 -0.653569538357467 2.26721421987154 0 2.29791148500885 -1.54860505999467 0.581065051635292 -0.462485380686114 0.892010547636082 
2.57036047570913 -19.6061065236368 5.75512571609818 6.71250458781724 0 21.2687917057279 2.82187173304701 -0.0771754043536146 19.9770825323309 5.2824564804707 0.00548789510758961 -0.699111080644238 0.75899016615422 0 0.860422585560206 0.366502849043581 0.79409043040317 1.78570482816813 1.21922591098548 0.88817023583137 0.252594015711264 4.51637977013196 0 4.4710669780481 9.08221915638178 10.4952098105546 18.96162224494 -2.05287800014619 19.3847518097305 -18.8818193501243 5.20655095102571 -0.874160631966852 0 -0.676888563985419 -0.0593000749029685 0 2.29791148500885 -1.9524874333071 0.581065051635292 -1.56857905900505 0.421053572102009 
1.57142565333233 -15.1649440523074 5.75512571609818 14.2524333333841 0 14.6344713646381 -0.778770001036473 -1.26443329754492 19.9770825323309 2.84413004202961 14.3290552097974 -0.667015781936709 0.75899016615422 0 0.860422585560206 0.366502849043581 1.01342390617981 0.103233621894956 1.21922591098548 0.88817023583137 0.594697144159441 4.51637977013196 0 -16.539486076934 -17.7115514211876 -21.5882046992836 17.6326684363338 17.3993106021543 19.3847518097305 18.4724600017641 9.71817587954838 -0.874160631966852 0 0 -1.52048759140097 -0.672353881924578 1.46405320403355 -1.70862130471907 0.581065051635292 1.74054222448754 0.892010547636082 
1.57142565333233 -9.6165230449366 7.30142838116802 8.0834817620383 7.54104370602455 0 2.82187173304701 12.7032875608202 1.18992964191825 0 15.2766814170762 0.595608745978963 0.0356107136772995 0.516109605541504 0 0.495501579947538 0.79409043040317 0 -0.263255857053798 1.55277195365763 0.591217487878733 7.68102710548836 19.5161355920677 4.75644002943599 -13.1164008998854 10.4952098105546 17.6326684363338 17.3993106021543 16.2473004009562 -18.8818193501243 0 -0.23366677472073 0.72311685530614 -0.388893530442796 0 0 1.46405320403355 -1.70862130471907 0.461214881078906 -1.56857905900505 -0.044609132243604 
1.57142565333233 -9.6165230449366 1.68475647714676 0 -0.345942022742677 21.2687917057279 2.82187173304701 12.7032875608202 2.06952411451821 2.84413004202961 15.2766814170762 0.595608745978963 1.48228125156941 0.670185510860842 0.586827653109481 0.366502849043581 0.79409043040317 0 0.0348374208783905 0.88817023583137 0.591217487878733 4.51637977013196 0 -5.20686073054413 5.4091972417241 8.32330224701357 0 -2.05287800014619 10.0467394912833 2.7954618366414 9.71817587954838 -0.874160631966852 -0.37509373790356 -0.667678957184627 0 -0.15581531693964 -1.81739824908664 -1.9524874333071 -0.00272511171769591 0 0.892010547636082 
1.57142565333233 -7.63946444598933 7.30142838116802 3.23005655930846 7.34606078842006 0.797857418375955 3.84524594240135 12.7032875608202 7.17129616400753 2.84413004202961 14.3290552097974 1.01640145159159 0.0356107136772995 1.20186968389986 0.76188256395137 -0.0635586921049089 0 0 1.27771223947765 0.88817023583137 0.594697144159441 4.51637977013196 13.8948257145913 5.43270056668329 5.4091972417241 8.48906633264342 13.4998314276337 17.3993106021543 0 2.7954618366414 9.71817587954838 -0.874160631966852 -0.345340259049712 -0.230153424074013 -0.493103477458052 0 0.831472883835189 -1.70862130471907 0.249457139638 0 0.892010547636082 
2.56936161289018 -9.6165230449366 -12.6065675134801 14.2524333333841 3.39300922252844 0 2.82187173304701 -0.0771754043536146 1.18992964191825 -0.307268424195828 14.3290552097974 0.595608745978963 0 0.557846121330674 1.48790800912208 0.495501579947538 0.79409043040317 1.78570482816813 -0.263255857053798 -0.560845573437794 0.594697144159441 4.51637977013196 0 1.07730470631612 0 -18.7414049910109 17.6326684363338 13.0460968488111 19.4022187426929 4.61628381703807 13.5468737937263 -0.874160631966852 0 -0.951575753493968 0 0.0703606859223734 1.46405320403355 -1.54860505999467 1.14097616412257 -0.546751117816545 0 
1.57142565333233 -9.6165230449366 7.29248250422184 1.08469953911132 -0.345942022742677 17.7051188946725 3.84524594240135 -0.768191344718538 18.1124276659044 -0.173089663974517 15.2766814170762 0.595608745978963 0.493731254899749 0.383975242461998 0.586827653109481 0.366502849043581 0 0.944668250719397 1.32666692572025 -0.0716119144864436 0.591217487878733 4.51637977013196 2.62300773946243 1.07730470631612 0 -18.7414049910109 17.6326684363338 13.0460968488111 19.3847518097305 1.01287162700336 12.1851239914937 -0.874160631966852 0 -0.951575753493968 0 0.0703606859223734 1.46405320403355 -1.54860505999467 0.581065051635292 -1.13195885704456 0.892010547636082 
1.57142565333233 -9.6165230449366 3.94357362014408 8.0834817620383 0 17.7051188946725 3.84524594240135 12.7032875608202 19.9770825323309 0 15.2766814170762 0.595608745978963 0 0.516109605541504 0.860422585560206 0.366502849043581 0 0 1.21922591098548 1.55277195365763 0.591217487878733 17.8765355828575 -17.7299109090725 0 -13.1164008998854 -9.44131235542768 0 17.3993106021543 16.2473004009562 18.4724600017641 12.1851239914937 0.317181885650932 0 -0.30580772753144 0 -1.64466012438976 -2.3833204258435 -1.70862130471907 0.461214881078906 1.74054222448754 0.892010547636082 
1.57142565333233 -19.6061065236368 7.29248250422184 0 -0.345942022742677 0 3.84524594240135 -0.768191344718538 19.3124487819674 -0.173089663974517 17.0641177259684 -0.699111080644238 0.493731254899749 0 0.586827653109481 0.495501579947538 0.551798150181676 0.944668250719397 1.21922591098548 -0.0716119144864436 0.0791987948115911 4.51637977013196 -1.87978522269045 0 -17.0051010995429 -9.44131235542768 17.6326684363338 17.3993106021543 0 7.65148613958223 9.71817587954838 -0.874160631966852 -0.23258512202305 -0.30580772753144 0.522010970880282 -1.64466012438976 1.46405320403355 -1.70862130471907 0.855582403072893 0.627150817041821 0.288980994852717 
2.571571100989 -8.20008195107807 -12.6065675134801 14.2524333333841 0 0 3.84524594240135 12.7032875608202 8.71017002361369 0 14.3290552097974 1.09673194805939 0 0 0.860422585560206 0.495501579947538 0 0 1.27771223947765 1.55277195365763 0.594697144159441 4.51637977013196 -17.7299109090725 0.546975062460161 0 -9.44131235542768 20.4858299084407 19.4777762421769 16.2473004009562 7.65148613958223 17.4242149374561 -0.874160631966852 0 -0.794477282801865 2.26721421987154 -1.64466012438976 2.16036358673142 -1.46783191220268 0.417506059793525 0.627150817041821 0 
1.57142565333233 -9.6165230449366 3.94357362014408 1.40910596987657 17.4451060860628 17.7051188946725 3.84524594240135 12.7032875608202 2.06952411451821 0 14.3290552097974 0.595608745978963 0 0 1.11915983826349 0.366502849043581 0 0 0.0348374208783905 0 0.594697144159441 4.51637977013196 -17.7299109090725 0.58477505190986 0 9.04358723731413 17.6326684363338 0 16.2473004009562 0 17.4242149374561 -0.874160631966852 0 -0.960433059218541 2.26721421987154 0.570659887930685 1.46405320403355 -0.699646122753455 0.461214881078906 -0.462485380686114 0 
2.5682445944548 -9.6165230449366 2.13387962721003 1.40910596987657 -2.80236759679502 0 0.998489888849897 12.7032875608202 2.06952411451821 0 14.3290552097974 0.595608745978963 0 0 0.270073072374833 0.495501579947538 0.377713792946988 0 0.0348374208783905 0 0.594697144159441 4.51637977013196 -17.7299109090725 -16.5850135650416 -14.3428558916519 -9.44131235542768 20.4858299084407 17.3993106021543 16.2473004009562 0 17.4242149374561 -0.874160631966852 0 -0.0707014139139566 0.335774360576539 -1.64466012438976 2.16036358673142 -1.70862130471907 0.461214881078906 -0.462485380686114 0 
1.57142565333233 -12.8718234960324 1.68475647714676 0 -0.345942022742677 0 3.84524594240135 12.7032875608202 3.11417486153737 2.84413004202961 14.3290552097974 -1.49777657787212 1.48228125156941 0.670185510860842 0.586827653109481 0.577306153405135 0 0 -0.263255857053798 0.88817023583137 0.594697144159441 0 0 -5.20686073054413 5.4091972417241 15.718997639799 0 17.3993106021543 10.0467394912833 2.7954618366414 17.4242149374561 1.97945172897515 -0.37509373790356 -0.667678957184627 0 0.368912837034516 -1.81739824908664 -1.70862130471907 -0.00272511171769591 0 0 
1.57142565333233 -9.6165230449366 7.30142838116802 14.2524333333841 0 0 3.84524594240135 12.7032875608202 8.71017002361369 0 14.3290552097974 0.595608745978963 0.0356107136772995 0 0.860422585560206 0.577306153405135 0 0 1.27771223947765 0 0.594697144159441 4.51637977013196 1.66358138861301 0 -14.3428558916519 10.4952098105546 17.6326684363338 -2.05287800014619 16.2473004009562 7.65148613958223 17.4242149374561 -0.874160631966852 -0.842592595882058 -0.667678957184627 0.335774360576539 0 1.46405320403355 -1.9524874333071 0.417506059793525 0.627150817041821 0 
1.57142565333233 -19.6061065236368 2.13387962721003 1.08469953911132 -0.345942022742677 3.11781161430656 3.82697485749469 -0.768191344718538 0.0801325910399354 -0.173089663974517 14.3290552097974 -0.699111080644238 0 0.383975242461998 0.586827653109481 0.495501579947538 0.867401597927046 0.944668250719397 0.45396995378843 -0.0716119144864436 0.594697144159441 4.51637977013196 -1.87978522269045 0 -17.7115514211876 14.9860957893478 16.6679209721358 17.3993106021543 0 1.01287162700336 12.1851239914937 -0.874160631966852 -0.23258512202305 -0.744218633945202 -1.52048759140097 0 1.89857760578793 -1.70862130471907 0.0967945445733119 -1.13195885704456 0.892010547636082 
1.57142565333233 -9.6165230449366 3.19567573822368 8.0834817620383 9.92576415565599 21.2687917057279 0.885253834601144 12.7032875608202 -4.1896875976304 -1.92777257826076 14.3290552097974 0.595608745978963 0.75899016615422 0.516109605541504 -1.67991403906602 0.366502849043581 0.724671249824889 0 0.0822400436514243 -0.516665829176393 0.594697144159441 4.51637977013196 -17.7299109090725 0 0 -21.5882046992836 17.6326684363338 17.3993106021543 0 -18.8818193501243 0 -0.874160631966852 0 -0.667678957184627 0 -0.672353881924578 1.92629874589681 -1.70862130471907 0.249457139638 -1.56857905900505 -0.044609132243604 
1.57142565333233 -9.6165230449366 7.30142838116802 3.23005655930846 0 21.2687917057279 2.82187173304701 12.7032875608202 19.9770825323309 -0.307268424195828 14.3290552097974 0.595608745978963 0.0356107136772995 1.20186968389986 0.860422585560206 -0.155102175090044 0.79409043040317 0 1.21922591098548 -0.560845573437794 0.594697144159441 17.8765355828575 19.5161355920677 4.75644002943599 5.4091972417241 -21.5882046992836 3.13085404973517 17.3993106021543 10.0467394912833 2.7954618366414 9.71817587954838 0.317181885650932 0.72311685530614 -0.388893530442796 -0.493103477458052 -1.3695590271985 -1.81739824908664 -1.70862130471907 -0.00272511171769591 0 0.892010547636082 
2.56841277967297 -19.9408373859668 3.19567573822368 8.0834817620383 17.4451060860628 0 3.84524594240135 -0.0771754043536146 19.9770825323309 2.84413004202961 17.0641177259684 -0.0292266572449481 0.75899016615422 0.516109605541504 1.11915983826349 0.495501579947538 0 1.78570482816813 1.21922591098548 0.88817023583137 0.0791987948115911 4.51637977013196 -1.87978522269045 0.546975062460161 -13.1164008998854 10.4952098105546 17.6326684363338 17.3993106021543 10.0467394912833 -18.8818193501243 9.71817587954838 -0.874160631966852 -0.23258512202305 -0.794477282801865 0 0 1.46405320403355 -1.70862130471907 -0.00272511171769591 -1.56857905900505 0.892010547636082 
1.57142565333233 -15.1649440523074 5.75512571609818 14.2524333333841 7.34606078842006 14.6344713646381 3.82697485749469 12.7032875608202 7.17129616400753 2.84413004202961 14.3290552097974 -0.667015781936709 0.75899016615422 0 0.76188256395137 0.366502849043581 0.867401597927046 0 1.27771223947765 0.88817023583137 0.594697144159441 4.51637977013196 13.8948257145913 -16.539486076934 -17.4379540257333 14.2060071027866 17.6326684363338 17.3993106021543 0 -1.99247721675433 17.4242149374561 -0.874160631966852 -0.345340259049712 0 -1.82784736913994 -0.0364983679617282 1.46405320403355 -1.70862130471907 0.249457139638 -0.926827766432812 0 
2.5694115145838 -9.6165230449366 5.75512571609818 3.23005655930846 0 12.7497409259201 3.84524594240135 -0.0771754043536146 19.9770825323309 0 14.3290552097974 0.595608745978963 0.75899016615422 1.20186968389986 0.860422585560206 0 0 1.78570482816813 1.21922591098548 1.55277195365763 0.594697144159441 -17.9936584914074 -1.87978522269045 0.546975062460161 -13.1164008998854 -9.44131235542768 17.6326684363338 19.4777762421769 16.2473004009562 7.65148613958223 12.1851239914937 -1.77381643269854 -0.23258512202305 -0.794477282801865 0 -1.64466012438976 1.46405320403355 -1.46783191220268 0.461214881078906 0.627150817041821 0.892010547636082 
2.57036047570913 -9.6165230449366 5.75512571609818 3.23005655930846 -3.84526293526649 21.2687917057279 15.0788702420326 -0.0771754043536146 19.9770825323309 -0.0698750087152584 -0.247605343464578 0.595608745978963 0.75899016615422 1.20186968389986 0.149169282824346 -0.155102175090044 0.23761765325331 1.78570482816813 1.21922591098548 -0.263169920194508 -0.691457366464407 4.51637977013196 0.944683132830394 -2.8712082465278 5.4091972417241 -18.7414049910109 0 17.3993106021543 10.0467394912833 2.7954618366414 13.5468737937263 -0.874160631966852 0.705865813962121 -0.667678957184627 -0.493103477458052 0.0703606859223734 -1.81739824908664 -1.70862130471907 -0.00272511171769591 0.256481619731747 -0.390935229217138 
1.57142565333233 -9.78371908857195 -13.1939307852853 8.0834817620383 17.4451060860628 17.7051188946725 3.84524594240135 1.73030284407097 19.9770825323309 0.617433711987656 14.3290552097974 0.595608745978963 -0.539393036509581 0.516109605541504 1.11915983826349 0.366502849043581 0 -0.612077079500107 1.21922591098548 -0.263169920194508 0.594697144159441 7.68102710548836 15.9200203152699 0.58477505190986 0 7.20691330647418 17.6326684363338 0 16.864833427763 -18.8818193501243 -2.44195183666514 -0.23366677472073 -0.322572452990605 -0.960433059218541 0 -0.221321241404545 1.46405320403355 -0.699646122753455 1.56864669752244 -1.56857905900505 -0.044609132243604 
2.57020225250304 -9.6165230449366 5.75512571609818 14.2524333333841 3.39300922252844 3.11781161430656 3.82697485749469 -0.0771754043536146 19.9770825323309 2.84413004202961 14.3290552097974 0.595608745978963 0.75899016615422 0.557846121330674 1.48790800912208 0.495501579947538 0.867401597927046 1.78570482816813 1.21922591098548 0.88817023583137 0.594697144159441 4.51637977013196 -17.7299109090725 -5.22881116407402 0 -18.7414049910109 17.6326684363338 17.3993106021543 19.3847518097305 -1.23201270510071 13.5468737937263 -0.874160631966852 0 -0.667678957184627 2.26721421987154 0.0703606859223734 1.46405320403355 -1.70862130471907 0.581065051635292 0.27169786375095 0 
2.56610780560695 -9.6165230449366 2.13387962721003 14.2524333333841 3.39300922252844 3.11781161430656 3.84524594240135 -0.0771754043536146 19.9770825323309 -2.32545412130442 14.3290552097974 0.595608745978963 0 0.557846121330674 1.48790800912208 0.495501579947538 0 1.78570482816813 1.21922591098548 1.15006071168001 0.594697144159441 4.51637977013196 -1.87978522269045 0.546975062460161 0 -9.44131235542768 17.6326684363338 17.3993106021543 16.2473004009562 2.7954618366414 13.5468737937263 -0.874160631966852 -0.23258512202305 -0.794477282801865 0 -1.64466012438976 1.46405320403355 -1.70862130471907 0.461214881078906 0 0 
1.57142565333233 -9.6165230449366 -11.5656656547522 14.2524333333841 0 1.6904822148804 3.84524594240135 14.3219155197134 8.71017002361369 2.84413004202961 14.3290552097974 0.595608745978963 -0.056031886057943 0 0.860422585560206 0.495501579947538 0 -0.582755150498243 1.27771223947765 0.88817023583137 0.594697144159441 4.51637977013196 15.8069945965693 0.546975062460161 -14.3428558916519 -9.44131235542768 20.4858299084407 19.4777762421769 0 18.4724600017641 17.4242149374561 -0.874160631966852 -0.755969384394572 -0.794477282801865 0.335774360576539 -1.90298209483874 2.16036358673142 -1.46783191220268 0.855582403072893 1.74054222448754 0 
2.56750516746731 -9.6165230449366 3.94357362014408 8.0834817620383 9.92576415565599 21.2687917057279 3.84524594240135 -0.0771754043536146 19.3124487819674 0 15.2766814170762 0.595608745978963 0 0.516109605541504 -1.67991403906602 0.366502849043581 0 1.78570482816813 1.21922591098548 1.456729500078 0.591217487878733 7.68102710548836 -17.7299109090725 0 11.1467071403268 -9.44131235542768 17.6326684363338 17.3993106021543 16.2473004009562 -18.8818193501243 12.1851239914937 -0.23366677472073 0 -0.667678957184627 0.106590449701338 -1.64466012438976 1.46405320403355 -1.70862130471907 0.461214881078906 -1.56857905900505 0.892010547636082 
2.85164744090438 -9.6165230449366 2.13387962721003 0.0613517483050711 0 21.2687917057279 0.885253834601144 12.7032875608202 2.06952411451821 0 14.3290552097974 0.595608745978963 0 -0.237615728470318 1.39766068347621 0.366502849043581 0.724671249824889 0 0.0348374208783905 0 0.594697144159441 1.46904770725828 -17.7299109090725 0 10.5557409869301 14.9860957893478 17.6326684363338 11.736142372124 0 11.2722498214674 9.71817587954838 -0.637190314120236 0 -0.30580772753144 -0.0593000749029685 0 1.92629874589681 -2.01234856421703 0.249457139638 0.796011826021602 0.288980994852717 
1.57142565333233 -9.6165230449366 5.75512571609818 -1.87600797611568 0 12.7497409259201 -4.17879500686135 1.73030284407097 19.9770825323309 2.84413004202961 18.0017163031743 0.595608745978963 0.75899016615422 0 0.860422585560206 0 0 -0.612077079500107 1.21922591098548 0.88817023583137 0.594697144159441 -17.9936584914074 15.9200203152699 5.43270056668329 7.11130042519015 12.2200231809728 -1.88031982613277 13.0460968488111 16.864833427763 1.56924623175023 -4.22133633644382 -1.77381643269854 -0.322572452990605 -0.230153424074013 -0.263426238784299 0 -1.81739824908664 -1.54860505999467 1.56864669752244 0 -0.044609132243604 
2.56962366136775 -9.6165230449366 1.68475647714676 14.2524333333841 17.4451060860628 3.22595562870892 -4.17879500686135 -0.0771754043536146 19.9770825323309 0.617433711987656 14.3290552097974 0.595608745978963 1.48228125156941 0 1.11915983826349 0.507067203850982 0 1.78570482816813 1.21922591098548 -0.263169920194508 0.594697144159441 7.68102710548836 -1.87978522269045 4.4710669780481 -13.1164008998854 -6.29944497058142 20.4858299084407 0 17.6076137760457 -18.8818193501243 17.4242149374561 -0.23366677472073 -0.23258512202305 -0.676888563985419 0 -1.17319025289882 2.16036358673142 -0.699646122753455 0.461214881078906 -1.56857905900505 0 
2.56988634506748 -20.360848803637 5.75512571609818 1.08469953911132 -0.345942022742677 21.2687917057279 3.84524594240135 -0.0771754043536146 19.9770825323309 2.84413004202961 -4.84609227548171 -1.34688545654848 0.75899016615422 0.383975242461998 0.586827653109481 0.366502849043581 0.551798150181676 1.78570482816813 1.21922591098548 0.88817023583137 -0.555537694387854 4.51637977013196 2.62300773946243 -16.539486076934 0 14.9860957893478 -1.10360574545507 17.3993106021543 10.0467394912833 -18.8818193501243 9.71817587954838 -0.874160631966852 0 0 2.26721421987154 0 -1.07999967299402 -1.70862130471907 -0.00272511171769591 -1.56857905900505 0.288980994852717 
2.8539132536181 -8.20008195107807 5.75512571609818 14.2524333333841 0.560331688663145 21.2687917057279 3.82697485749469 -1.26443329754492 19.9770825323309 2.84413004202961 14.3290552097974 1.09673194805939 0.75899016615422 0 0.860422585560206 -0.155102175090044 0.867401597927046 0.103233621894956 1.21922591098548 0.88817023583137 0.594697144159441 4.51637977013196 0 -5.22881116407402 -17.7115514211876 -21.5882046992836 18.96162224494 17.3993106021543 19.3847518097305 18.4724600017641 9.71817587954838 -0.874160631966852 0 -0.667678957184627 -1.52048759140097 -0.672353881924578 2.29791148500885 -1.70862130471907 0.581065051635292 1.74054222448754 0.892010547636082 
1.57142565333233 -9.6165230449366 7.30142838116802 8.0834817620383 0 21.2687917057279 3.82697485749469 12.7032875608202 19.9770825323309 2.84413004202961 14.3290552097974 0.595608745978963 0.0356107136772995 0.516109605541504 0.860422585560206 0.366502849043581 0.867401597927046 0 1.21922591098548 0.88817023583137 0.594697144159441 17.8765355828575 0 4.75644002943599 -13.1164008998854 10.4952098105546 3.13085404973517 17.3993106021543 10.0467394912833 -18.8818193501243 9.71817587954838 0.317181885650932 0 -0.388893530442796 0 0 -1.81739824908664 -1.70862130471907 -0.00272511171769591 -1.56857905900505 0.892010547636082 
0 -9.6165230449366 7.30142838116802 -10.3638491455297 0 0 3.82697485749469 -0.0771754043536146 1.18992964191825 0 14.3290552097974 0.595608745978963 0.0356107136772995 0 0.860422585560206 0.495501579947538 0.867401597927046 1.78570482816813 0.510160379144438 1.55277195365763 0.42169452054505 3.99454721535768 -1.87978522269045 0.546975062460161 5.4091972417241 10.4952098105546 0 17.3993106021543 19.3847518097305 2.7954618366414 12.1851239914937 1.77047438810602 -0.23258512202305 -0.794477282801865 0 0 -2.3833204258435 -1.70862130471907 0.581065051635292 0 0.892010547636082 
2.85206656194692 -9.6165230449366 3.94357362014408 14.2524333333841 3.39300922252844 17.7051188946725 15.6554774553541 -0.0771754043536146 18.1124276659044 0 15.2766814170762 0.595608745978963 0 0.557846121330674 1.48790800912208 0.366502849043581 -0.475882462382262 1.78570482816813 1.32666692572025 0 0.591217487878733 4.51637977013196 -1.87978522269045 0.58477505190986 -13.1164008998854 -18.7414049910109 1.24519768417589 19.4777762421769 16.2473004009562 0 12.1851239914937 -0.874160631966852 -0.23258512202305 -0.960433059218541 0 0.0703606859223734 -2.41878447859026 -1.46783191220268 0.461214881078906 -0.462485380686114 0.892010547636082 
2.57036047570913 -19.6061065236368 5.75512571609818 3.23005655930846 0 21.2687917057279 3.82697485749469 -0.0771754043536146 19.9770825323309 2.84413004202961 14.3290552097974 -0.699111080644238 0.75899016615422 1.20186968389986 0.860422585560206 -0.155102175090044 0.867401597927046 1.78570482816813 1.21922591098548 0.88817023583137 0.42169452054505 0 0 -2.8712082465278 5.4091972417241 -21.5882046992836 18.96162224494 17.3993106021543 10.0467394912833 -18.8818193501243 9.71817587954838 1.97945172897515 -0.0822749015420093 -0.667678957184627 -0.493103477458052 -1.3695590271985 2.29791148500885 -1.70862130471907 -0.00272511171769591 -1.56857905900505 0.892010547636082 
2.57014966626553 -9.6165230449366 -12.6065675134801 4.05220477541546 3.39300922252844 17.3482750343849 3.84524594240135 -0.0771754043536146 19.3124487819674 -1.90690950742313 14.3290552097974 0.595608745978963 0 -0.237615728470318 1.48790800912208 0 0 1.78570482816813 1.21922591098548 -0.901204284895772 0.594697144159441 4.51637977013196 -1.87978522269045 -16.539486076934 -13.1164008998854 7.20691330647418 17.6326684363338 11.736142372124 16.2473004009562 7.65148613958223 12.1851239914937 -0.874160631966852 -0.23258512202305 0 0 -0.221321241404545 1.46405320403355 -2.01234856421703 0.461214881078906 0.627150817041821 0.892010547636082 
2.56767704624714 -9.6165230449366 -12.6065675134801 6.71250458781724 0 0 3.84524594240135 16.3129016738445 2.06952411451821 0 15.2766814170762 0.595608745978963 0 0 0.860422585560206 0.495501579947538 -0.25832338604998 0 0.0348374208783905 0 0.591217487878733 4.51637977013196 -17.7299109090725 -1.05203276353517 0 10.4952098105546 18.96162224494 13.4346862329797 0 1.58678779503647 17.4242149374561 -0.874160631966852 0 -0.653569538357467 2.26721421987154 0 2.29791148500885 -1.3239385954309 0.855582403072893 -0.462485380686114 0 
1.57142565333233 -10.2433165712949 -12.6065675134801 1.40910596987657 0 3.11781161430656 0.998489888849897 12.7032875608202 18.1124276659044 -3.50348348256828 14.3290552097974 0.502251116019791 0 0 0.860422585560206 0.495501579947538 0.377713792946988 0 1.32666692572025 -0.0927300444304617 0.594697144159441 4.51637977013196 2.93969178709187 -16.5850135650416 -17.7115514211876 -18.7414049910109 18.96162224494 17.3993106021543 16.2473004009562 0 17.4242149374561 -0.874160631966852 0 -0.0707014139139566 -1.52048759140097 0.0703606859223734 2.29791148500885 -1.70862130471907 0.461214881078906 -0.462485380686114 0 
2.56988634506748 -9.6165230449366 5.75512571609818 8.0834817620383 0 17.3482750343849 3.84524594240135 -0.0771754043536146 19.9770825323309 5.2824564804707 15.2766814170762 0.595608745978963 0.75899016615422 0.516109605541504 0.860422585560206 0 0 1.78570482816813 1.21922591098548 0.88817023583137 0.591217487878733 4.51637977013196 -1.87978522269045 0.546975062460161 -13.1164008998854 10.4952098105546 17.6326684363338 17.3993106021543 22.2941399634788 7.65148613958223 12.1851239914937 -0.874160631966852 -0.23258512202305 -0.794477282801865 0 0 1.46405320403355 -1.70862130471907 0.202662050725269 0.627150817041821 0.892010547636082 
2.56988634506748 -19.6061065236368 3.19567573822368 10.9122204285638 0 21.2687917057279 3.82697485749469 -0.0771754043536146 19.9770825323309 2.84413004202961 0.00548789510758961 -0.699111080644238 0.75899016615422 -0.0821727255928202 0.860422585560206 0.366502849043581 0.867401597927046 1.78570482816813 1.21922591098548 0.88817023583137 0.252594015711264 0 0 0 0 -21.5882046992836 18.96162224494 17.3993106021543 16.3056339526808 -18.8818193501243 9.71817587954838 1.97945172897515 0 -0.667678957184627 0 -0.672353881924578 2.29791148500885 -1.70862130471907 0.581065051635292 -1.56857905900505 0.892010547636082 
2.56988634506748 -19.6061065236368 5.75512571609818 8.0834817620383 0 21.2687917057279 3.82697485749469 -0.0771754043536146 19.9770825323309 2.84413004202961 0.00548789510758961 -0.699111080644238 0.75899016615422 0.516109605541504 0.860422585560206 0.366502849043581 0.867401597927046 1.78570482816813 1.21922591098548 0.88817023583137 0.252594015711264 4.51637977013196 0 4.4710669780481 0 10.4952098105546 17.6326684363338 13.0460968488111 22.2941399634788 18.4724600017641 5.20655095102571 -0.874160631966852 0 -0.676888563985419 2.26721421987154 0 0.713218044635476 -1.54860505999467 0.202662050725269 1.74054222448754 0.421053572102009 
1.57142565333233 -9.6165230449366 -12.6065675134801 8.0834817620383 0 0 2.82187173304701 16.16365037142 19.3124487819674 0 17.0641177259684 0.595608745978963 0 0.516109605541504 0.860422585560206 0.495501579947538 0.79409043040317 0 1.21922591098548 0.872384626414806 0.0791987948115911 4.51637977013196 -1.87978522269045 0.546975062460161 -17.0051010995429 10.4952098105546 17.6326684363338 19.4777762421769 16.2473004009562 7.65148613958223 11.8831511877864 -0.874160631966852 -0.23258512202305 -0.794477282801865 0.522010970880282 0 1.46405320403355 -1.46783191220268 0.461214881078906 0.627150817041821 1.49818065958944 
0 -9.6165230449366 1.68475647714676 0 -0.345942022742677 0 2.82187173304701 -0.0771754043536146 1.18992964191825 -0.307268424195828 19.3116124325952 0.595608745978963 1.48228125156941 0.670185510860842 0.586827653109481 0.495501579947538 0.79409043040317 1.78570482816813 -0.263255857053798 -0.560845573437794 0.804120991008413 17.8765355828575 19.5161355920677 -5.20686073054413 5.4091972417241 10.4952098105546 0 17.3993106021543 10.0467394912833 2.7954618366414 9.71817587954838 0.317181885650932 0.72311685530614 -0.667678957184627 0 0.710659971046569 -1.81739824908664 -1.70862130471907 -0.00272511171769591 0 0.892010547636082 
2.56962366136775 -15.1649440523074 5.75512571609818 8.0834817620383 0.0724695343396019 3.11781161430656 3.82697485749469 -0.0771754043536146 18.1124276659044 -3.50348348256828 -4.84609227548171 -0.667015781936709 0.75899016615422 0.516109605541504 1.48790800912208 0.495501579947538 0.867401597927046 1.78570482816813 1.32666692572025 -0.0927300444304617 -0.555537694387854 4.51637977013196 -17.7299109090725 -16.539486076934 -17.7115514211876 12.2200231809728 2.62567526075322 13.0460968488111 9.90086834183935 18.4724600017641 12.1851239914937 -0.874160631966852 0 0 -1.52048759140097 0 -1.77855653046097 -1.54860505999467 0.63653811690702 1.74054222448754 0.892010547636082 
2.85290128070377 -15.1649440523074 5.75512571609818 14.2524333333841 3.39300922252844 21.2687917057279 3.84524594240135 -0.0771754043536146 18.1124276659044 0 -4.84609227548171 -0.667015781936709 0.75899016615422 0.557846121330674 1.48790800912208 0.366502849043581 0 1.78570482816813 1.32666692572025 1.55277195365763 -0.555537694387854 4.51637977013196 -1.87978522269045 1.07730470631612 0 12.2200231809728 17.6326684363338 17.3993106021543 16.2473004009562 7.65148613958223 12.1851239914937 -0.874160631966852 -0.23258512202305 -0.951575753493968 2.26721421987154 0 1.46405320403355 -1.70862130471907 0.461214881078906 0.627150817041821 0.892010547636082 
2.56936161289018 -12.8718234960324 1.68475647714676 0 0 21.2687917057279 3.84524594240135 -0.0771754043536146 18.1124276659044 0 19.3116124325952 -1.49777657787212 1.48228125156941 0 0.860422585560206 0.366502849043581 0 1.78570482816813 1.32666692572025 2.11694668600194 0.804120991008413 4.83790607617139 -1.87978522269045 0.546975062460161 9.87204888857531 -9.44131235542768 0 19.4777762421769 16.0200770920935 2.7954618366414 12.1851239914937 -0.886495653505668 -0.23258512202305 -0.794477282801865 -0.396543582648292 -1.64466012438976 -1.81739824908664 -1.46783191220268 -0.245861599862511 0 0.892010547636082 
2.56914921254709 -15.9499448808841 3.19567573822368 3.23005655930846 9.92576415565599 21.2687917057279 10.3223563201364 -0.0771754043536146 19.3124487819674 0 14.3290552097974 -1.2645488068762 0.75899016615422 1.20186968389986 -1.67991403906602 0.366502849043581 -0.4685893375094 1.78570482816813 1.21922591098548 1.456729500078 0.42169452054505 4.51637977013196 0 0 11.1467071403268 10.4952098105546 14.7024857542023 17.3993106021543 10.0467394912833 -18.8818193501243 9.71817587954838 -0.874160631966852 -0.37509373790356 -0.667678957184627 0.106590449701338 0 1.21376743829053 -1.70862130471907 -0.00272511171769591 -1.56857905900505 0.892010547636082 
