100
10
2.571571100989 -9.6165230449366 2.13387962721003 0 0 0 3.84524594240135 12.7032875608202 0.0801325910399354 0 14.3290552097974 0.595608745978963 0 0 0.860422585560206 0.495501579947538 0 0 0.45396995378843 0 0.594697144159441 4.51637977013196 -17.7299109090725 -16.539486076934 0 14.9860957893478 0 17.3993106021543 19.3847518097305 0 17.4242149374561 -0.874160631966852 0 0 2.26721421987154 0 -1.81739824908664 -1.70862130471907 0.581065051635292 -0.462485380686114 0 
2.571571100989 -9.6165230449366 2.13387962721003 0 0 0 3.84524594240135 12.7032875608202 0.0801325910399354 0 14.3290552097974 0.595608745978963 0 0 0.860422585560206 0.495501579947538 0 0 0.45396995378843 0 0.594697144159441 4.51637977013196 -17.7299109090725 -16.539486076934 0 14.9860957893478 0 17.3993106021543 19.3847518097305 0 17.4242149374561 -0.874160631966852 0 0 2.26721421987154 0 -1.81739824908664 -1.70862130471907 0.581065051635292 -0.462485380686114 0 
2.571571100989 -9.6165230449366 2.13387962721003 0 0 0 3.84524594240135 12.7032875608202 0.0801325910399354 0 14.3290552097974 0.595608745978963 0 0 0.860422585560206 0.495501579947538 0 0 0.45396995378843 0 0.594697144159441 4.51637977013196 13.8948257145913 0 -13.1164008998854 10.4952098105546 0 17.3993106021543 19.3847518097305 0 17.4242149374561 -0.874160631966852 0 -0.30580772753144 0 0 -1.81739824908664 -1.70862130471907 0.581065051635292 -0.462485380686114 0 
2.57109798855871 -9.6165230449366 3.94357362014408 0 0 0 3.84524594240135 19.0058825253536 0 0 14.3290552097974 0.595608745978963 0 0 0.860422585560206 0.495501579947538 0 0 -0.182365577957763 0 0.594697144159441 4.51637977013196 13.8948257145913 0 -13.1164008998854 10.4952098105546 0 13.0460968488111 14.112723278982 7.65148613958223 0 -0.874160631966852 0 -0.667678957184627 0 0 -1.81739824908664 -1.54860505999467 0.25687626114901 0 -0.044609132243604 
2.57109798855871 -9.6165230449366 3.94357362014408 0 0 0 3.84524594240135 19.0058825253536 1.18992964191825 0 14.3290552097974 0.595608745978963 0 0 0.860422585560206 0.495501579947538 0 0 -0.263255857053798 0 0.594697144159441 4.51637977013196 13.8948257145913 0 -13.1164008998854 10.4952098105546 0 13.0460968488111 17.749957399047 7.65148613958223 0 -0.874160631966852 0 -0.667678957184627 0 0 -1.81739824908664 -1.54860505999467 0 0 -0.044609132243604 
2.56793731455563 -14.8643641910117 -12.6065675134801 0 7.54104370602455 14.2889247590159 5.79528363691423 -0.0771754043536146 18.1124276659044 0 -4.84609227548171 -0.0608999309227336 0 1.47072999340982 0 0.528207587226391 0.487619732766235 1.78570482816813 1.32666692572025 1.55277195365763 -0.555537694387854 -1.1384934429957 0 -13.8402736158298 9.08221915638178 -12.5584815221645 -1.67387766611012 -2.05287800014619 0 -1.55922105608472 12.1851239914937 0.503913633787964 0 0.41138055101567 -0.0593000749029685 -2.29785819353902 -1.35672851879929 -1.9524874333071 0.249457139638 0.031732575051362 0.892010547636082 
2.56988634506748 -19.6061065236368 0 8.0834817620383 13.613973849576 17.3482750343849 10.3223563201364 -0.0771754043536146 18.1124276659044 0 -4.84609227548171 -0.699111080644238 0 0.516109605541504 -0.967905312640548 0 -0.354072984398377 1.78570482816813 1.32666692572025 1.55277195365763 -0.555537694387854 -10.7386995284766 0 4.4710669780481 0 -12.5584815221645 17.6326684363338 19.4777762421769 0 -18.8818193501243 12.1851239914937 -0.523611902149213 0 -0.676888563985419 0 -1.64466012438976 1.46405320403355 -1.46783191220268 0.249457139638 -0.828458802899559 0.892010547636082 
0 -9.6165230449366 0 -10.3638491455297 14.9720461922568 17.3482750343849 10.3223563201364 -0.0771754043536146 14.8638090558182 0 -4.84609227548171 0.595608745978963 0 0 -0.992810893334826 0 -0.354072984398377 1.78570482816813 1.22460943711205 1.55277195365763 -0.555537694387854 17.0922148214151 0 4.4710669780481 0 -0.229985965522931 17.6326684363338 19.4777762421769 0 -18.8818193501243 12.1851239914937 0 0 -0.676888563985419 0 0 1.46405320403355 -1.46783191220268 0.249457139638 -0.828458802899559 0.892010547636082 
0.748595936178965 -12.8228652819399 -1.37710145738772 0 -15.5308212784728 17.3482750343849 0 -0.0771754043536146 18.1124276659044 0 0 0.984642250637823 1.48228125156941 1.47072999340982 -0.0134386774354794 0 1.01342390617981 1.78570482816813 1.32666692572025 1.55277195365763 -0.628737155640841 -1.1384934429957 13.8948257145913 -13.8402736158298 9.08221915638178 10.4952098105546 0 11.7135385842126 0 -1.55922105608472 12.1851239914937 1.14927110938787 0 0.41138055101567 -0.0593000749029685 0 -1.81739824908664 -1.0195713002093 0.249457139638 0.031732575051362 0.892010547636082 
2.56793731455563 -15.1649440523074 -12.6065675134801 -10.3638491455297 7.54104370602455 0 2.48400578248967 -0.0771754043536146 18.1124276659044 0 14.3290552097974 -0.667015781936709 0 0 0 0.495501579947538 0.487619732766235 1.78570482816813 1.32666692572025 1.55277195365763 0.594697144159441 17.0922148214151 0 -13.8402736158298 10.6418154251956 -12.5584815221645 -1.67387766611012 -2.05287800014619 16.1367461253594 7.65148613958223 12.1851239914937 0 0 0.41138055101567 0 -1.64466012438976 -1.35672851879929 -1.9524874333071 0 0 0.892010547636082 
2.85325165913957 -9.6165230449366 2.13387962721003 6.71250458781724 0 0 2.82187173304701 19.0058825253536 2.06952411451821 -0.307268424195828 15.2766814170762 0.595608745978963 0 0 0.860422585560206 0.495501579947538 0.79409043040317 0 0.0348374208783905 -0.560845573437794 0.591217487878733 4.51637977013196 13.8948257145913 5.43270056668329 0 10.4952098105546 3.13085404973517 13.0460968488111 0 18.4724600017641 9.05416622536917 -0.874160631966852 0 -0.230153424074013 2.26721421987154 0 -1.81739824908664 -1.54860505999467 0.855582403072893 1.74054222448754 0.892010547636082 
1.57142565333233 -9.6165230449366 1.68475647714676 15.6851160692447 -15.5308212784728 0 3.84524594240135 16.527310331877 0 0 14.3290552097974 0.595608745978963 1.48228125156941 1.68346783317787 -0.0134386774354794 0.495501579947538 0 0 -0.263255857053798 1.55277195365763 0.594697144159441 4.51637977013196 13.8948257145913 0 -13.1164008998854 10.4952098105546 0 17.630959992358 16.1367461253594 -1.55922105608472 0 -0.874160631966852 -0.345340259049712 -0.30580772753144 0 0 -1.81739824908664 -1.63949112684908 0 0.031732575051362 -0.044609132243604 
1.57142565333233 -15.1649440523074 -12.6065675134801 0 7.54104370602455 -13.9419613843513 0 0 18.1124276659044 0 -0.45961558402498 -0.667015781936709 0 1.47072999340982 0 -1.18608774765678 0 0 1.32666692572025 1.55277195365763 -0.555537694387854 18.9155071316825 2.4187233949633 2.08576260231704 -17.7115514211876 -6.55867586217759 -1.67387766611012 15.068406229079 16.1367461253594 0 12.1851239914937 0.52622613614715 0.0620968378251869 0 -1.52048759140097 0.518661023359122 -1.35672851879929 -1.76766268227606 0 -0.462485380686114 1.40036144847067 
1.57142565333233 -9.6165230449366 -3.40227012662323 3.97482614218016 17.4451060860628 17.3482750343849 3.84524594240135 2.77723446617705 1.20930868336433 5.85671568562124 0 0.595608745978963 -0.106277667510453 0 1.76842868596708 0 0 -0.0900088604958769 0.0418148931496846 1.36826732259629 -0.477513038775657 -7.97975425980042 -17.7299109090725 -13.8402736158298 0 -12.5584815221645 -16.2218149454434 -2.05287800014619 0 19.160583510022 15.1969395462409 0 0 0.41138055101567 0 -1.64466012438976 0 -1.9524874333071 0.0967945445733119 1.74054222448754 0 
1.57142565333233 -9.6165230449366 0 3.23005655930846 17.4451060860628 4.34418694702638 2.44386011848406 2.77723446617705 0 0.367673253811744 0 0.595608745978963 0 1.20186968389986 1.76842868596708 1.32133292534451 -1.96145468529382 -0.0900088604958769 -0.263255857053798 0.350191515279092 -0.477513038775657 17.0922148214151 8.17426628813812 -13.8402736158298 9.91640986982566 -0.229985965522931 -3.17835217594558 13.0460968488111 18.714143437666 19.160583510022 15.1969395462409 0 0 0.41138055101567 -0.806251940986259 0 -0.653072283981867 -1.54860505999467 0.898857128293653 1.74054222448754 0 
1.57142565333233 -15.1649440523074 -1.37710145738772 -21.728738415534 4.26652499626694 0 0 -0.884963926339971 0 0 0 -0.667015781936709 1.48228125156941 1.10923002863733 0.860422585560206 0.495501579947538 1.13675711356884 0.678453534226144 -0.263255857053798 1.55277195365763 0 -7.97975425980042 1.04747579055721 -16.539486076934 -17.7115514211876 -12.5584815221645 0 19.4777762421769 -1.73541534181471 -17.3967204323955 0 0 0.539894541590425 0 -1.52048759140097 -1.64466012438976 -1.81739824908664 -1.46783191220268 -1.39772556507854 1.46104832434144 -0.044609132243604 
0 17.2969402825911 3.94357362014408 0 17.4451060860628 -1.27146340036833 0 2.77723446617705 0 0 -4.84609227548171 0 0 0 1.11915983826349 1.37118405077196 1.01342390617981 -0.0900088604958769 -0.263255857053798 0 -0.555537694387854 18.9155071316825 0 0 -19.8002807701939 9.01742982997905 20.4858299084407 13.0460968488111 1.03424918886006 0 3.61207955685075 0.52622613614715 -0.464818962134802 -0.0447364503446672 0 1.79179439154537 2.16036358673142 -1.54860505999467 0 0 0.0347239384589363 
1.57142565333233 -8.04527746224556 0 -10.3638491455297 17.4451060860628 4.29867561175426 10.4172108397666 0 0 0 -4.84609227548171 0.200898502408945 0 0 1.11915983826349 1.97938650286728 -0.354072984398377 0 0 0 -0.555537694387854 14.0513238300343 0 0 10.6418154251956 13.0024174940784 -3.17835217594558 13.0460968488111 -11.2333667423732 -1.55922105608472 15.1969395462409 0.364754674869941 0 -0.30580772753144 0 1.06894400299943 -0.653072283981867 -1.54860505999467 0 0.031732575051362 0 
1.57142565333233 3.69465236724105 -12.6065675134801 0 -19.0568236264432 17.3482750343849 5.79528363691423 -0.0771754043536146 -13.3775255146332 0 0 0 0 1.47072999340982 0.357718871025238 0 0.487619732766235 1.78570482816813 -1.5158906315993 0 0 0 13.8948257145913 -13.8402736158298 -16.5644057730978 -12.5584815221645 0 11.7135385842126 0 -1.55922105608472 0 0 0 0.41138055101567 -2.57670265964545 -1.64466012438976 -1.81739824908664 -1.0195713002093 0.249457139638 0.031732575051362 1.19067444707764 
1.57142565333233 7.09937914605224 5.98707973304534 0 -12.4665150364938 17.3482750343849 15.0788702420326 -0.0771754043536146 0 5.85671568562124 -14.2017478096307 -0.583947056147245 0.446507904886505 1.47072999340982 1.02557531233205 0 0.092221798418193 1.78570482816813 -0.263255857053798 0.925907526512587 0 -9.98933474109012 2.93969178709187 2.08576260231704 10.6418154251956 -12.5584815221645 -11.2067888531866 4.87944621819977 0 7.65148613958223 0 -0.0215112069628719 0 0 0 -1.64466012438976 0.420474968077836 0 0.160673894062952 0 1.19067444707764 
1.57142565333233 -9.6165230449366 2.13387962721003 3.97482614218016 17.4451060860628 -1.1907745415069 3.84524594240135 19.0058825253536 7.17129616400753 0 -4.84609227548171 0.667759861213975 0 0 1.76842868596708 0.850268123848489 0 0 1.27771223947765 0 -0.555537694387854 -14.0345761273217 0 -3.84543605327859 0 -6.55867586217759 0 19.4777762421769 18.714143437666 19.160583510022 14.5378714867578 0.928346362155092 0 -1.90735403723426 2.26721421987154 0.518661023359122 0 -1.46783191220268 0.898857128293653 1.74054222448754 -0.85473623539076 
1.57142565333233 0 0.733153074110463 3.23005655930846 20.8182331218702 4.34418694702638 0 2.77723446617705 7.17129616400753 5.85671568562124 14.3290552097974 0 -0.259543087668504 1.20186968389986 1.59190538412514 1.32133292534451 1.20801857263223 -0.0900088604958769 1.27771223947765 1.36826732259629 0.594697144159441 0 19.1401366461255 4.4710669780481 -0.117941129239249 9.15302979003313 0 0 18.714143437666 19.160583510022 13.5468737937263 1.97945172897515 0.716161487901658 -0.676888563985419 2.26721421987154 1.42427737332614 0 -0.699646122753455 0.898857128293653 1.74054222448754 0 
1.57142565333233 -8.20008195107807 1.27554064804015 -22.6778126558884 0 0 3.84524594240135 -0.884963926339971 7.17129616400753 0 0 1.09673194805939 0.75899016615422 1.54468232617 0.860422585560206 0.495501579947538 0 0.678453534226144 1.27771223947765 0 0 -10.5398833335097 -17.7299109090725 -16.2836630325921 -17.7115514211876 -6.55867586217759 0 13.0460968488111 0 -17.3967204323955 9.71817587954838 1.52448077663988 0 0.198795086452176 -1.52048759140097 0.518661023359122 -1.81739824908664 -1.54860505999467 0 1.46104832434144 0.288980994852717 
1.57142565333233 -15.1649440523074 5.98707973304534 20.0756516829252 -17.8455007904421 13.1122586046868 0 -0.884963926339971 0.306828975215009 0 -14.2017478096307 -0.667015781936709 0.446507904886505 -0.516140276312893 2.45326011595002 0 1.13675711356884 1.51713979221747 -0.584983382646452 -0.263169920194508 0 -16.7730637782128 0.0677719060647171 2.08576260231704 -4.13639658323321 -6.55867586217759 -16.2218149454434 13.0460968488111 1.04435020806005 0 9.71817587954838 1.89874144224391 0 -0.839252281812603 -0.943802413038817 0.13577863584076 0 -1.54860505999467 0.123991405760865 -0.462485380686114 0.892010547636082 
1.57142565333233 -12.0308381933863 18.5357060742265 0 0 -3.61968975235694 3.84524594240135 12.7032875608202 -1.19284355614467 0 -14.2017478096307 -0.536488295782585 0 0 0.860422585560206 -0.373919994092509 0 0 0.131834017253403 0 0.26036008079553 4.51637977013196 0.00863527879521031 -16.539486076934 0 12.9798027472476 0 0 16.1367461253594 -12.316610437034 -4.72408519448903 -0.874160631966852 1.82786254390509 0 2.26721421987154 1.09351984276135 -1.81739824908664 1.44560278740041 0 1.61979038250623 0.438307766326846 
1.57142565333233 -15.1649440523074 3.94357362014408 19.0996843013445 0 -13.9419613843513 0 3.93178126208101 0 0 -14.2017478096307 -0.381027996642994 0 0 0.860422585560206 -1.18608774765678 0 0 -0.263255857053798 1.55277195365763 0 18.9155071316825 2.4187233949633 2.08576260231704 -17.7115514211876 -6.55867586217759 -16.2218149454434 12.170620185775 0 0 0 0.52622613614715 0.0620968378251869 0 -1.52048759140097 0.518661023359122 0 -1.37828108841939 0 -0.462485380686114 -0.044609132243604 
1.57142565333233 -15.1649440523074 5.98707973304534 3.97482614218016 -17.8455007904421 17.3482750343849 15.0788702420326 -16.7346931792492 0.394141762770778 5.85671568562124 0 -0.667015781936709 0.446507904886505 0 1.59412206876749 0 0.092221798418193 0.366769787094914 -1.0481361956746 0.925907526512587 -1.1681418461763 -10.5398833335097 0 -3.84543605327859 5.4091972417241 -12.5584815221645 0 4.87944621819977 -1.73541534181471 7.65148613958223 0 1.52448077663988 0 -1.90735403723426 0.802263830137562 -1.64466012438976 0 0 -1.14287064183171 0 1.19067444707764 
1.57142565333233 -15.1649440523074 0.975823673408396 7.13468860235749 0 -13.9419613843513 15.0788702420326 3.93178126208101 -13.3775255146332 0 14.3290552097974 -0.381027996642994 -0.113747436778502 -0.0655310107700205 0 -1.18608774765678 0.092221798418193 0 -1.5158906315993 1.55277195365763 0.594697144159441 18.9155071316825 13.6596469518541 2.08576260231704 -17.7115514211876 13.0024174940784 2.28200829694141 0 0 7.65148613958223 0 0.52622613614715 0 0 -1.52048759140097 1.06894400299943 1.24938009830629 0 0 0 -0.044609132243604 
1.57142565333233 -9.6165230449366 0 8.67516316858826 0 6.42609743085974 15.0788702420326 19.0058825253536 0 0 -4.84609227548171 0.595608745978963 0 0.738655532905206 0 1.82868541909321 0.092221798418193 0 0 1.55277195365763 -0.555537694387854 4.51637977013196 0 3.03479331062864 10.6418154251956 16.0523925115831 -3.17835217594558 14.521650017063 10.0467394912833 -1.55922105608472 0 -0.874160631966852 0 0.190159802767522 0 1.4896358846592 -0.653072283981867 -1.0195713002093 -0.00272511171769591 0.031732575051362 -0.044609132243604 
1.57142565333233 -12.0308381933863 1.27554064804015 -25.5470006434466 0 0 3.84524594240135 -0.884963926339971 0 0 -10.0163964342635 -0.536488295782585 0.75899016615422 1.80429820227171 0.860422585560206 0.495501579947538 0 0.678453534226144 -0.263255857053798 0 0.26036008079553 -10.5398833335097 0.00863527879521031 -16.539486076934 -17.7115514211876 -6.55867586217759 0 13.0460968488111 0 -17.3967204323955 9.71817587954838 1.52448077663988 1.82786254390509 0 -1.52048759140097 0.518661023359122 -1.81739824908664 -1.54860505999467 0 1.46104832434144 0.288980994852717 
1.57142565333233 -9.6165230449366 0 -10.3638491455297 13.434979332278 17.3482750343849 10.4172108397666 -0.0771754043536146 0 0.367673253811744 17.8990759637901 0.595608745978963 0 0 2.32783074833352 0 -0.354072984398377 1.78570482816813 0 0.350191515279092 0.41674718282034 0 0 0 5.4091972417241 15.718997639799 -3.17835217594558 13.0460968488111 16.1367461253594 7.65148613958223 3.62537571064912 1.97945172897515 0 -0.667678957184627 0 0.368912837034516 -0.653072283981867 -1.54860505999467 0 0 -0.821767966086868 
1.57142565333233 -12.0308381933863 0 5.91511163204681 -17.8455007904421 17.3482750343849 0 19.0058825253536 -13.3775255146332 5.85671568562124 -14.2017478096307 -0.536488295782585 0 -0.389709701943076 1.59412206876749 0 1.13675711356884 0 -1.5158906315993 1.36826732259629 0.26036008079553 -10.5398833335097 0.0677719060647171 -3.84543605327859 -2.8424081193015 9.62414941267304 -8.43019170147841 4.74327190655436 0 0 0 1.52448077663988 0 -1.90735403723426 0 1.09351984276135 0 -0.715566599767453 0.249457139638 -0.462485380686114 -0.044609132243604 
1.57142565333233 -15.1649440523074 0 5.13111367525119 0 0 15.0788702420326 2.77723446617705 0 0 14.3290552097974 -0.667015781936709 0 0.0590144550935433 0.860422585560206 0.4550373406592 0.092221798418193 -0.0900088604958769 -1.31417429415238 1.55277195365763 0.594697144159441 0 0 -16.539486076934 0 12.6751692708 0 0 18.714143437666 7.65148613958223 17.4242149374561 1.97945172897515 0 -0.143191079862039 2.26721421987154 0.74358359585683 0 1.44560278740041 0.898857128293653 0 0 
1.57142565333233 17.2969402825911 -3.60599176194798 17.5682554680706 -22.2255710458269 -13.9419613843513 3.84524594240135 0 -13.3775255146332 0 14.3290552097974 0 0 1.68346783317787 1.69954455282052 -1.18608774765678 0 1.04267997156953 -1.5158906315993 1.55277195365763 0.594697144159441 -19.5178733018776 13.8948257145913 -16.539486076934 6.78568496889699 13.0024174940784 2.28200829694141 0 0 0 0 0 0 -0.260609369995356 0.566886543094593 1.06894400299943 1.24938009830629 0 0.160673894062952 0 -0.044609132243604 
0 -15.1649440523074 3.94357362014408 14.2524333333841 0 -13.9419613843513 0 19.0058825253536 0 -1.74806870077647 -3.08224794237513 -0.381027996642994 0 0 0.860422585560206 -1.18608774765678 0 0 -0.263255857053798 1.75962466860638 -0.555537694387854 18.9155071316825 13.8948257145913 0.58477505190986 -13.1164008998854 10.4952098105546 12.2307142113478 -2.05287800014619 16.1367461253594 -2.65292153547188 -4.22133633644382 0.52622613614715 0 -0.960433059218541 0 0 -1.40987321520684 -1.9524874333071 0 -0.462485380686114 -0.044609132243604 
1.57142565333233 -9.6165230449366 1.01225917505206 0 13.434979332278 -2.73910052440553 0 19.0058825253536 0 0 -4.84609227548171 0.595608745978963 0.0636303548019521 0 2.32783074833352 0.24355186409948 0 0 -0.263255857053798 0 -0.555537694387854 18.9155071316825 13.8948257145913 0 -13.1164008998854 18.8463932945376 0 0 1.03424918886006 7.65148613958223 0 0.52622613614715 0 -0.0447364503446672 0 0.278737555317924 -1.81739824908664 1.44560278740041 0 0 -0.044609132243604 
1.57142565333233 -19.6061065236368 0 3.97482614218016 14.9720461922568 17.3482750343849 10.3223563201364 19.0058825253536 0 0 -4.84609227548171 -0.699111080644238 0 0 -0.992810893334826 0 -0.354072984398377 0 0 1.55277195365763 -0.555537694387854 4.51637977013196 0 3.16027550390469 0 12.6751692708 17.6326684363338 19.4777762421769 0 -18.8818193501243 0 -0.874160631966852 0 -0.098680929922816 0 0.74358359585683 1.46405320403355 -1.46783191220268 0.249457139638 -0.828458802899559 -0.044609132243604 
1.57142565333233 -5.1908164166337 -3.42122074655314 0 0 0 3.84524594240135 19.0058825253536 -6.29895993042689 5.85671568562124 14.3290552097974 0.490362163828855 -0.423143222827065 0 0.860422585560206 0.495501579947538 0 0 0 1.36826732259629 0.594697144159441 2.26286004300362 13.8948257145913 0 -13.1164008998854 10.4952098105546 0 13.0460968488111 16.1367461253594 7.65148613958223 13.5468737937263 -0.146763758541441 0 -0.667678957184627 0 0 -1.81739824908664 -1.54860505999467 0 0 0 
1.57142565333233 -15.1649440523074 0 3.23005655930846 -0.345942022742677 17.3482750343849 3.82697485749469 -0.0771754043536146 7.17129616400753 5.85671568562124 14.3290552097974 -0.667015781936709 0.386276332701685 1.20186968389986 0.586827653109481 0 0.867401597927046 1.78570482816813 1.27771223947765 1.36826732259629 0.594697144159441 0 0 4.4710669780481 5.4091972417241 -18.7414049910109 18.96162224494 0 18.714143437666 -3.8763331285102 13.5468737937263 1.97945172897515 0 -0.676888563985419 0 0.0703606859223734 2.29791148500885 -0.699646122753455 0.898857128293653 0.104108504757336 0 
1.57142565333233 -7.27627112941177 -12.6065675134801 15.6851160692447 0 0 3.84524594240135 19.0058825253536 2.06952411451821 -0.307268424195828 15.2766814170762 1.42376031878579 0 1.68346783317787 0 0.495501579947538 0 0 0.0348374208783905 -0.560845573437794 0.591217487878733 4.51637977013196 13.8948257145913 0 9.08221915638178 10.4952098105546 0 0 0 18.4724600017641 9.05416622536917 -0.439665513858043 0 -0.30580772753144 -0.0593000749029685 0 -1.81739824908664 1.44560278740041 0.249457139638 1.74054222448754 0.892010547636082 
1.57142565333233 -15.2137361167994 0 5.91511163204681 -17.8455007904421 0 2.44386011848406 -7.82775693937566 -13.3775255146332 5.85671568562124 -12.1742743928331 0.156515393963324 0 -0.389709701943076 1.59412206876749 -0.812091006344227 -1.96145468529382 1.98367159906014 -1.5158906315993 1.36826732259629 0.268360957912337 -10.7563194392046 0.0677719060647171 -3.84543605327859 0 9.62414941267304 -8.43019170147841 4.74327190655436 0 -12.316610437034 3.21647882855799 1.69032087963555 0 -1.90735403723426 0 1.09351984276135 0 -0.715566599767453 0.249457139638 1.61979038250623 -0.0608923148600814 
1.57142565333233 3.69465236724105 -12.6065675134801 0 -12.4665150364938 17.3482750343849 10.1349829508387 -0.0771754043536146 -13.3775255146332 0 0 0 0 1.47072999340982 1.02557531233205 0 -0.791575195971678 1.78570482816813 -1.5158906315993 0 0 0 2.93969178709187 -13.8402736158298 -16.5644057730978 -12.5584815221645 -13.7643362602053 0 0 -1.55922105608472 0 0 0 0.41138055101567 -1.89358647721521 -1.64466012438976 -0.0210770768537545 1.44560278740041 0.249457139638 0.031732575051362 1.19067444707764 
1.57142565333233 -8.81016282774981 5.98707973304534 3.97482614218016 -17.8455007904421 -13.9419613843513 15.0788702420326 19.0058825253536 -4.10595663534755 0 14.3290552097974 0.88316143345235 0.446507904886505 0 1.59412206876749 -1.18608774765678 0.092221798418193 0 -1.00262855727348 0 0.594697144159441 -10.5398833335097 2.4187233949633 -16.539486076934 5.4091972417241 -18.7414049910109 -8.43019170147841 13.0460968488111 -2.8499739995459 7.65148613958223 0 1.52448077663988 0.0620968378251869 -0.260609369995356 0 0.0703606859223734 0 -1.54860505999467 0.928448543510609 0 1.19067444707764 
1.57142565333233 -9.6165230449366 -3.40227012662323 -10.3638491455297 17.4451060860628 4.34418694702638 2.44386011848406 2.77723446617705 0 5.85671568562124 0 0.595608745978963 -0.106277667510453 0 1.76842868596708 0.421578126978864 -2.24025220782508 -0.0900088604958769 -0.263255857053798 1.36826732259629 -0.477513038775657 -7.97975425980042 8.17426628813812 0 10.6418154251956 10.4952098105546 -4.10060526914923 13.0460968488111 18.714143437666 7.65148613958223 0 0 0 -0.30580772753144 0 0 -1.81739824908664 -1.54860505999467 0.898857128293653 0 -0.044609132243604 
1.57142565333233 -9.6165230449366 0 -10.3638491455297 7.54104370602455 4.29867561175426 10.4172108397666 0 0 -0.877897659003687 -3.85805197474922 0.595608745978963 0 0 0 1.97938650286728 -0.354072984398377 0 0 0.763075787552202 -0.758736376421869 17.0922148214151 0 0 10.6418154251956 -0.229985965522931 -3.17835217594558 14.521650017063 10.0467394912833 -2.25491322197715 11.3425204252557 0 0 -0.30580772753144 0 0 -0.653072283981867 -1.0195713002093 -0.00272511171769591 0.031732575051362 -0.598604849427289 
1.57142565333233 7.09937914605224 -12.6065675134801 0 -9.93127594221443 17.3482750343849 5.79528363691423 -0.0771754043536146 0 0 -14.2017478096307 -1.43106898173274 0 1.47072999340982 0.678142525329321 0 -0.0973621714894483 1.78570482816813 -1.27025979537063 1.55277195365763 0 -7.97975425980042 2.93969178709187 2.08576260231704 14.3360812131949 -12.5584815221645 -11.8119453195305 0 0 -1.55922105608472 -9.67114824320709 0 0 0 0 -1.64466012438976 0.420474968077836 1.44560278740041 0.160673894062952 0.031732575051362 -0.938443573628759 
1.57142565333233 -15.1649440523074 0 -21.728738415534 4.26652499626694 3.11781161430656 10.4172108397666 -0.884963926339971 7.17129616400753 0 -1.32021938186149 -0.667015781936709 0 1.10923002863733 0.860422585560206 0.495501579947538 -0.354072984398377 0.678453534226144 1.27771223947765 1.55277195365763 0.331068010838268 -10.5398833335097 0.944683132830394 -3.84543605327859 0 -12.5584815221645 0 4.74327190655436 0 -17.3967204323955 0 1.52448077663988 0.705865813962121 -1.90735403723426 0 -1.64466012438976 -1.81739824908664 -0.715566599767453 0.249457139638 1.46104832434144 -0.505501113843872 
1.57142565333233 -12.0308381933863 1.27554064804015 18.9925056225585 4.26652499626694 -17.07920405901 3.84524594240135 -0.884963926339971 0.306828975215009 0 -14.2017478096307 -0.536488295782585 0.75899016615422 -0.347456954651259 0.860422585560206 -0.965211463419353 0 1.51713979221747 -0.584983382646452 -0.263169920194508 0.528107038982262 -16.7730637782128 13.8948257145913 8.36626113781997 -13.1164008998854 -6.55867586217759 -16.2218149454434 4.74327190655436 -1.73541534181471 0 -0.694333965188979 1.89874144224391 0 -0.43053485778651 0 0.518661023359122 0 -0.715566599767453 -1.39772556507854 -0.462485380686114 1.19067444707764 
1.57142565333233 -15.1649440523074 2.75399511589389 -10.3638491455297 16.8561923023575 12.7497409259201 0 19.0058825253536 0 0 0 -0.667015781936709 0 0 -0.109434655434189 0 1.01342390617981 0 -0.263255857053798 0 -1.3195076367443 -17.9936584914074 -3.2661906447337 -16.539486076934 9.08221915638178 -16.756209813783 20.4858299084407 16.0251126879943 0 -1.55922105608472 9.71817587954838 -1.77381643269854 -0.306255647449873 -0.260609369995356 -0.0593000749029685 0 2.16036358673142 2.76376695826825 0.886331409572778 0.031732575051362 0.892010547636082 
1.57142565333233 -9.6165230449366 5.98707973304534 3.97482614218016 13.434979332278 17.3482750343849 -4.17879500686135 -0.0771754043536146 18.1124276659044 0 -14.2017478096307 0.595608745978963 0.446507904886505 -0.413010549453558 2.32783074833352 0 0 1.78570482816813 1.32666692572025 -0.263169920194508 0 0 13.8948257145913 0 5.4091972417241 15.718997639799 0.214041729091686 0 1.03424918886006 2.7954618366414 0 1.97945172897515 0 -0.520165227451439 0 0.368912837034516 -1.81739824908664 1.44560278740041 0 0 1.19067444707764 
0 -19.6061065236368 2.13387962721003 8.0834817620383 14.9720461922568 0 10.3223563201364 -0.0771754043536146 0.0801325910399354 0 -4.84609227548171 -0.699111080644238 0 0.516109605541504 -0.992810893334826 0.495501579947538 -0.354072984398377 1.78570482816813 0.45396995378843 1.55277195365763 -0.555537694387854 -10.7386995284766 -17.7299109090725 4.4710669780481 0 14.9860957893478 0 19.4777762421769 19.3847518097305 0 12.1851239914937 -0.523611902149213 0 -0.676888563985419 2.26721421987154 0 -1.81739824908664 -1.46783191220268 0.581065051635292 -0.462485380686114 0.892010547636082 
2.571571100989 -9.6165230449366 2.13387962721003 0 0 0 3.84524594240135 12.7032875608202 0.0801325910399354 0 14.3290552097974 0.595608745978963 0 0 0.860422585560206 0.495501579947538 0 0 0.45396995378843 0 0.594697144159441 4.51637977013196 -17.7299109090725 -16.539486076934 0 14.9860957893478 0 17.3993106021543 19.3847518097305 0 17.4242149374561 -0.874160631966852 0 0 2.26721421987154 0 -1.81739824908664 -1.70862130471907 0.581065051635292 -0.462485380686114 0 
1.57142565333233 -9.6165230449366 1.27554064804015 -25.5470006434466 0 0 3.84524594240135 12.7032875608202 0.0801325910399354 0 0 0.595608745978963 0.75899016615422 1.80429820227171 0.860422585560206 0.495501579947538 0 0 0.45396995378843 0 0 4.51637977013196 13.8948257145913 0 -17.7115514211876 10.4952098105546 0 17.3993106021543 19.3847518097305 -17.3967204323955 9.71817587954838 -0.874160631966852 0 -0.30580772753144 -1.52048759140097 0 -1.81739824908664 -1.70862130471907 0.581065051635292 1.46104832434144 0.288980994852717 
0 -12.0308381933863 3.94357362014408 0 -17.8455007904421 17.3482750343849 3.84524594240135 19.0058825253536 0 5.85671568562124 14.3290552097974 -0.536488295782585 0 0 1.59412206876749 0 0 0 -0.263255857053798 1.36826732259629 0.594697144159441 4.51637977013196 0.0677719060647171 -3.84543605327859 0 9.62414941267304 0 4.74327190655436 16.1367461253594 7.65148613958223 0 -0.874160631966852 0 -1.90735403723426 0 1.09351984276135 -1.81739824908664 -0.715566599767453 0 0 -0.044609132243604 
1.57142565333233 -15.1649440523074 0 3.23005655930846 -0.345942022742677 0 0 19.0058825253536 7.17129616400753 5.85671568562124 14.3290552097974 -0.667015781936709 0.386276332701685 1.20186968389986 0.586827653109481 0.495501579947538 1.01342390617981 0 1.27771223947765 1.36826732259629 0.594697144159441 0 0 4.4710669780481 5.4091972417241 -18.7414049910109 20.4858299084407 13.0460968488111 16.1367461253594 7.65148613958223 0 1.97945172897515 0 -0.676888563985419 0 0.0703606859223734 2.16036358673142 -1.54860505999467 0 0 -0.044609132243604 
1.57142565333233 -15.1649440523074 -12.6065675134801 0 -0.345942022742677 17.3482750343849 0 -0.0771754043536146 7.17129616400753 5.85671568562124 14.3290552097974 -0.667015781936709 0 1.47072999340982 0.586827653109481 0 1.01342390617981 1.78570482816813 1.27771223947765 1.36826732259629 0.594697144159441 -1.1384934429957 0 4.4710669780481 5.4091972417241 -18.7414049910109 -1.67387766611012 -2.05287800014619 18.714143437666 -1.55922105608472 13.5468737937263 0.503913633787964 0 -0.676888563985419 0 0.0703606859223734 -1.35672851879929 -1.9524874333071 0.898857128293653 0.031732575051362 0 
0 -19.6061065236368 -1.37710145738772 8.0834817620383 -15.5308212784728 17.3482750343849 3.84524594240135 -0.0771754043536146 0 0 -4.84609227548171 -0.699111080644238 1.48228125156941 0.516109605541504 -0.0134386774354794 0 0 1.78570482816813 -0.263255857053798 1.55277195365763 -0.555537694387854 -10.7386995284766 13.8948257145913 0 0 10.4952098105546 17.6326684363338 17.630959992358 0 -18.8818193501243 0 -0.523611902149213 0 -0.30580772753144 0 0 1.46405320403355 -1.63949112684908 0.249457139638 -0.828458802899559 -0.044609132243604 
2.56988634506748 -15.1649440523074 -12.6065675134801 -10.3638491455297 14.9720461922568 -13.9419613843513 10.3223563201364 -0.0771754043536146 18.1124276659044 0 -4.84609227548171 -0.667015781936709 0 0 -0.992810893334826 -1.18608774765678 -0.354072984398377 1.78570482816813 1.32666692572025 1.55277195365763 -0.555537694387854 18.9155071316825 2.4187233949633 4.4710669780481 0 -6.55867586217759 17.6326684363338 19.4777762421769 0 0 12.1851239914937 0.52622613614715 0.0620968378251869 -0.676888563985419 0 0.518661023359122 1.46405320403355 -1.46783191220268 0.249457139638 -0.462485380686114 0.892010547636082 
0.748595936178965 -9.6165230449366 -3.40227012662323 -10.3638491455297 -15.5308212784728 17.3482750343849 2.44386011848406 -0.0771754043536146 18.1124276659044 5.85671568562124 0 0.595608745978963 -0.106277667510453 0 -0.0134386774354794 0 -1.96145468529382 1.78570482816813 1.32666692572025 1.36826732259629 -0.477513038775657 -7.97975425980042 8.17426628813812 -13.8402736158298 10.6418154251956 10.4952098105546 0 13.0460968488111 0 -1.55922105608472 0 0 0 0.41138055101567 0 0 -1.81739824908664 -1.54860505999467 0.249457139638 0.031732575051362 -0.044609132243604 
1.57142565333233 -15.1649440523074 -12.6065675134801 -21.728738415534 4.26652499626694 0 5.79528363691423 -0.884963926339971 7.17129616400753 0 14.3290552097974 -0.667015781936709 0 1.10923002863733 0.860422585560206 0.495501579947538 0.487619732766235 0.678453534226144 1.27771223947765 1.55277195365763 0.594697144159441 -10.5398833335097 0.944683132830394 -3.84543605327859 0 -12.5584815221645 0 -2.05287800014619 0 -17.3967204323955 0 1.52448077663988 0.705865813962121 -1.90735403723426 0 -1.64466012438976 -1.81739824908664 -1.9524874333071 0.249457139638 1.46104832434144 -0.505501113843872 
0 -9.6165230449366 -12.6065675134801 0 -12.4665150364938 17.3482750343849 5.79528363691423 19.0058825253536 2.06952411451821 -0.307268424195828 0 0.595608745978963 0 1.47072999340982 1.02557531233205 0 0.0641976516946208 0 0.0348374208783905 -0.560845573437794 0 4.51637977013196 2.93969178709187 5.43270056668329 0 10.4952098105546 0 0 0 -1.55922105608472 0 -0.874160631966852 0 -0.230153424074013 2.26721421987154 0 -1.81739824908664 1.44560278740041 0.855582403072893 0.031732575051362 1.19067444707764 
1.57142565333233 -9.6165230449366 0 15.6851160692447 -15.5308212784728 0 3.84524594240135 -7.82775693937566 0 5.85671568562124 -14.2017478096307 0.595608745978963 0 1.68346783317787 -0.0134386774354794 0.495501579947538 0 1.98367159906014 -0.263255857053798 1.36826732259629 0.26036008079553 4.51637977013196 0.0677719060647171 -3.84543605327859 0 10.4952098105546 0 4.74327190655436 16.1367461253594 -12.316610437034 0 -0.874160631966852 0 -1.90735403723426 0 0 -1.81739824908664 -0.715566599767453 0 1.61979038250623 -0.044609132243604 
1.57142565333233 -19.6061065236368 0 0 7.54104370602455 17.3482750343849 10.3223563201364 19.0058825253536 0 0 -4.84609227548171 -0.699111080644238 0 1.47072999340982 0 0 -0.354072984398377 0 0 1.55277195365763 -0.555537694387854 4.51637977013196 0 2.08576260231704 0 12.6751692708 17.6326684363338 19.4777762421769 0 -18.8818193501243 12.1851239914937 -0.874160631966852 0 0 0 0.74358359585683 1.46405320403355 -1.46783191220268 0.249457139638 -0.828458802899559 0.892010547636082 
1.57142565333233 17.2969402825911 3.94357362014408 3.97482614218016 17.4451060860628 0 0 2.77723446617705 0 5.85671568562124 -4.84609227548171 0 0 0 1.76842868596708 0.495501579947538 1.01342390617981 -0.0900088604958769 -0.263255857053798 1.36826732259629 -0.555537694387854 18.9155071316825 0 0 -19.8002807701939 13.0024174940784 -16.2218149454434 13.0460968488111 0 0 15.1969395462409 0.52622613614715 -0.464818962134802 -0.0447364503446672 0 1.06894400299943 0 -1.54860505999467 0 0 0 
0 3.69465236724105 -12.6065675134801 0 -15.5308212784728 17.3482750343849 5.79528363691423 -0.0771754043536146 -13.3775255146332 0.367673253811744 0 0 0 1.47072999340982 -0.0134386774354794 0 0.487619732766235 1.78570482816813 -1.5158906315993 0.350191515279092 0 0 13.8948257145913 -13.8402736158298 -16.5644057730978 -0.229985965522931 0 11.7135385842126 18.714143437666 -1.55922105608472 15.1969395462409 0 0 0.41138055101567 -1.89358647721521 0 -1.81739824908664 -1.0195713002093 0.898857128293653 0.031732575051362 0 
1.57142565333233 17.2969402825911 -3.60599176194798 17.5682554680706 -17.8455007904421 0 0 -0.884963926339971 0 0 14.3290552097974 0 0 1.68346783317787 1.59412206876749 0.495501579947538 1.13675711356884 0.678453534226144 -0.263255857053798 1.55277195365763 0.594697144159441 -7.97975425980042 0 -16.539486076934 8.11114053386782 -12.5584815221645 2.28200829694141 0 -1.73541534181471 0 0 0 0 0 0.566886543094593 -1.64466012438976 1.24938009830629 0 -1.39772556507854 0 -0.044609132243604 
1.57142565333233 -9.6165230449366 3.94357362014408 -10.3638491455297 7.54104370602455 4.29867561175426 0 2.77723446617705 0 0 -4.84609227548171 0.595608745978963 0 0 0 1.97938650286728 1.01342390617981 -0.0900088604958769 0 0 -0.555537694387854 17.0922148214151 0 0 10.6418154251956 -0.229985965522931 20.4858299084407 14.521650017063 10.0467394912833 0 3.61207955685075 0 0 -0.30580772753144 0 0 2.16036358673142 -1.0195713002093 -0.00272511171769591 0 0.0347239384589363 
0 -15.1649440523074 0 -10.3638491455297 0 -13.9419613843513 0 0 0 0 -3.08224794237513 -0.381027996642994 0 0 0.860422585560206 -1.18608774765678 0 0 -0.263255857053798 1.55277195365763 -0.555537694387854 17.0922148214151 13.8948257145913 0 -13.1164008998854 10.4952098105546 12.2307142113478 13.0460968488111 -11.2333667423732 -1.55922105608472 15.1969395462409 0 0 -0.30580772753144 0 0 -1.40987321520684 -1.54860505999467 0 0.031732575051362 0 
1.57142565333233 -15.1649440523074 -12.6065675134801 0 0 -13.9419613843513 5.79528363691423 3.93178126208101 -13.3775255146332 0 14.3290552097974 -0.381027996642994 0 1.47072999340982 0 -1.18608774765678 0.487619732766235 0 -1.5158906315993 1.55277195365763 0.594697144159441 0 13.8948257145913 2.08576260231704 -17.7115514211876 13.0024174940784 2.28200829694141 11.7135385842126 0 -1.55922105608472 0 0 0 0 -1.52048759140097 1.06894400299943 1.24938009830629 -1.0195713002093 0 0.031732575051362 1.19067444707764 
0 7.09937914605224 5.98707973304534 20.0756516829252 -12.4665150364938 17.3482750343849 15.0788702420326 -0.884963926339971 0 5.85671568562124 -14.2017478096307 -1.43106898173274 0.446507904886505 -0.516140276312893 1.02557531233205 0 0.092221798418193 1.51713979221747 -0.263255857053798 0.925907526512587 0 -7.97975425980042 2.93969178709187 2.08576260231704 10.6418154251956 -6.55867586217759 -16.2218149454434 4.87944621819977 0 0 9.71817587954838 0 0 -0.839252281812603 0 0.13577863584076 0 0 0.160673894062952 -0.462485380686114 0.892010547636082 
0.748595936178965 -9.6165230449366 -3.42122074655314 0 0 0 3.84524594240135 19.0058825253536 7.17129616400753 5.85671568562124 14.3290552097974 0.667759861213975 -0.423143222827065 0 0.860422585560206 0.495501579947538 0 0 1.27771223947765 1.36826732259629 0.594697144159441 -14.0345761273217 13.8948257145913 0 0 10.4952098105546 0 19.4777762421769 18.714143437666 7.65148613958223 13.5468737937263 0.928346362155092 0 -0.667678957184627 2.26721421987154 0 0 -1.46783191220268 0.898857128293653 0 0 
1.57142565333233 -19.6061065236368 0 3.23005655930846 17.4451060860628 4.34418694702638 0 2.77723446617705 18.1124276659044 5.85671568562124 14.3290552097974 -0.699111080644238 0 1.20186968389986 1.76842868596708 1.32133292534451 1.20801857263223 -0.0900088604958769 1.32666692572025 1.36826732259629 0.594697144159441 0 19.1401366461255 4.4710669780481 0 9.15302979003313 0 0 0 19.160583510022 12.1851239914937 1.97945172897515 0.716161487901658 -0.676888563985419 2.26721421987154 1.42427737332614 0 -0.699646122753455 0.249457139638 1.74054222448754 0.892010547636082 
1.57142565333233 -15.1649440523074 5.98707973304534 3.97482614218016 0 17.3482750343849 3.84524594240135 -16.7346931792492 0 0 0 -0.667015781936709 0.446507904886505 0 0.860422585560206 0 0 0.366769787094914 -0.263255857053798 0 -1.1681418461763 -10.5398833335097 0 -16.539486076934 5.4091972417241 -6.55867586217759 0 4.87944621819977 -1.73541534181471 7.65148613958223 0 1.52448077663988 0 0 0.802263830137562 0.518661023359122 -1.81739824908664 0 -1.39772556507854 0 1.19067444707764 
1.57142565333233 -15.1649440523074 3.94357362014408 20.0756516829252 -17.8455007904421 13.1122586046868 0 19.0058825253536 0 0 -3.08224794237513 -0.381027996642994 0 -0.516140276312893 2.45326011595002 0 1.13675711356884 0 -0.263255857053798 -0.263169920194508 -0.555537694387854 -16.7730637782128 13.8948257145913 2.08576260231704 -4.13639658323321 10.4952098105546 12.2307142113478 -2.05287800014619 16.1367461253594 0 9.71817587954838 1.89874144224391 0 -0.839252281812603 -0.943802413038817 0 -1.40987321520684 -1.9524874333071 0 -0.462485380686114 0.892010547636082 
0 -12.0308381933863 -12.6065675134801 0 -19.0568236264432 17.3482750343849 5.79528363691423 12.7032875608202 0 0 0 -0.536488295782585 0 0 0.357718871025238 0 0.487619732766235 0 -0.263255857053798 0 0 0 0.00863527879521031 -16.539486076934 -16.5644057730978 12.9798027472476 0 0 16.1367461253594 -1.55922105608472 0 0 1.82786254390509 0 -2.57670265964545 1.09351984276135 -1.81739824908664 1.44560278740041 0 0.031732575051362 1.19067444707764 
0 -9.6165230449366 2.13387962721003 19.0996843013445 0 -13.9419613843513 3.84524594240135 12.7032875608202 0.0801325910399354 0 -14.2017478096307 0.595608745978963 0 0 0.860422585560206 -1.18608774765678 0 0 0.45396995378843 1.55277195365763 0 4.51637977013196 2.4187233949633 -16.539486076934 0 14.9860957893478 0 15.068406229079 0 0 0 -0.874160631966852 0.0620968378251869 0 2.26721421987154 0 -1.81739824908664 -1.76766268227606 0 -0.462485380686114 -0.044609132243604 
1.57142565333233 -14.8643641910117 5.98707973304534 3.97482614218016 7.54104370602455 14.2889247590159 15.0788702420326 -16.7346931792492 18.1124276659044 0 0 -0.0608999309227336 0.446507904886505 0 0 0.528207587226391 0.092221798418193 0.366769787094914 1.32666692572025 1.55277195365763 -1.1681418461763 -1.1384934429957 0 -13.8402736158298 9.08221915638178 -12.5584815221645 0 4.87944621819977 -1.73541534181471 -1.55922105608472 12.1851239914937 0.503913633787964 0 0.41138055101567 -0.0593000749029685 -2.29785819353902 0 0 -1.39772556507854 0.031732575051362 0.892010547636082 
1.57142565333233 -15.1649440523074 -3.40227012662323 7.13468860235749 0 -13.9419613843513 15.0788702420326 3.93178126208101 1.20930868336433 0 14.3290552097974 -0.381027996642994 -0.106277667510453 -0.0655310107700205 0 -1.18608774765678 0.092221798418193 0 0.0418148931496846 1.55277195365763 0.594697144159441 -7.97975425980042 -17.7299109090725 2.08576260231704 -17.7115514211876 -12.5584815221645 2.28200829694141 -2.05287800014619 0 7.65148613958223 15.1969395462409 0 0 0 -1.52048759140097 -1.64466012438976 1.24938009830629 -1.9524874333071 0.0967945445733119 0 0 
1.57142565333233 17.2969402825911 -3.60599176194798 17.5682554680706 0 4.29867561175426 3.84524594240135 0 0 0 14.3290552097974 0 0 1.68346783317787 0 1.97938650286728 0 1.04267997156953 0 1.55277195365763 0.594697144159441 4.51637977013196 13.8948257145913 3.03479331062864 8.11114053386782 12.6751692708 -3.17835217594558 0 0 0 0 -0.874160631966852 0 0.190159802767522 0.566886543094593 0.74358359585683 -0.653072283981867 0 0.160673894062952 0 -0.044609132243604 
0 -12.0308381933863 1.27554064804015 -25.5470006434466 0 17.3482750343849 3.84524594240135 -0.884963926339971 0 0 -14.2017478096307 -0.536488295782585 0.75899016615422 1.80429820227171 0.860422585560206 0 0 0.678453534226144 0 0 0.26036008079553 4.51637977013196 0.00863527879521031 0 0 12.6751692708 17.6326684363338 13.0460968488111 0 -18.8818193501243 0 -0.874160631966852 1.82786254390509 -0.667678957184627 0 0.74358359585683 1.46405320403355 -1.54860505999467 0 -0.828458802899559 -0.044609132243604 
0.748595936178965 -15.1649440523074 5.98707973304534 3.97482614218016 13.434979332278 17.3482750343849 15.0788702420326 -16.7346931792492 0 5.85671568562124 14.3290552097974 -0.667015781936709 0.446507904886505 0 2.32783074833352 0 0.092221798418193 0.366769787094914 0 0.925907526512587 0.594697144159441 -10.5398833335097 0 -3.84543605327859 5.4091972417241 15.718997639799 -3.17835217594558 4.87944621819977 16.1367461253594 7.65148613958223 0 1.52448077663988 0 -1.90735403723426 0 0.368912837034516 -0.653072283981867 0 0 0 -0.044609132243604 
0 -12.0308381933863 -1.37710145738772 5.91511163204681 4.26652499626694 17.3482750343849 0 -0.884963926339971 -13.3775255146332 0 -14.2017478096307 -0.536488295782585 1.48228125156941 -0.389709701943076 0.860422585560206 0 1.13675711356884 0.678453534226144 -1.5158906315993 1.55277195365763 0.26036008079553 -7.97975425980042 1.04747579055721 -3.84543605327859 -17.7115514211876 -12.5584815221645 -8.43019170147841 19.4777762421769 0 0 0 0 0.539894541590425 -1.90735403723426 -1.52048759140097 -1.64466012438976 0 -1.46783191220268 0.249457139638 -0.462485380686114 -0.044609132243604 
1.57142565333233 -15.1649440523074 1.68475647714676 7.13468860235749 -15.5308212784728 0 15.0788702420326 2.77723446617705 0 0 14.3290552097974 -0.667015781936709 1.48228125156941 -0.0655310107700205 -0.0134386774354794 0.495501579947538 0.092221798418193 -0.0900088604958769 -0.263255857053798 1.55277195365763 0.594697144159441 0 0 -16.539486076934 -13.1164008998854 12.6751692708 0 0 16.1367461253594 -1.55922105608472 0 1.97945172897515 0 0 0 0.74358359585683 0 1.44560278740041 0 0.031732575051362 -0.044609132243604 
1.57142565333233 -15.1649440523074 3.94357362014408 17.5682554680706 0 -13.9419613843513 0 3.93178126208101 0 0 -14.2017478096307 -0.381027996642994 0 1.68346783317787 0.860422585560206 -1.18608774765678 0 0 -0.263255857053798 1.55277195365763 0 -19.5178733018776 13.8948257145913 2.08576260231704 8.11114053386782 13.0024174940784 2.28200829694141 12.170620185775 0 0 0 0 0 0 0.566886543094593 1.06894400299943 1.24938009830629 -1.37828108841939 0 0 -0.044609132243604 
1.57142565333233 -9.6165230449366 5.98707973304534 14.2524333333841 13.434979332278 17.3482750343849 -4.17879500686135 -0.0771754043536146 18.1124276659044 0 -3.08224794237513 0.595608745978963 0.446507904886505 0 2.32783074833352 0 0 1.78570482816813 1.32666692572025 1.55277195365763 -0.555537694387854 0 13.8948257145913 0.58477505190986 -13.1164008998854 15.718997639799 12.2307142113478 0 1.03424918886006 0 -4.22133633644382 1.97945172897515 0 -0.960433059218541 0 0.368912837034516 -1.40987321520684 1.44560278740041 0 -0.462485380686114 -0.044609132243604 
1.57142565333233 7.09937914605224 1.01225917505206 0 13.434979332278 17.3482750343849 0 -0.0771754043536146 0 0 -4.84609227548171 -1.43106898173274 0.0636303548019521 0 2.32783074833352 0 0 1.78570482816813 -0.263255857053798 0 -0.555537694387854 18.9155071316825 2.93969178709187 2.08576260231704 14.3360812131949 -12.5584815221645 0 0 1.03424918886006 -1.55922105608472 0 0.52622613614715 0 0 0 -1.64466012438976 -1.81739824908664 1.44560278740041 0 0.031732575051362 -0.044609132243604 
1.57142565333233 -12.0308381933863 1.27554064804015 -25.5470006434466 0 17.3482750343849 3.84524594240135 19.0058825253536 0 0 -10.0163964342635 -0.536488295782585 0.75899016615422 1.80429820227171 0.860422585560206 0 0 0 0 0 0.26036008079553 -10.5398833335097 0.00863527879521031 -16.539486076934 -17.7115514211876 -6.55867586217759 0 19.4777762421769 0 -18.8818193501243 9.71817587954838 1.52448077663988 1.82786254390509 0 -1.52048759140097 0.518661023359122 -1.81739824908664 -1.46783191220268 0.249457139638 -0.828458802899559 0.288980994852717 
1.57142565333233 -9.6165230449366 5.98707973304534 0 13.434979332278 0 -4.17879500686135 19.0058825253536 -6.29895993042689 0 -14.2017478096307 0.595608745978963 0.446507904886505 0 2.32783074833352 0.495501579947538 0 0 0 -0.263169920194508 0 4.51637977013196 13.8948257145913 0 5.4091972417241 15.718997639799 0 13.0460968488111 16.1367461253594 2.7954618366414 0 -0.874160631966852 0 -0.667678957184627 0 0.368912837034516 -1.81739824908664 -1.54860505999467 0 0 1.19067444707764 
2.56867406407972 -15.1649440523074 1.68475647714676 3.23005655930846 -0.345942022742677 0 3.84524594240135 -0.0771754043536146 0 0 14.3290552097974 -0.667015781936709 1.48228125156941 1.20186968389986 0.586827653109481 0.495501579947538 0 1.78570482816813 -0.263255857053798 1.55277195365763 0.594697144159441 0 13.8948257145913 0 -13.1164008998854 10.4952098105546 20.4858299084407 0 18.714143437666 -1.55922105608472 0 1.97945172897515 -0.345340259049712 -0.30580772753144 0 0 2.16036358673142 -0.699646122753455 0.898857128293653 0.031732575051362 -0.044609132243604 
1.57142565333233 -15.1649440523074 -12.6065675134801 14.2524333333841 0 0 3.84524594240135 19.0058825253536 2.06952411451821 -0.307268424195828 -3.08224794237513 -0.381027996642994 0 0 0.860422585560206 0.495501579947538 0 0 0.0348374208783905 -0.560845573437794 -0.555537694387854 4.51637977013196 13.8948257145913 0.58477505190986 9.08221915638178 10.4952098105546 12.2307142113478 -2.05287800014619 0 18.4724600017641 -4.22133633644382 -0.874160631966852 0 -0.960433059218541 -0.0593000749029685 0 -1.40987321520684 -1.9524874333071 0.249457139638 1.74054222448754 -0.044609132243604 
0 -15.2137361167994 0 -10.3638491455297 -17.8455007904421 17.3482750343849 10.3223563201364 -7.82775693937566 -13.3775255146332 0 -4.84609227548171 0.156515393963324 0 0 1.59412206876749 0 -0.354072984398377 1.98367159906014 -1.5158906315993 1.55277195365763 -0.555537694387854 17.0922148214151 0 4.4710669780481 0 -0.229985965522931 -8.43019170147841 4.74327190655436 0 -18.8818193501243 12.1851239914937 0 0 -0.676888563985419 0 0 0 -0.715566599767453 0.249457139638 -0.828458802899559 0.892010547636082 
1.57142565333233 3.69465236724105 -12.6065675134801 0 17.4451060860628 17.3482750343849 5.79528363691423 19.0058825253536 7.17129616400753 0 -4.84609227548171 0 0 1.47072999340982 1.76842868596708 0 0.0641976516946208 0 1.27771223947765 0 -0.555537694387854 -14.0345761273217 0 -13.8402736158298 0 -6.55867586217759 0 19.4777762421769 0 19.160583510022 14.5378714867578 0.928346362155092 0 0.41138055101567 2.26721421987154 0.518661023359122 0 -1.46783191220268 0.249457139638 1.74054222448754 -0.85473623539076 
1.57142565333233 -8.20008195107807 1.27554064804015 -22.6778126558884 -17.8455007904421 0 3.84524594240135 19.0058825253536 0 0 14.3290552097974 1.09673194805939 0.75899016615422 1.54468232617 1.59412206876749 0.495501579947538 0 0 -0.263255857053798 0 0.594697144159441 -10.5398833335097 2.4187233949633 -16.2836630325921 5.4091972417241 -6.55867586217759 -8.43019170147841 13.0460968488111 0 7.65148613958223 9.71817587954838 1.52448077663988 0.0620968378251869 0.198795086452176 0 0.518661023359122 0 -1.54860505999467 0.249457139638 0 0.288980994852717 
1.57142565333233 7.09937914605224 -3.40227012662323 -10.3638491455297 -9.93127594221443 4.34418694702638 5.79528363691423 -0.0771754043536146 0 5.85671568562124 -14.2017478096307 -1.43106898173274 -0.106277667510453 0 0.678142525329321 0.421578126978864 0.487619732766235 1.78570482816813 -1.27025979537063 1.36826732259629 0 -7.97975425980042 8.17426628813812 0 10.6418154251956 -12.5584815221645 0 0 18.714143437666 7.65148613958223 -9.67114824320709 0 0 -0.30580772753144 0 -1.64466012438976 -1.81739824908664 1.44560278740041 0.898857128293653 0 -0.938443573628759 
0 -9.6165230449366 0 -10.3638491455297 7.54104370602455 -13.9419613843513 0 19.0058825253536 0 -1.74806870077647 -3.85805197474922 0.595608745978963 0 0 0 -1.18608774765678 0 0 -0.263255857053798 1.75962466860638 -0.758736376421869 17.0922148214151 13.8948257145913 0.58477505190986 -13.1164008998854 10.4952098105546 -3.17835217594558 -2.05287800014619 16.1367461253594 -2.65292153547188 -4.22133633644382 0 0 -0.960433059218541 0 0 -0.653072283981867 -1.9524874333071 0 -0.462485380686114 -0.044609132243604 
1.57142565333233 -8.04527746224556 0 0 17.4451060860628 4.29867561175426 10.4172108397666 0 0 0 -14.2017478096307 0.200898502408945 0 1.47072999340982 1.11915983826349 1.97938650286728 -0.354072984398377 0 -1.27025979537063 0 0 -7.97975425980042 2.93969178709187 0 14.3360812131949 13.0024174940784 -11.2067888531866 13.0460968488111 -11.2333667423732 -1.55922105608472 15.1969395462409 0 0 -0.30580772753144 0 1.06894400299943 0.420474968077836 -1.54860505999467 0 0.031732575051362 0 
1.57142565333233 -12.0308381933863 0 0 0 0 10.4172108397666 -0.884963926339971 -1.19284355614467 0 -14.2017478096307 -0.536488295782585 0 0 0.860422585560206 0.495501579947538 -0.354072984398377 0.678453534226144 0.131834017253403 0 0.26036008079553 4.51637977013196 0.944683132830394 -3.84543605327859 0 12.9798027472476 0 4.74327190655436 0 -17.3967204323955 0 -0.874160631966852 0.705865813962121 -1.90735403723426 0 1.09351984276135 -1.81739824908664 -0.715566599767453 0.249457139638 1.46104832434144 -0.505501113843872 
0.748595936178965 -12.0308381933863 0 5.91511163204681 4.26652499626694 17.3482750343849 3.84524594240135 19.0058825253536 -13.3775255146332 0 -14.2017478096307 -0.536488295782585 0 -0.389709701943076 0.860422585560206 0 0 0 -1.5158906315993 -0.263169920194508 0.26036008079553 -10.5398833335097 0.0677719060647171 -3.84543605327859 -2.8424081193015 -6.55867586217759 -8.43019170147841 4.74327190655436 -1.73541534181471 0 0 1.52448077663988 0 -1.90735403723426 0 0.518661023359122 0 -0.715566599767453 -1.39772556507854 -0.462485380686114 1.19067444707764 
1.57142565333233 -8.04527746224556 0 -10.3638491455297 17.4451060860628 12.7497409259201 0 19.0058825253536 0 0 0 0.200898502408945 0 0 1.11915983826349 0 1.01342390617981 0 -0.263255857053798 0 -1.3195076367443 -17.9936584914074 0 0 10.6418154251956 -16.756209813783 20.4858299084407 13.0460968488111 0 -1.55922105608472 9.71817587954838 -1.77381643269854 0 -0.30580772753144 0 0 2.16036358673142 -1.54860505999467 0.886331409572778 0.031732575051362 0.892010547636082 
2.85227568115202 -9.6165230449366 0 3.23005655930846 -0.345942022742677 17.3482750343849 3.82697485749469 -0.0771754043536146 18.1124276659044 0 14.3290552097974 0.595608745978963 0.386276332701685 1.20186968389986 0.586827653109481 0 0.867401597927046 1.78570482816813 1.32666692572025 -0.263169920194508 0.594697144159441 0 0 0 5.4091972417241 -18.7414049910109 18.96162224494 0 1.03424918886006 2.7954618366414 13.5468737937263 1.97945172897515 0 -0.667678957184627 0 0.0703606859223734 2.29791148500885 1.44560278740041 0 0 0 
