100
10
2.57109798855871 -9.6165230449366 3.94357362014408 0 0 0 3.84524594240135 19.0058825253536 0 0 14.3290552097974 0.595608745978963 0 0 0.860422585560206 0.495501579947538 0 0 -0.263255857053798 0 0.594697144159441 4.51637977013196 13.8948257145913 0 -13.1164008998854 10.4952098105546 0 13.0460968488111 16.1367461253594 7.65148613958223 0 -0.874160631966852 0 -0.667678957184627 0 0 -1.81739824908664 -1.54860505999467 0 0 -0.044609132243604 
2.40066164539662 17.2969402825911 -0.24496794689678 5.28798746191337 0 14.5686138768534 -9.85824882511899 0 -8.43781127987328 -19.3594054967907 0 0 0 0 1.91099939398048 -0.59964300161211 0 1.04267997156953 0 0 0.123702540119971 13.5030781913097 -6.20102287558886 -5.60238617733232 0.50793375843574 0 -11.1682280018778 7.9804703257887 2.9511073152307 6.52096737479836 -16.570451835436 0.605855025633171 1.23044581302928 0.309703365112517 0.609546169922476 0 0 1.08095965212256 -1.32258408485101 0 0.70701173912129 
2.36431119505926 -15.1649440523074 0 3.97482614218016 7.54104370602455 17.3482750343849 15.0788702420326 -0.884963926339971 18.1124276659044 0 0 -0.667015781936709 0 0 0 0 0.092221798418193 1.51713979221747 1.32666692572025 1.55277195365763 0 -7.97975425980042 0 -13.8402736158298 10.6418154251956 -12.5584815221645 0 0 0 -1.55922105608472 9.71817587954838 0 0 0.41138055101567 0 -1.64466012438976 -1.0288879233547 -1.9524874333071 0.249457139638 0.031732575051362 0.892010547636082 
0 0 9.4323747555876 -8.98222134866855 -10.5492893562416 16.4593546821081 16.8058828063337 -11.2389959726664 -0.511209201305736 18.5954367456005 -13.8955245231723 0 1.28062896303862 -0.0268837595483678 0 -0.139489319240437 0.135332819137412 0.572312833076489 0 0 1.2299393220944 15.1475826814527 -10.0211418653005 0 -11.2124111183045 0 -15.9966852031633 7.29520733807944 16.751151865698 0 -6.26991620113603 1.98017895593316 0 0 0.897129770786096 1.64780915139607 0.625020461448012 1.56076928300819 0 1.42291382859597 -1.32360344441775 
1.57142565333233 -2.53898822820698 -13.9048458700557 7.13468860235749 -3.13445302803742 0 0 12.7032875608202 0 1.71811433588998 0 -1.46952433300648 0.369594797664133 -0.0655310107700205 0 -1.35148547093919 1.20801857263223 0 1.91856534961544 -1.17557673862929 -0.468302361885227 0 -1.19464436601598 -13.1234265738742 -19.5663545930601 0 0 0 -4.78061098828009 8.66892316782331 0 0 0.702423476941149 0 -1.25114107469616 -0.121819525082512 0 1.46843379524929 -1.10176605549723 -1.52909076098776 1.85346160915376 
1.57142565333233 -6.09769621216585 16.4955065848751 16.3752983493615 1.45031612433974 0 -14.7998275234363 -4.95993956223127 8.70392385344204 18.9822119283407 -11.6466324085587 1.26966244320835 -0.619988617775956 1.5594764992406 0 0 0.0389761426667571 -1.05318726648259 1.65633325076491 0 0 17.4762229423394 0 19.2432750571721 0 -0.805783402549933 8.60222427575021 5.09376057660848 0 0 0 1.10089556085919 0 1.98964778519685 1.62764544395155 0 0 -1.00681905309056 0.691541088135699 0 0.916256303394333 
1.57142565333233 0 0 -17.7261609573505 18.1685062489326 -8.0294700842488 9.41117128795533 -13.8822348061401 -14.1847238383185 10.0066026160524 9.70094932694964 0.909547092816582 -0.190822756006766 0.418539211348882 0 1.78949920916441 1.31065537562159 0.237387108261412 1.8254941272668 1.55165766903742 1.02647220018621 17.2906091517259 13.9616580745027 -0.544542223468675 -16.5644057730978 8.06639671701305 0 -14.4905194172126 -12.16287014641 -17.3967204323955 7.92305454049402 0 -1.63931630907548 0 -1.89358647721521 -0.00812134147068548 -1.34377650047828 0.948396895988098 1.32973337607911 1.46104832434144 0 
1.57142565333233 0 9.99146679881563 -11.6049692181893 1.32051943862835 0 0 0 -12.7556904278489 0 -0.713753847272021 0 -1.37559206289034 -0.648182133514519 0 0.512038452789205 -0.367440475322046 0 1.14410374739398 0.465078023478891 -1.91115276511347 0 -16.533510236318 0 0 -2.55315663411895 1.00403893785739 4.2743019500162 0 -7.6634243725163 -9.2955587754471 0 1.41584377801784 0 -1.39605881990681 -1.12043163977583 0 0 0 0 1.41833082466309 
1.57142565333233 0 0 1.60753694437795 5.68210288215527 0 0 -6.60447977790818 5.40668725287853 -18.5044348465765 -5.91267003953116 -1.35773185051872 0 0 1.84978661027261 0.91160134454798 0.653399020737689 -0.973738013288815 0 -0.0649088453803718 0 3.0414614933736 -10.2231951571178 -3.24719738366418 -17.4729769944553 4.22382485318176 -16.7938569359453 15.456894317389 -11.6029590049772 -1.83608141347583 15.716380316632 -1.37968992413007 0.702013279638259 1.45199062649719 0.290534787015307 0 -1.08938963855123 -1.80575250918314 0 0 1.88857806096253 
1.57142565333233 0 -9.4171026206655 8.80291049545766 0 0 0 0 3.25943474809613 7.64922918176708 -10.3541145987595 0.866495515623361 1.43248037408687 0.909848582888883 0 0 0.153143692832973 1.97681296522581 1.10419294382641 0 -0.0570548270163382 0 0 -7.14198597340937 0 0 3.0857427060072 0.463611530355928 0 0 0 0 1.77102281049407 2.25400515238475 0 1.3262669487513 0 -1.65879359359797 1.49952157936037 1.60366346668623 1.20838767812047 
1.57142565333233 0 -3.59982337970278 17.0548388720745 17.4451060860628 0 0 2.77723446617705 -13.3775255146332 0 -4.75414227915655 0 0 -0.750603255234008 1.76842868596708 0.361514742654522 0 -0.0900088604958769 -1.5158906315993 -1.79228180357827 0 0 -15.2303064755305 7.7265433630564 -19.8002807701939 13.0024174940784 -2.94343250009391 0 1.03424918886006 2.7954618366414 13.5468737937263 1.97945172897515 -0.304206935830511 -1.50750137935742 0 1.06894400299943 -1.13865786098813 1.44560278740041 0 0 0 
1.57142565333233 0 0 0 -3.24000115657225 5.68566185687001 0 16.0694280062194 5.52340041171918 -8.95369763903026 -18.5243872359974 -0.0259768623048332 1.0181736652824 -1.52262143023434 -1.68135105338011 0 0.747678929356709 0 -1.04755112763846 0 -0.652513661725686 2.43648169675678 7.93215958770931 8.36626113781997 0 -6.41453331635079 0 19.792081564568 11.9444144945333 17.3578413563584 9.80739238197328 0 -1.65873090627544 0 0 -0.186146811668829 0 0.333275552994234 0 -1.7517095048687 0.0181422149846993 
1.57142565333233 -17.6141798578269 12.1204198115135 17.2051099022874 -4.46754010602252 0 0.167877238787653 0 3.26915201883258 3.58365737068637 -10.3097995977429 1.26757293346691 0 0 -1.64359831141476 0.773791921685353 -1.79236579676735 0 1.26531900431277 0 0 -2.74542277806691 -0.218399865654483 0 -19.7675383928081 0 3.26360542479139 -3.64508504217727 -16.3938209770219 0 0 -1.37015889555689 -1.15424090584472 0 1.98926281835384 -1.06337175567791 0.216728635698896 0 0.501999203349463 -0.681508437116402 -0.666981119973111 
1.57142565333233 -2.09156102598252 0 -7.33378315918789 0 0 10.8674261490197 -7.99757213704175 0 15.137319851265 -8.15232555761576 0 0.630917375269773 -0.431865329123971 1.63483198715133 -1.82742675106387 -0.79123492668906 0 -1.66100091005722 -0.232633700702635 0 -15.6841440199335 0 -0.53536752030969 11.279499219395 -19.105037301362 -2.05992214477617 -9.07914077354555 2.86064426547878 -13.2386580078111 12.7464825626213 0 1.86266355023843 2.72021369529898 0 0 1.44400890052505 0.120850089062401 0 0 -1.16060079408838 
1.57142565333233 2.50537998159667 0 -16.9107069153854 0 -19.2019175920644 -8.92065639091686 0 -0.351844448760079 0 -6.27449319990095 -2.64338327368879 1.87261713290243 1.62493443285345 -1.31100091864867 0 -1.69916298319547 0.590479438468106 -0.540700045666052 1.61367673222612 0.945593946122375 3.47688105352078 0 -1.44702604107886 0 17.3885414457827 -17.0328129534762 0 -15.2866566345499 0 17.4242149374561 -0.607378501262226 1.83476196687425 0 1.92878267351947 0 1.67957935653607 0.828061712360038 0 0 0 
1.57142565333233 -15.278613742105 -3.86382226779304 -13.652855955834 -13.6759281967189 12.8831791658342 0 6.52057687124264 10.4359794549812 3.39998066583647 -8.76640110684857 0.65367790621411 0 0 0.671028182222987 0 0.582926592129714 1.01030189684141 0.287285943649377 -1.62543839664452 0.540851375339949 -18.1020162711395 1.97646800287835 -3.30926314150415 -5.68516797650846 0 2.28200829694141 -17.3905679478266 -4.5484045541605 0 15.0526962871909 0 0.799274848214944 0 0 0 1.24938009830629 0 0 0 0.779248982099466 
1.57142565333233 -15.514817505849 0 -10.3638491455297 4.8182367183353 18.0117085939328 0 1.92062777556508 0 5.78183600016955 -5.50427740696085 0 0 0 0 -1.00626904378006 0 1.36685086012206 0 1.4027225591255 0 0 0 0 -17.7115514211876 -0.229985965522931 17.6326684363338 0 3.99048991687153 0.287984607409679 0 0 0 0 -1.52048759140097 0 1.46405320403355 0 0 0.721789859105735 0 
2.48888334111314 0 0 0 -15.0563635560946 2.62789748731437 -4.74278559197801 -16.7346931792492 13.8610990410024 16.8580064814808 2.48799035907164 0 0 -1.74925549502916 1.02557531233205 0 1.64170756174331 0.366769787094914 0 0 1.73062504908565 -5.29501771800919 -17.7299109090725 4.4710669780481 0 14.9860957893478 -11.6971095985254 19.4777762421769 0 14.260890741954 -9.67114824320709 -1.49015409289401 0 -0.676888563985419 1.41468335381461 0 -0.462183201900769 -1.46783191220268 0 1.74054222448754 -0.938443573628759 
1.57142565333233 -19.8062348923675 4.73770835657497 0 -5.21813744922082 0 0 3.35635418228635 13.0612709899718 0 -21.2579881009916 -0.696059548620162 0 0.494778570949462 1.14482963138485 1.27703834757071 -1.39075198182406 0 0 -1.87791616277672 -0.685877159557248 -17.1952333847039 -11.0217875759219 -14.5943358422231 16.7592955272455 -9.56061311511352 -5.0983895850826 14.5296161410071 17.7414800402436 0 -12.3311964107357 1.46314108905529 -0.613488386670821 0 0 -1.40467941640163 -0.839068591054095 -1.79419201323492 -1.82568877927293 -1.12908972852355 0.1371284644758 
1.57142565333233 12.4141445511087 0 3.32807367822531 0 -3.33269031873564 0 -18.441473244895 3.49559317505713 7.04294161267716 1.08046732893235 0 0.784977454126336 0 0 -0.759651526231156 0 1.21878246088456 -1.35413826320047 0 0.228533070640887 1.7022931932948 -13.9754761727413 0 -8.21147049228264 0 0 0 18.714143437666 2.04240640720465 -0.154038202089275 0.755955041738206 0 0 1.08123994389607 0 0 -1.1009197240234 0.898857128293653 -1.30211175759421 0 
1.57142565333233 0.762469144893097 16.9096652590249 0 13.3382992136005 -11.9906458849975 -17.9818515004506 0 -17.6131929911734 -1.52316533100007 -11.5094779392283 0 0 0 0.91641967693177 -0.0958827129080345 -1.99974191375065 0 1.63444772811348 0.215231344204038 1.12576079327881 16.3074849994422 -13.8537899189879 0 0 15.5722134074067 0 -7.54909484998747 -0.917273043150675 12.1232721265979 0 -1.47097152260643 1.27288315970119 1.50723698619159 -1.90363006289286 -1.28987801507575 0 0 0 -1.86015513160273 1.19067444707764 
0.748595936178965 0 -11.8526667039155 0 6.66342057597983 -6.47522796246932 0 13.9164683287574 6.37093605770307 0 -8.10293901157702 0.732894560663446 0.637298246211046 0.755583508292019 0 -0.621955655804815 0.920083173979113 0.876339606417501 -1.26178413874553 0 -0.570956805986798 0 3.19131139814449 -13.3200310139544 0 9.39001620253083 0 -4.01561976830271 0 12.3927913570743 -17.6649725985085 0 -0.899900544853835 0.642118996308241 0 0.18449743659445 -0.319856071993642 1.80549443876627 0 1.30766445366091 0 
1.57142565333233 -8.13937099098199 0 18.0523822354397 5.74111776693776 -9.80856429310914 -13.529719912228 0 1.62801802234166 0 14.1182688596278 0.66826056254481 0.538111629215121 0 0.493940389945144 0 -1.34747704740031 0 0 -0.413301439216966 1.7060296161594 -6.3659592095604 -2.86820723808753 0 7.99218615656355 -19.0435638181137 -17.2638521144464 10.6971740306808 0 0 0 0 0.495940478749546 0 0 0.144729333997112 0 1.69650647495711 0 -1.76574398193776 0.965711629467882 
1.57142565333233 3.69465236724105 -15.1900240942789 0 8.39497065562521 0 4.65122687614114 0 -16.4872037975524 0 19.669886324401 0 -0.281934283805049 1.61532027256457 -0.807541307437951 -1.34094786333896 1.01342390617981 0 -1.89490356850201 -0.442838477177005 0.694426898236585 0.133648654508241 -0.282188663390553 15.3591191188242 5.4091972417241 -18.7414049910109 -15.436507095786 -13.2188631376339 0.368191376499921 -15.5948004385432 1.98019134904267 0 0 1.97026141079621 0 0.918205051179139 1.29385954667528 0.00617582816918186 0 0 0 
1.57142565333233 0 15.7029531876105 -17.7932643786973 14.9720461922568 4.29867561175426 0 0 -16.1604769230636 -12.5359003024809 0 0 0 0 -0.992810893334826 1.97938650286728 1.99397958442288 0 0 0.644045354167021 0 0 -10.0607482111364 14.1446062802079 -16.4899671061383 0 0 0.222405872876944 -11.2333667423732 -12.7090003307485 0 1.17204904703984 -1.00884031644503 0 -1.0689892783151 -0.159753744564836 0 0 0 -1.2192026149571 -1.44838599555585 
1.57142565333233 -12.0308381933863 0 5.91511163204681 -17.8455007904421 -13.9419613843513 2.44386011848406 0 0 5.85671568562124 -14.2017478096307 -0.536488295782585 0 -0.389709701943076 1.59412206876749 -1.18608774765678 -1.96145468529382 0 -0.584983382646452 1.36826732259629 0 -10.5398833335097 8.17426628813812 2.08576260231704 0 -6.55867586217759 0.0782188587254935 0 0 0 0 1.52448077663988 0 0 0.825355878484135 0.518661023359122 -0.532287718044728 0 -1.39772556507854 -0.462485380686114 0 
1.57142565333233 -0.333185298523486 5.98707973304534 -16.7150853931508 0 -7.772404499246 -9.59069928600951 -9.2133280677783 -16.2615347449954 -8.54958560715876 0 0 0.446507904886505 1.46615170895408 0 0.393303346071999 0 1.41693056720166 0 0.692188950577839 -0.628737155640841 -19.5178733018776 0.0677719060647171 3.98261815960641 0 -10.9694767049372 -11.2976251781441 -10.7212407750642 0 -4.41047866102796 4.47291580237118 0 0 -1.74142211989566 -0.537229170341617 1.05736062166158 0.594007693507712 0 0 -1.72215718297388 0 
1.57142565333233 -8.65980658384962 13.7953941122607 19.0996843013445 0 -18.7380937294746 -10.7589042888763 0.671316217943708 0 -14.552054505121 0 0.88316143345235 -0.0897939894766519 0 -0.709138222368964 -0.880340076461593 0 0 -1.33079474853854 0.137653090123857 0 -1.2974472210265 -15.1598809823207 -3.84543605327859 0 0 12.2307142113478 -2.19771960852562 0 -16.6357951316218 14.5378714867578 -0.215132057766957 -0.124585746845503 -1.90735403723426 -0.415124763927946 -0.235332614851805 -1.40987321520684 1.24730596376923 1.33174366193439 -1.10906455717472 -0.85473623539076 
1.57142565333233 -18.5065390535195 -7.13311007578536 0 0 -1.44976940073528 -17.5041534390786 7.52386665322067 -13.2427075660055 -5.83852268095991 8.32403839022109 1.50191845907919 -1.82798352829552 -1.92497534673893 -1.64505172131818 0 -2.47747474325703 -1.38469491311568 0 -1.95520586425215 -1.03748144350829 -16.644828103783 0 -7.55176784822334 -8.4136866258521 0 -5.29580354937157 11.2517787382248 -3.05914677821991 -12.8920902837497 11.1808512598187 0 0.271671568170037 0.475332658027919 0 0 0.324687051738001 0 1.89902076492972 0.0489701861743676 0 
0.748595936178965 -5.2005691291767 -1.74370995803909 0 8.75274132180621 -5.03607406515445 -0.395180266534528 -3.54791060255277 0 -4.32146393895217 -1.27322487592382 0.190236597410513 -0.00401793699898661 0.601433353778642 0.252165801474902 -0.745963859719207 0 -0.0382628804250913 -1.31417429415238 0 -1.42927973877139 -9.68138864714717 0 12.5052397756396 4.11664404632367 0.998886200133192 15.7718509695362 5.48022766852762 -17.8426819005249 0 6.26030777872554 0 -0.351049727923726 -0.109193132309799 0.457072830506169 0.0447444552764038 -0.624618927307715 -1.73645732632673 0.357664245347336 0 -0.640693242960001 
1.57142565333233 0 -10.9704006048713 -8.55682962972523 -16.9130443068748 0 -9.84683908980658 2.01416446921144 6.05411009213613 0 5.98353707510211 1.67831776462417 1.93775742311858 -1.05863183972362 0.422197433385159 -0.0340225771227957 -0.527438999399282 -0.876975858061097 0.286481964535304 -1.50088981795166 0 0 0 -13.4413036394125 8.11114053386782 5.29441916630343 0 0 1.13631875307128 3.87897992687252 -0.595567683035306 -1.58895293604068 0 0.500489259371762 0.566886543094593 0 0 -1.0613520290057 0 0 0.484981212990815 
1.57142565333233 7.09937914605224 -1.37710145738772 -9.1407495872773 0 7.55045987085926 4.15735367879148 -16.1343217064321 0 0 0 -1.43106898173274 1.48228125156941 0.601241291314942 -1.45428966332892 0 1.10723076253535 1.42770609139824 -1.27025979537063 0 -0.622408810361479 -19.1064242735069 16.8016952913262 6.57474302992911 0 2.00004676450046 12.204178325927 0 0 -18.8818193501243 0 1.91697638571122 0.73103691112764 0.614813761140599 -0.368162372320966 -1.05248496171668 -1.44416876204506 -0.110677490062396 0.160673894062952 0 0.998112815897033 
1.57142565333233 -2.38310036360431 12.5837992004043 -0.306145672363297 10.1674139081349 11.9093893430705 -11.0439164708573 13.2440273059737 15.3552433081694 -13.2894042754962 0 1.98346096928393 -1.22751825266868 -0.315339062044089 0 0 0 -1.22565257140699 0.780063479570701 0 0.127760910488554 -14.1140178656736 -12.3494343237716 8.69549920721701 0 4.18715110243631 -3.0530582103194 -13.2918481870051 14.0569540458065 0 6.97055879373595 1.0733002177781 0 0.722267038990868 -0.503787088442495 0 1.85055468410745 0.0157319633363429 0 0.891185528082394 1.0441133207847 
1.57142565333233 0 0 2.64758282464351 0 -1.79338834331994 -19.8717385716139 -14.1413777946222 0 0.645875335040444 -17.5254523928861 1.9709476092695 0 0 -1.18812326862855 -0.138992455387019 0 -0.798535757138643 1.69834654671063 0 0 -14.337169339106 0 -16.819782125214 -12.6102689246695 3.74242089630217 11.6444858776613 -6.44157256299703 0 -19.9564837198502 -4.04007308373231 1.75608755823043 0 1.18547644707629 0 -1.47989708254109 1.64520700631906 -1.47500940853497 -0.643047354483533 1.72144485345178 -0.521094512437049 
1.57142565333233 0 0 15.6851160692447 17.2437094791065 11.0030013653464 0 0 0 -3.70844344548343 -0.307288114124578 0.947260268473653 1.06362275642512 1.68346783317787 -0.556065117267922 0 0.658433632300437 0.956921047045347 0 0.332259519180404 -0.889872159291931 17.0922148214151 0 -16.539486076934 14.626130030782 0 -8.43019170147841 8.50329419062626 1.69083809558807 -1.84997062983456 3.61207955685075 0 -0.464818962134802 0 -1.81821059613405 0 0 -0.0263543734449681 0 -1.23442778514439 0.0347239384589363 
1.57142565333233 17.0974629079446 11.988046035165 11.8690344746546 5.13332087785626 10.8662453158136 8.8279669470284 3.94097969119483 8.27927703423392 0 -7.39731701435396 0 -1.52747630305936 0 -1.71674844423158 1.79971888745191 0.211237210878747 0.256305675141656 0 1.34823094836819 0 0 4.39875859040709 -15.8892673886797 0 0 -12.8860646546288 -0.204194346537904 11.7794977742152 0 0 0 1.50044177542461 -0.646551857072186 0.956681861987655 -1.11162661067752 1.15297563055203 -0.194848525428608 -1.83687361694727 -1.63640452438798 0 
1.57142565333233 -1.78796895862928 -16.5183464328378 -18.4925046649261 0 0 0 0 -4.68225491451205 0 4.79890490174243 -0.630967898588147 -1.5335068393189 1.24028402997194 0.559117778464741 -1.24509222677215 -0.231540630679364 0.321793873944224 -0.170136558902514 1.36552410263825 0 19.9610012117592 0 7.29772884738526 -17.2569449605685 -18.4825621072587 0 -18.3042308796683 -2.41281903461219 -6.34477863383702 -3.57320316302274 -0.166137135664996 0 0.279403324369063 -1.84664526295226 -0.134435967604833 1.82806366208385 -0.309316855999323 0.770035954550857 0 0 
1.57142565333233 0 0 -2.19332058084818 10.430913395449 0 0 -7.82775693937566 -19.3029917680207 6.5318060394059 0 -0.761378320288555 -1.78454721615862 0.672007331937555 0.391724723573646 0 0 1.98367159906014 -1.11570918146321 -0.331309158509276 0 -17.9936584914074 0.00863527879521031 0 0 2.5642339710911 0 -14.0715165036132 19.40161666805 -12.316610437034 15.1969395462409 -1.77381643269854 1.82786254390509 -0.421186248967976 -1.07895026126828 -0.00397545378840317 0.708276998581494 -1.46589660247131 0.379948443910083 1.61979038250623 0 
1.57142565333233 0.0511298422008426 -2.57992349685166 0 0 0 -17.0653020297481 -1.5120071529001 -4.48880472429507 16.5729914589659 -0.46083783752324 -1.56061935311212 0 -1.71875939132588 -0.374940340581788 0 0 0 -1.87428322614836 -1.9124447544629 0.61666142317311 -16.9267938364888 15.1473982237034 0 0 0 12.4439704196732 1.72039707737062 9.40507688066227 0 18.5346563712389 1.90226799058834 1.21095542666081 0 0 0.512214164488117 0.80730318222535 0 0 0 -1.95889431049996 
1.57142565333233 -4.06953606012721 7.10130215021842 14.485626246075 0 0 -5.36650848359173 9.82467826913329 17.2902936289507 15.068403945802 18.6279595078099 0.640201305337344 0 -0.0126820039063143 0 0 0.741332240747908 -1.2833170608074 0 0 0 -18.8428908581114 -19.7399863785785 -19.0331820021538 -12.7431722137812 13.7445908942002 17.6468423929284 0 0 8.91237465148437 0 -1.01458165376195 0 0 0 0.0176781890996165 -1.72422607043955 0 1.16079363374076 0 1.03004743765576 
1.57142565333233 7.85817095444453 -13.0223777392052 0 0 -13.8244773232492 -8.09740111608869 0 0 -10.7708276579021 -7.93149940107553 0 1.94226503369504 0 0 0 0 -0.813948322466551 0 0 0 -12.4947656469861 2.93969178709187 -17.0475366884133 10.8602758268175 -8.63045647210928 -11.3574449864018 -3.75014141376603 0 0 0 1.62543303874574 0 -1.65560474230703 0 1.09831227599565 0 0 0 0 1.0233018524122 
1.57142565333233 10.0168978096996 15.0617452920702 -14.9080813652408 3.00173445744521 19.3391693194114 12.7268095373767 0 1.66756742711531 -17.5417039904472 -6.50907378015531 0 0.0450718086422756 0.721157478504422 1.37863643438492 1.7545530711089 0 0.0458331955810232 -0.763328800333351 0.530304819592417 0 0 3.35174133458721 12.8839747574571 5.63607182616185 10.191385340966 -8.09941419777433 -18.2120809136946 0 18.192616597839 0 0.560555373579522 0 0.587950212223432 -1.34626130263613 1.76675908629166 -1.4101526054601 0 1.42783027301907 -0.243157663495819 0 
1.57142565333233 17.9450104748574 0 18.9925056225585 -11.9520861431733 -9.84964745577874 0 0 -9.24301386309928 -12.7061459015618 -9.64067697973953 0 1.17778377755442 -0.495434046487992 -1.21687125098746 0 1.13675711356884 -0.652485858952853 0 -0.640163976065891 0.703530013888856 18.9155071316825 -13.0122407213842 0 -4.13639658323321 -0.275964755693434 0 0 17.8420550738657 0 -3.57591903003674 0.52622613614715 0.767198844238743 0.625540513836565 -0.943802413038817 0 0.584778882835423 1.54329143908959 0 0 0 
0 12.2595392969714 -3.86824415245477 0 3.89159402059931 12.2476355974784 0 0 0 -5.42713651686308 -9.34793441991691 0 1.98019305056901 0 0 0 0 0 0 0.469912389046472 -1.3699008614616 -18.3938817299874 -3.59457504171625 0 0 0 0.388249540882301 0 2.70225631198951 4.10839447011631 0 0 0 0 0 1.85280446887613 0 -0.907286352900456 -1.30570319169467 1.56448672970966 0.848463227436162 
1.57142565333233 18.0222221175312 -12.6065675134801 0 16.8561923023575 0 5.79528363691423 -12.0497525818878 -14.5981887516557 0 0 0.635437897702417 0 1.47072999340982 0.534682059909535 -0.999087991658174 -1.13778423570925 -0.0218079914440438 0.191764433026204 -0.263169920194508 -1.3195076367443 0 -12.541107410817 12.0952515639808 0 -17.8338807159261 -16.2218149454434 14.3089763002046 -18.235621414257 0 0 0 0 -1.66984302814577 -0.489385443036158 0 0 2.76376695826825 0 0 1.00710602896619 
1.57142565333233 7.48021236969168 17.0452139699111 11.624367857177 0 -19.2408543542218 -19.4188481194055 -12.2663846762229 0 0 -7.7972198500285 -1.9539161966899 -1.13939879422048 0 0 -0.794039714519884 0 0 -1.83090328696692 0.14589676267742 1.57596559802814 0 -9.98010377864358 0 0 -15.1671222109194 0 0 0 0 0.0928685535177908 0 0.161063560359675 1.95620665417807 0 1.62565194332304 0.925574626273277 0 0.792212276157091 0 -0.780791532611843 
1.57142565333233 0 -10.4684990693203 -4.94321437782758 -16.1587824840838 -8.55896838873577 -0.504626017298841 1.12827998638539 7.17129616400753 -17.055518849313 0 0 0.536595723841617 1.1275325460022 -0.883038429954573 1.78139255278809 1.62888161541376 -0.125254524930033 1.39541792841415 0 -1.91035171407757 4.60495982533552 0 12.9347387202711 -8.67599343353696 -2.95599182739667 0 -10.2448234754823 2.72583791181717 -19.8848077002376 0 1.38787825097697 0.678537828232412 0 0 -0.323021569439686 0.313066798408081 1.72971108077546 -0.717113045378175 1.46416145072512 0 
1.57142565333233 0 18.5357060742265 3.23005655930846 7.8509669508091 0 0 3.07905814753801 -18.3376368872531 0 0 0 0 1.20186968389986 0 -0.812091006344227 0.475138789264084 -1.50091727054721 -0.00634683110115436 0 -0.477513038775657 -0.175418891094354 6.24389083415451 -14.65422294785 0.0950997532788197 9.62414941267304 0 0 0 -8.79713112898037 14.6396884576602 0 0 -1.93143748395678 -0.501792823663816 1.09351984276135 0.456579033497991 1.11047639283839 0 -0.227854187706417 0 
0.889536202550998 18.4702185906797 0 -16.4153815882352 9.47364329801576 12.3925125749747 -6.5591583710905 -17.6089222159278 -17.0435237870754 -11.937059504882 1.25537905900524 0.364652385173669 -1.64426594210987 0 1.73642755287533 -1.22884629537763 0 0.645240363499727 0 -0.935676859196125 0 12.6441195572932 2.34618500915644 0 -13.1394584445001 0 17.6781446103371 1.07456672753886 -18.9475353895442 17.7363109857479 -16.0662185661803 -1.42883979595678 1.11931155487863 0 -0.245252391437652 1.88080632029139 -0.149138612742135 -0.201245213952495 0.848729181498629 0 -1.047272591408 
0.748595936178965 13.5927680849995 17.0447528069116 -13.2117984319161 -15.5308212784728 -5.49643767322248 13.1897675586817 3.48184802731585 19.6053215673218 6.2896475877099 21.1013616649906 0.884157798664718 -0.704829073839276 -0.71552524655849 -0.811212569852924 0 1.38840187685024 -0.958670473172642 -1.81624274599191 -0.0740414383234649 0.958012091442017 5.5775486145064 12.3474663646647 0 -15.3847301357355 0 -17.8610915028775 -1.0734035359106 0 6.68430349169499 0 0 -0.450395549857242 -0.30580772753144 1.49503452866107 0 0 0.700135615980316 0 -1.27335777751792 -0.22305725990937 
1.57142565333233 -9.6165230449366 0 3.97482614218016 0 0 15.0788702420326 -0.884963926339971 0 0 0 0.595608745978963 0 0 0.860422585560206 0.495501579947538 0.092221798418193 1.51713979221747 -0.263255857053798 0 0 -7.97975425980042 0 -13.8402736158298 10.6418154251956 10.4952098105546 0 13.0460968488111 16.1367461253594 7.65148613958223 0 0 0 0.41138055101567 0 0 -1.81739824908664 -1.54860505999467 0 0 -0.044609132243604 
0.748595936178965 17.2969402825911 0 -17.7261609573505 18.1685062489326 14.5686138768534 -9.85824882511899 0 -8.43781127987328 10.0066026160524 9.70094932694964 0 -0.190822756006766 0.418539211348882 0 -0.59964300161211 0 1.04267997156953 0 1.55165766903742 1.02647220018621 17.2906091517259 13.9616580745027 -0.544542223468675 -16.5644057730978 8.06639671701305 -11.1682280018778 -17.5763499352971 2.9511073152307 6.52096737479836 7.92305454049402 0 -1.63931630907548 0 -1.89358647721521 -0.00812134147068548 0 0.565311347397655 -1.32258408485101 0 0 
1.57142565333233 -15.1649440523074 0 3.97482614218016 7.54104370602455 17.3482750343849 15.0788702420326 -16.7346931792492 13.8610990410024 0 6.93394487115273 -0.667015781936709 0 0 0 0 0.092221798418193 0.366769787094914 0 1.55277195365763 1.73062504908565 -5.29501771800919 0 4.4710669780481 0 14.9860957893478 0 19.4777762421769 0 14.260890741954 9.71817587954838 -1.49015409289401 0 -0.676888563985419 1.41468335381461 0 -1.0288879233547 -1.46783191220268 0 1.74054222448754 0.892010547636082 
0 0 0.538538526994427 17.0548388720745 -10.5492893562416 16.4593546821081 0 2.77723446617705 -0.511209201305736 18.5954367456005 -13.8955245231723 0 0 -0.750603255234008 0 -0.139489319240437 0 -0.0900088604958769 0 0 0.586016308789149 15.1475826814527 -10.0211418653005 7.7265433630564 -19.8002807701939 13.0024174940784 -2.94343250009391 0 16.751151865698 2.7954618366414 13.5468737937263 1.98017895593316 0 -1.50750137935742 0 1.06894400299943 -1.13865786098813 1.44560278740041 0 0 0 
1.57142565333233 0 18.5357060742265 7.13468860235749 -3.13445302803742 0 0 12.7032875608202 0 1.71811433588998 0 0 0 -0.0655310107700205 0 -0.812091006344227 1.20801857263223 0 1.91856534961544 -1.17557673862929 -0.468302361885227 0 6.24389083415451 -13.1234265738742 0 9.62414941267304 0 0 0 -8.79713112898037 14.6396884576602 0 0 0 -1.34385550736629 1.09351984276135 0.456579033497991 1.46843379524929 0 -0.227854187706417 0 
0.748595936178965 -18.5065390535195 16.4955065848751 16.3752983493615 1.45031612433974 -1.44976940073528 -14.7614464511915 -4.95993956223127 8.70392385344204 18.9822119283407 -11.6466324085587 1.50191845907919 -0.619988617775956 1.5594764992406 0 0 -1.75804084435014 -1.05318726648259 1.65633325076491 0 0 -16.644828103783 0 -7.55176784822334 0 -0.805783402549933 -5.29580354937157 5.09376057660848 -3.05914677821991 -12.8920902837497 11.1808512598187 0 0 0.475332658027919 1.62764544395155 0 -0.231343342099033 -1.00681905309056 1.89902076492972 0.0489701861743676 0 
0 0 -3.60599176194798 -13.652855955834 18.1685062489326 12.8831791658342 0 6.52057687124264 -14.1847238383185 3.39998066583647 9.70094932694964 0.909547092816582 0 0 0 0 0.582926592129714 1.01030189684141 1.8254941272668 -1.62543839664452 1.02647220018621 17.2906091517259 13.9616580745027 -0.544542223468675 -16.5644057730978 8.06639671701305 2.28200829694141 -17.5763499352971 -4.5484045541605 0 15.0526962871909 0 -1.63931630907548 0 -1.89358647721521 -0.00812134147068548 1.24938009830629 0.565311347397655 0 0 0.779248982099466 
1.57142565333233 0 9.4323747555876 -8.98222134866855 -10.5492893562416 16.4593546821081 0 -11.2389959726664 -12.7556904278489 0 0.385756818757279 0 1.28062896303862 -0.0268837595483678 0 -0.139489319240437 -0.367440475322046 0.572312833076489 1.14410374739398 0.465078023478891 -1.91115276511347 0 -10.0211418653005 0 -11.2124111183045 0 -15.9966852031633 7.29520733807944 0 -7.6634243725163 -6.26991620113603 0 0 0 0.897129770786096 1.64780915139607 0.625020461448012 1.56076928300819 0 0 -1.32360344441775 
0.748595936178965 7.48021236969168 17.0452139699111 1.60753694437795 5.68210288215527 -19.2408543542218 0 -12.2663846762229 0 0 -7.7972198500285 -1.9539161966899 -1.13939879422048 0 1.84978661027261 -0.794039714519884 0.653399020737689 0 -1.83090328696692 0.14589676267742 0.979649163307459 3.0414614933736 -10.2231951571178 -3.24719738366418 -17.4729769944553 4.22382485318176 0 15.456894317389 0 0 0 -1.37968992413007 0.702013279638259 1.45199062649719 0.290534787015307 0 0.925574626273277 -1.80575250918314 0.792212276157091 0 -0.780791532611843 
0 0 -9.4171026206655 1.60753694437795 0 0 0 0 3.25943474809613 -18.5044348465765 -5.91267003953116 0.866495515623361 1.43248037408687 0 0 0 0.153143692832973 1.97681296522581 1.10419294382641 -0.0649088453803718 0 0 -10.2231951571178 -3.24719738366418 -17.4729769944553 4.22382485318176 3.0857427060072 0.463611530355928 -11.6029590049772 -1.83608141347583 15.716380316632 0 0.702013279638259 1.45199062649719 0.290534787015307 0 0 -1.65879359359797 0 0 1.88857806096253 
1.57142565333233 0 0.538538526994427 17.0548388720745 17.4451060860628 0 0 2.77723446617705 -13.3775255146332 0 -4.75414227915655 0 0 -0.750603255234008 1.76842868596708 0.361514742654522 0 -0.0900088604958769 -1.5158906315993 -1.79228180357827 0 0 -16.9134174366078 7.7265433630564 -19.8002807701939 13.0024174940784 -2.94343250009391 0 1.03424918886006 2.7954618366414 13.5468737937263 1.97945172897515 0 -1.50750137935742 0 1.06894400299943 -1.13865786098813 1.44560278740041 0 0 0 
1.57142565333233 0 0 -17.7261609573505 18.1685062489326 -8.0294700842488 9.41117128795533 -13.8822348061401 5.52340041171918 10.0066026160524 9.70094932694964 0.204417097477437 -0.190822756006766 0.418539211348882 0 1.78949920916441 1.31065537562159 0.237387108261412 -1.04755112763846 1.55165766903742 1.02647220018621 0 7.93215958770931 8.36626113781997 -16.5644057730978 8.06639671701305 0 -14.4905194172126 11.9444144945333 -17.3967204323955 7.92305454049402 0 -1.65873090627544 0 -1.89358647721521 -0.00812134147068548 -1.34377650047828 0.948396895988098 0 1.46104832434144 0 
0.748595936178965 0 12.1204198115135 0 -4.46754010602252 0 0 -16.7346931792492 13.8610990410024 3.58365737068637 6.93394487115273 0 0 -1.74925549502916 -1.64359831141476 0.773791921685353 -1.79236579676735 0.366769787094914 0 0 1.73062504908565 -5.29501771800919 -17.7299109090725 0 -19.7675383928081 0 3.26360542479139 19.4777762421769 -16.3938209770219 0 0 -1.49015409289401 0 0 1.98926281835384 -1.06337175567791 -0.362795747985503 -1.46783191220268 0.501999203349463 -0.681508437116402 -0.666981119973111 
0.748595936178965 10.0168978096996 14.1751013669069 -14.9080813652408 3.00173445744521 19.3391693194114 10.8674261490197 0 0 15.137319851265 -6.50907378015531 0 -0.28296695476536 0.721157478504422 1.37863643438492 1.7545530711089 -0.79123492668906 0.0458331955810232 -1.66100091005722 -0.232633700702635 0 0 0 0 11.279499219395 -19.105037301362 -8.09941419777433 -18.2120809136946 0 18.192616597839 0 0.560555373579522 0 1.83564992893285 0 0 -1.4101526054601 0 1.42783027301907 -0.243157663495819 0 
1.57142565333233 2.50537998159667 0 -16.9107069153854 0 -19.2019175920644 -8.92065639091686 -9.2133280677783 -0.351844448760079 0 0 -1.94549651255156 1.87261713290243 1.62493443285345 -1.31100091864867 0 -1.69916298319547 1.41693056720166 -0.540700045666052 1.61367673222612 -0.628737155640841 -19.5178733018776 0.0677719060647171 0 0 -10.9694767049372 -11.2976251781441 -10.7212407750642 -15.2866566345499 0 17.4242149374561 0 0 -1.43275224391034 1.92878267351947 1.05736062166158 0.594007693507712 0 0 0 0 
1.57142565333233 -15.278613742105 -3.60599176194798 -2.19332058084818 10.430913395449 0 0 6.52057687124264 -19.3029917680207 3.39998066583647 -8.76640110684857 0.65367790621411 0 0.672007331937555 0.391724723573646 0 0.582926592129714 1.01030189684141 -1.11570918146321 -1.62543839664452 0.540851375339949 -17.9936584914074 0.00863527879521031 -3.30926314150415 0 2.5642339710911 2.28200829694141 -14.0715165036132 19.40161666805 0 15.0526962871909 -1.77381643269854 1.82786254390509 0 -1.07895026126828 -0.00397545378840317 1.24938009830629 -1.46589660247131 0.379948443910083 0 0.779248982099466 
1.57142565333233 -15.514817505849 0 0 13.3382992136005 18.0117085939328 -17.9818515004506 0 0 7.56782445477686 -5.50427740696085 0 0 0 0.91641967693177 -1.00626904378006 -1.99974191375065 0 0 1.3042757871115 0 0 0 0 0 15.5722134074067 17.6326684363338 0 3.99048991687153 0 0 0 0 1.50723698619159 -1.90363006289286 -1.28987801507575 1.46405320403355 0 0 0.775189758639405 1.19067444707764 
1.57142565333233 17.9450104748574 0 0 -15.0563635560946 -9.84964745577874 -4.74278559197801 0 -9.24301386309928 -12.7061459015618 6.93394487115273 0 0 -1.74925549502916 1.02557531233205 0 1.64170756174331 -0.652485858952853 0 -0.640163976065891 1.73062504908565 18.9155071316825 -17.7299109090725 0 -4.13639658323321 -0.275964755693434 -11.6971095985254 19.4777762421769 0 14.260890741954 -11.8019485062929 0.52622613614715 0 1.31144338721011 -0.943802413038817 0 -0.462183201900769 -1.46783191220268 0 1.74054222448754 -1.12435175903344 
1.57142565333233 -19.8062348923675 4.73770835657497 18.9925056225585 -5.21813744922082 -9.84964745577874 0 0 13.0612709899718 -12.7061459015618 -19.2743971754212 -0.696059548620162 0 0 1.14482963138485 0 1.13675711356884 -0.652485858952853 0 -0.640163976065891 -0.473343413543582 -17.1952333847039 -13.0122407213842 -14.5943358422231 16.7592955272455 -9.56061311511352 -5.0983895850826 14.5296161410071 17.8420550738657 0 -3.57591903003674 1.46314108905529 0.767198844238743 0 0 -1.40467941640163 -0.839068591054095 -1.79419201323492 0 -1.12908972852355 0 
1.57142565333233 -12.0308381933863 0 3.32807367822531 0 -3.33269031873564 0 0 0 5.85671568562124 -14.2017478096307 -0.536488295782585 0 0 0 -0.759651526231156 0 0 -0.584983382646452 1.36826732259629 0 0 8.17426628813812 0 0 -6.55867586217759 0 0 18.714143437666 0 -0.154038202089275 0.755955041738206 0 0 0.825355878484135 0.518661023359122 0 -1.1009197240234 0.898857128293653 -0.462485380686114 0 
1.57142565333233 7.09937914605224 -1.37710145738772 0 0 7.55045987085926 4.15735367879148 0 0 0 0 -1.43106898173274 1.48228125156941 0 -1.45428966332892 0 1.10723076253535 0 -1.27025979537063 0 -0.622408810361479 -19.1064242735069 -13.8537899189879 0 0 15.5722134074067 0 0 0 -18.8818193501243 0 1.91697638571122 1.27288315970119 1.50723698619159 -1.90363006289286 -1.28987801507575 0 -0.110677490062396 0.160673894062952 0 1.19067444707764 
0.748595936178965 0 0 2.64758282464351 6.66342057597983 -6.47522796246932 -19.8717385716139 13.9164683287574 6.37093605770307 0.645875335040444 -8.10293901157702 0.732894560663446 0 0 0 -0.621955655804815 0 0.876339606417501 -1.26178413874553 0 -0.570956805986798 0 3.19131139814449 -16.819782125214 0 0 0 -6.44157256299703 0 -19.9564837198502 -17.6649725985085 0 -0.899900544853835 1.18547644707629 0 -1.15070721001863 -0.319856071993642 -1.47500940853497 0 1.72144485345178 0 
1.57142565333233 -8.13937099098199 0 3.97482614218016 9.45624415271741 -9.80856429310914 -13.529719912228 0 1.62801802234166 0 0 0.66826056254481 0.538111629215121 0 0.493940389945144 0 -1.34747704740031 0 0 1.55277195365763 0 -7.97975425980042 -2.86820723808753 0 3.00340570649291 -12.5584815221645 -17.2638521144464 0 0 0 0 0 0.495940478749546 0 0 -1.64466012438976 0 -1.9524874333071 0 -1.76574398193776 0.965711629467882 
1.57142565333233 3.69465236724105 5.98707973304534 0 0 -7.772404499246 0 0 -16.4872037975524 -8.54958560715876 0 0 0.446507904886505 1.61532027256457 0 0.393303346071999 1.01342390617981 0 -1.89490356850201 0.692188950577839 -0.628737155640841 -19.5178733018776 0.0677719060647171 0 5.4091972417241 -18.7414049910109 -11.2976251781441 -13.2188631376339 0 -15.5948004385432 1.98019134904267 0 0 -1.43275224391034 0 0.918205051179139 0.594007693507712 0.00617582816918186 0 0 0 
1.57142565333233 0 15.7029531876105 -10.3638491455297 14.9720461922568 4.29867561175426 0 0 -16.1604769230636 -12.5359003024809 0 0 0 0 -0.992810893334826 1.97938650286728 0 0 0 0.644045354167021 0 0 -10.0607482111364 14.1446062802079 -17.7115514211876 -0.229985965522931 17.6326684363338 4.87944621819977 -11.2333667423732 -12.7090003307485 0 1.17204904703984 -1.00884031644503 0 -1.52048759140097 0 1.46405320403355 0 0 -1.2192026149571 0 
1.57142565333233 -8.81016282774981 0 19.0996843013445 -17.8455007904421 -13.9419613843513 0 0 0 5.85671568562124 -14.2017478096307 0.88316143345235 0 0 1.59412206876749 -1.18608774765678 -1.1800882868376 0 -1.33079474853854 1.36826732259629 0 -10.5398833335097 8.17426628813812 -3.84543605327859 0 -6.55867586217759 12.2307142113478 -2.19771960852562 0 0 14.5378714867578 1.52448077663988 0 -1.90735403723426 -0.415124763927946 0.518661023359122 -1.40987321520684 1.24730596376923 -1.39772556507854 -0.462485380686114 -0.85473623539076 
1.57142565333233 -0.333185298523486 5.98707973304534 7.13468860235749 -3.13445302803742 0 -9.59069928600951 12.7032875608202 -16.2615347449954 -8.54958560715876 0 0 0.446507904886505 -0.0655310107700205 0 -1.35148547093919 0 0 0 0.692188950577839 -0.628737155640841 -19.5178733018776 -1.19464436601598 0 -19.5663545930601 -10.9694767049372 -11.2976251781441 0 0 8.66892316782331 4.47291580237118 0 0.702423476941149 -1.43275224391034 -1.25114107469616 1.05736062166158 0.594007693507712 1.46843379524929 0 -1.52909076098776 0 
0 0 0 0 0 2.62789748731437 -4.74278559197801 -16.7346931792492 13.8610990410024 -14.552054505121 2.48799035907164 0 0 -1.74925549502916 -0.709138222368964 0 1.64170756174331 0.366769787094914 0 0.137653090123857 1.73062504908565 0 -15.1598809823207 -3.84543605327859 0 14.9860957893478 12.2307142113478 -2.19771960852562 0 14.260890741954 -9.67114824320709 -0.215132057766957 -0.124585746845503 -1.90735403723426 1.41468335381461 0 -1.40987321520684 1.24730596376923 0 1.74054222448754 -0.938443573628759 
1.57142565333233 10.0168978096996 14.1751013669069 0 3.00173445744521 19.3391693194114 -14.7614464511915 7.52386665322067 1.66756742711531 -5.83852268095991 8.32403839022109 0 -0.28296695476536 -1.92497534673893 1.37863643438492 1.7545530711089 -1.75804084435014 -1.38469491311568 -0.763328800333351 -1.95520586425215 -1.03748144350829 -16.644828103783 0 -7.55176784822334 5.63607182616185 10.191385340966 -8.09941419777433 -18.2120809136946 -3.05914677821991 -12.8920902837497 0 0 0 0.475332658027919 -1.34626130263613 1.76675908629166 -1.4101526054601 0 1.89902076492972 0.0489701861743676 0 
1.57142565333233 -5.2005691291767 -1.74370995803909 0 6.48363125812431 -5.03607406515445 10.8674261490197 -3.54791060255277 0 -4.32146393895217 -1.27322487592382 0.190236597410513 -0.00401793699898661 0.601433353778642 0 -0.745963859719207 -0.79123492668906 -0.0382628804250913 -1.31417429415238 0 -1.42927973877139 -9.68138864714717 0 -0.53536752030969 0 0.998886200133192 15.7718509695362 5.48022766852762 2.86064426547878 0 12.7464825626213 0 -0.351049727923726 2.72021369529898 0 0.0447444552764038 -0.624618927307715 -1.73645732632673 0 0 -1.16060079408838 
1.57142565333233 0 -7.13311007578536 -8.55682962972523 0 0 -17.5041534390786 2.01416446921144 -13.2427075660055 -5.83852268095991 5.98353707510211 1.67831776462417 -1.82798352829552 -1.05863183972362 -1.64505172131818 -0.0340225771227957 -2.47747474325703 -0.876975858061097 0 -1.95520586425215 0 -16.644828103783 0 -7.55176784822334 10.5281553932131 0 0 11.2517787382248 -3.05914677821991 -12.8920902837497 11.1808512598187 0 0 0.475332658027919 0.499858509050616 0 0 0 1.89902076492972 0.0489701861743676 0 
1.57142565333233 7.09937914605224 -1.37710145738772 3.97482614218016 7.54104370602455 17.3482750343849 4.15735367879148 -0.884963926339971 0 0 0 -1.43106898173274 1.48228125156941 0 0 0 1.10723076253535 1.51713979221747 -1.27025979537063 0 0 -7.97975425980042 0 7.57710514011658 0 -12.5584815221645 12.204178325927 0 0 -1.55922105608472 0 0 0 -0.0388094382541298 -0.368162372320966 -1.64466012438976 -1.44416876204506 -0.110677490062396 0.249457139638 0.031732575051362 0.998112815897033 
1.57142565333233 -2.38310036360431 -10.4684990693203 0 -16.1587824840838 -12.4511415383085 -0.504626017298841 1.12827998638539 7.17129616400753 -17.055518849313 0 1.98346096928393 0.536595723841617 0 -0.883038429954573 1.78139255278809 1.62888161541376 -0.125254524930033 1.39541792841415 0 0.127760910488554 -14.1140178656736 -12.3494343237716 4.37375178764283 -8.67599343353696 0 0 -13.2918481870051 2.72583791181717 0 0 1.0733002177781 0 0.61089637158946 0 -0.323021569439686 0.313066798408081 0.0157319633363429 -0.717113045378175 0.891185528082394 0 
1.57142565333233 0 0 2.64758282464351 0 -13.8244773232492 -19.8717385716139 0 0 0.645875335040444 -7.93149940107553 1.9709476092695 0 0 -1.18812326862855 0 0 -0.813948322466551 1.69834654671063 0 0 -14.337169339106 2.93969178709187 -17.0475366884133 -12.6102689246695 0 -11.3574449864018 -6.44157256299703 0 0 0 1.75608755823043 0 -1.65560474230703 0 -1.15070721001863 0 -1.47500940853497 0 0 1.0233018524122 
1.57142565333233 -15.514817505849 0 15.6851160692447 17.2437094791065 11.0030013653464 0 1.92062777556508 0 0.367673253811744 -0.307288114124578 0 0 1.68346783317787 -0.556065117267922 0 0 1.36685086012206 0 0.247750077511999 -0.889872159291931 17.0922148214151 0 -16.539486076934 -17.7115514211876 -0.229985965522931 -8.43019170147841 0 3.99048991687153 0.287984607409679 3.61207955685075 0 -0.464818962134802 0 -1.52048759140097 0 0 0 0 0.721789859105735 0.0347239384589363 
0 0 0 11.8690344746546 -15.0563635560946 2.62789748731437 -4.74278559197801 3.94097969119483 13.8610990410024 16.8580064814808 -7.39731701435396 0 0 0 1.02557531233205 0 1.64170756174331 0.256305675141656 0 0 0 -5.29501771800919 4.39875859040709 4.4710669780481 0 0 -9.842232917362 19.4777762421769 0 14.260890741954 -9.67114824320709 -1.49015409289401 1.50044177542461 -0.676888563985419 0.956681861987655 -1.11162661067752 1.15297563055203 -1.46783191220268 0 1.74054222448754 -0.938443573628759 
1.57142565333233 -15.514817505849 -16.5183464328378 -18.4925046649261 0 0 0 0 0 5.78183600016955 -5.50427740696085 0 -1.5335068393189 1.24028402997194 0.559117778464741 -1.24509222677215 0 0.321793873944224 0 1.4027225591255 0 19.9610012117592 0 0 -17.2569449605685 -0.229985965522931 17.6326684363338 -19.6919577101674 3.99048991687153 0.287984607409679 -3.57320316302274 -0.166137135664996 0 0 -1.84664526295226 0 1.46405320403355 -0.149194221081768 0 0.721789859105735 0 
1.57142565333233 0 17.0452139699111 11.624367857177 0 0 -19.4188481194055 -7.82775693937566 -19.3029917680207 6.74716253147794 0 -0.761378320288555 -1.13939879422048 0 0 0 0 1.98367159906014 -1.11570918146321 0 0 0 0.00863527879521031 0 0 2.5642339710911 0 0 0 -12.316610437034 15.1969395462409 0 1.82786254390509 -0.421186248967976 0 -0.00397545378840317 0.708276998581494 0 0.792212276157091 1.61979038250623 0 
1.57142565333233 -2.53898822820698 -2.57992349685166 0 -3.13445302803742 0 0 0 -4.48880472429507 1.71811433588998 0 -1.46952433300648 0 -1.71875939132588 0 0 1.20801857263223 0 -1.87428322614836 -1.17557673862929 -0.468302361885227 0 -1.19464436601598 0 -19.5663545930601 0 0 0 9.40507688066227 8.66892316782331 18.5346563712389 0 0.702423476941149 0 -1.25114107469616 -0.121819525082512 0 0 0 -1.52909076098776 -1.95889431049996 
0 -4.06953606012721 7.10130215021842 0 0 5.68566185687001 -8.23920169297569 9.82467826913329 5.52340041171918 -8.95369763903026 18.6279595078099 0.640201305337344 0 -1.52262143023434 0 0 0.288750406489126 -1.2833170608074 -1.04755112763846 0 0 -18.8428908581114 7.93215958770931 8.36626113781997 -12.7431722137812 13.7445908942002 17.6468423929284 0 11.9444144945333 8.91237465148437 0 -1.01458165376195 -1.65873090627544 0 0 0.0176781890996165 -1.72422607043955 0 0 0 1.03004743765576 
1.57142565333233 -9.6165230449366 3.94357362014408 0 0 0 -8.09740111608869 0 0 0 -7.93149940107553 0.595608745978963 0 0 0.860422585560206 0.495501579947538 0 -0.813948322466551 -0.263255857053798 0 0 -12.4947656469861 13.8948257145913 -17.0475366884133 10.8602758268175 -8.63045647210928 -11.3574449864018 13.0460968488111 16.1367461253594 0 0 1.62543303874574 0 -1.65560474230703 0 1.09831227599565 0 -1.54860505999467 0 0 -0.044609132243604 
1.57142565333233 10.0168978096996 14.1751013669069 -14.9080813652408 3.00173445744521 19.3391693194114 0 13.9164683287574 1.66756742711531 0 -6.50907378015531 0 -0.28296695476536 0.721157478504422 1.37863643438492 1.7545530711089 0.920083173979113 0.876339606417501 -0.763328800333351 0 0 0 0 -13.3200310139544 0 9.39001620253083 0 -18.2120809136946 0 12.3927913570743 -17.6649725985085 0 0 0.642118996308241 0 0.18449743659445 -0.319856071993642 0 1.42783027301907 1.30766445366091 0 
1.57142565333233 17.9450104748574 9.4323747555876 -8.98222134866855 -10.5492893562416 16.4593546821081 0 -11.2389959726664 -9.24301386309928 18.5954367456005 -9.64067697973953 0 1.28062896303862 -0.0268837595483678 0 -0.139489319240437 1.13675711356884 0.572312833076489 0 0 0.703530013888856 15.1475826814527 -13.0122407213842 0 -4.13639658323321 0 0 7.29520733807944 16.751151865698 0 -3.57591903003674 1.98017895593316 0.767198844238743 0 -0.943802413038817 1.64780915139607 0.584778882835423 1.56076928300819 0 0 0 
1.57142565333233 12.2595392969714 0 0 3.89159402059931 -19.2019175920644 -8.92065639091686 0 -0.351844448760079 -5.42713651686308 -9.34793441991691 0 1.87261713290243 0 0 0 -1.69916298319547 0 -0.540700045666052 0.73613280464715 -1.3699008614616 3.47688105352078 0 0 0 17.3885414457827 -17.0328129534762 0 -15.2866566345499 0 0 -0.607378501262226 1.83476196687425 0 0 0 1.67957935653607 -0.907286352900456 0 1.08101552402648 0.848463227436162 
1.57142565333233 18.0222221175312 -12.6065675134801 11.8690344746546 5.13332087785626 10.8662453158136 5.79528363691423 3.94097969119483 8.27927703423392 0 0 0.635437897702417 0 0 -1.71674844423158 1.79971888745191 -1.13778423570925 0.256305675141656 0 1.34823094836819 -1.3195076367443 0 4.39875859040709 12.0952515639808 0 -17.8338807159261 -16.2218149454434 14.707774312565 11.7794977742152 0 0 0 1.50044177542461 -1.66984302814577 0.956681861987655 0 0 1.820151973432 -1.83687361694727 0 1.00710602896619 
0.748595936178965 7.48021236969168 15.7029531876105 -17.7932643786973 0 4.29867561175426 0 -12.2663846762229 -16.1604769230636 0 -7.7972198500285 -1.9539161966899 0 0 0 1.97938650286728 1.99397958442288 0 0 0.14589676267742 0.979649163307459 0 -9.98010377864358 14.1446062802079 0 -15.1671222109194 0 0 -11.2333667423732 0 0 0 0.161063560359675 0 0 1.62565194332304 0 0 0 0 -0.780791532611843 
0 0 9.4323747555876 -4.94321437782758 -16.1587824840838 16.4593546821081 16.8058828063337 -11.2389959726664 -0.511209201305736 -17.055518849313 -13.8955245231723 0 1.28062896303862 1.1275325460022 -0.883038429954573 -0.139489319240437 0.135332819137412 0.572312833076489 0 0 1.2299393220944 15.1475826814527 0 12.9347387202711 -8.67599343353696 0 0 7.29520733807944 16.751151865698 -19.8848077002376 -6.26991620113603 1.98017895593316 0.678537828232412 0 0 -0.323021569439686 0.313066798408081 1.56076928300819 0 1.46416145072512 -1.32360344441775 
1.57142565333233 -1.78796895862928 18.5357060742265 3.23005655930846 0 0 0 0 -4.68225491451205 0 0 -0.630967898588147 0 1.20186968389986 0.559117778464741 -1.24509222677215 0.475138789264084 0.321793873944224 -0.170136558902514 1.36552410263825 -0.477513038775657 19.9610012117592 0 -14.65422294785 0 9.62414941267304 0 -18.3042308796683 0 -8.79713112898037 -3.57320316302274 -0.166137135664996 0 -1.93143748395678 -1.34385550736629 1.09351984276135 0.456579033497991 -0.309316855999323 0 -0.227854187706417 0 
0.748595936178965 18.4702185906797 0 -14.9080813652408 3.00173445744521 19.3391693194114 12.7268095373767 0 -17.0435237870754 -11.937059504882 -6.50907378015531 0.364652385173669 -1.64426594210987 0.721157478504422 1.37863643438492 1.7545530711089 0 0.0458331955810232 0 -0.935676859196125 0 12.6441195572932 3.35174133458721 12.8839747574571 5.63607182616185 0 -8.09941419777433 -18.2120809136946 -18.9475353895442 17.7363109857479 -16.0662185661803 -1.42883979595678 0 0.587950212223432 -1.34626130263613 1.88080632029139 -1.4101526054601 0 0.848729181498629 0 -1.047272591408 
1.57142565333233 7.09937914605224 -1.37710145738772 -9.1407495872773 -15.5308212784728 7.55045987085926 13.1897675586817 -16.1343217064321 0 0 19.275890085509 -1.43106898173274 1.48228125156941 0.601241291314942 -0.811212569852924 0 1.38840187685024 1.42770609139824 -1.27025979537063 0 0.958012091442017 5.5775486145064 16.8016952913262 0 -15.3847301357355 0 12.204178325927 0 0 -18.8818193501243 0 0 0.73103691112764 -0.30580772753144 1.49503452866107 0 -1.44416876204506 -0.110677490062396 0 0 0.998112815897033 
