100
10
2.85401682280935 -9.6165230449366 2.13387962721003 -10.3638491455297 0 12.7497409259201 2.82187173304701 19.0058825253536 2.06952411451821 0 15.2766814170762 0.595608745978963 0 0 0.860422585560206 0 0.79409043040317 0 0.0348374208783905 1.55277195365763 0.591217487878733 -17.9936584914074 13.8948257145913 5.43270056668329 0 15.718997639799 3.13085404973517 13.0460968488111 0 18.4724600017641 -4.22133633644382 -1.77381643269854 0 -0.230153424074013 2.26721421987154 0.368912837034516 -1.81739824908664 -1.54860505999467 0.855582403072893 1.74054222448754 -0.044609132243604 
2.85325165913957 -9.6165230449366 2.13387962721003 6.71250458781724 0 0 2.82187173304701 19.0058825253536 2.06952411451821 -0.307268424195828 15.2766814170762 0.595608745978963 0 0 0.860422585560206 0.495501579947538 0.79409043040317 0 0.0348374208783905 -0.560845573437794 0.591217487878733 4.51637977013196 13.8948257145913 5.43270056668329 0 10.4952098105546 3.13085404973517 13.0460968488111 0 18.4724600017641 9.05416622536917 -0.874160631966852 0 -0.230153424074013 2.26721421987154 0 -1.81739824908664 -1.54860505999467 0.855582403072893 1.74054222448754 0.892010547636082 
2.85265509800914 -9.6165230449366 0 3.23005655930846 17.4451060860628 17.3482750343849 0 -0.0771754043536146 18.1124276659044 0 0 0.595608745978963 0.386276332701685 1.20186968389986 1.11915983826349 0 1.01342390617981 1.78570482816813 1.28892389337482 -0.263169920194508 -1.3195076367443 0 0 0 5.4091972417241 -16.756209813783 18.96162224494 0 -0.319663982870832 -1.55922105608472 13.5468737937263 1.97945172897515 0 -0.667678957184627 0 0 2.29791148500885 1.44560278740041 0.886331409572778 0.031732575051362 0 
2.571571100989 -9.6165230449366 5.35856540792555 0 0 0 3.84524594240135 12.7032875608202 1.18992964191825 -1.30705781563048 14.3290552097974 0.595608745978963 0 0 0.860422585560206 0.495501579947538 0 0 -0.263255857053798 -0.602422650294575 0.594697144159441 4.51637977013196 17.8156037524415 0 -13.1164008998854 10.4952098105546 0 17.3993106021543 19.3847518097305 7.65148613958223 0 -0.874160631966852 0.72311685530614 -0.30580772753144 0 0 -1.81739824908664 -1.70862130471907 0.581065051635292 0 -0.044609132243604 
2.56988634506748 -9.6165230449366 2.45638438973407 0 0 0 3.84524594240135 12.7032875608202 0.0801325910399354 0 14.3290552097974 0.595608745978963 -0.731484372127561 0 0.860422585560206 0.495501579947538 0 0 0.45396995378843 0 0.594697144159441 4.51637977013196 -17.7299109090725 -16.539486076934 0 14.9860957893478 0 17.3993106021543 16.8897912313416 0 17.4242149374561 -0.874160631966852 0 0 2.26721421987154 0 -1.81739824908664 -1.70862130471907 0.581065051635292 -0.462485380686114 0 
2.56988634506748 -9.6165230449366 3.94357362014408 0 0 -1.08082340018862 3.84524594240135 12.7032875608202 1.18992964191825 0 14.3290552097974 0.595608745978963 0 0 0.860422585560206 0.495501579947538 0 0 -0.263255857053798 0 0.594697144159441 4.51637977013196 13.8948257145913 0 -13.1164008998854 8.32330224701357 0 17.3993106021543 19.3847518097305 7.65148613958223 0 -0.874160631966852 0.154148438924061 -0.30580772753144 0 -0.15581531693964 -1.81739824908664 -1.70862130471907 0.581065051635292 0 -0.044609132243604 
0 -7.63946444598933 2.13387962721003 0 0 0 3.84524594240135 19.0058825253536 0.0801325910399354 0 14.3290552097974 1.01640145159159 0 0.842035284075902 0.860422585560206 0.495501579947538 0 0 0.45396995378843 1.55277195365763 0.594697144159441 -19.5178733018776 -17.7299109090725 -18.1201779225237 0 14.9860957893478 0 17.3993106021543 16.8897912313416 0 0 0.230423162519198 0 0.436451633906202 2.26721421987154 0 -1.81739824908664 -1.70862130471907 0.581065051635292 -0.462485380686114 -0.044609132243604 
1.57142565333233 -15.1649440523074 3.19354090152473 3.23005655930846 -0.345942022742677 17.3482750343849 3.84524594240135 -0.0771754043536146 -2.77442702423987 -4.15330321290684 14.3290552097974 -0.667015781936709 1.90616907249492 1.20186968389986 0.586827653109481 0 0 1.78570482816813 -0.263255857053798 -0.23796808953768 -0.11987647643307 -10.5398833335097 0.00863527879521031 0 -17.7115514211876 -6.55867586217759 20.4858299084407 0 18.2493584412147 2.10716439320574 9.71817587954838 1.52448077663988 2.2506161633649 -0.30580772753144 -2.35951923081629 0.518661023359122 2.16036358673142 -0.699646122753455 1.47780048218919 0.031732575051362 0.288980994852717 
2.57083390784213 -15.1649440523074 1.68475647714676 3.23005655930846 -0.345942022742677 0 2.50976838781953 -0.0771754043536146 0.0801325910399354 -4.15330321290684 14.3290552097974 -0.667015781936709 1.48228125156941 1.20186968389986 0.586827653109481 0.495501579947538 -0.61454183609902 1.78570482816813 0.45396995378843 -0.23796808953768 -0.11987647643307 0 13.8948257145913 0 -13.1164008998854 14.9860957893478 -5.05472340374474 0 18.714143437666 2.10716439320574 -2.44195183666514 1.97945172897515 -0.345340259049712 -0.30580772753144 0 0 -1.81739824908664 -0.699646122753455 0.898857128293653 0.031732575051362 -0.044609132243604 
1.57142565333233 -7.00468569901059 2.13387962721003 0.952987267334474 0 0 3.25965032096005 12.7032875608202 0.0801325910399354 -3.50348348256828 14.3290552097974 -0.0604831870833799 0 0 0.860422585560206 0.495501579947538 0.673385718433832 -0.582755150498243 0.45396995378843 -0.0927300444304617 0.594697144159441 8.67098417960619 -17.7299109090725 -16.539486076934 0 14.9860957893478 0 18.0625698732969 19.3847518097305 1.58678779503647 17.4242149374561 -0.874160631966852 0 0 2.26721421987154 0 -1.77855653046097 -1.02107509152082 0.581065051635292 -0.462485380686114 0 
0 -9.6165230449366 2.13387962721003 0 0 0 3.25965032096005 2.77723446617705 2.06952411451821 -3.50348348256828 14.3290552097974 0.595608745978963 0 0 0.860422585560206 0.495501579947538 0.673385718433832 -0.0900088604958769 0.0348374208783905 -0.0927300444304617 0.217156623563337 4.51637977013196 -17.7299109090725 -16.539486076934 9.08221915638178 14.9860957893478 0 -2.05287800014619 19.3847518097305 1.58678779503647 -0.540960574495122 -0.874160631966852 0 0 -0.0593000749029685 0 -1.77855653046097 -1.9524874333071 0.581065051635292 -0.462485380686114 -0.044609132243604 
2.56988634506748 -9.6165230449366 -12.6065675134801 14.2524333333841 0.0724695343396019 17.3482750343849 15.0788702420326 -0.0771754043536146 18.1124276659044 0 0 0.595608745978963 0 0 1.48790800912208 0 0.23761765325331 1.78570482816813 1.32666692572025 -0.263169920194508 0 4.51637977013196 0.944683132830394 0.58477505190986 5.4091972417241 -18.7414049910109 0 13.0460968488111 1.03424918886006 2.7954618366414 13.5468737937263 -0.874160631966852 0.705865813962121 -0.960433059218541 0 0.0703606859223734 -1.81739824908664 -1.54860505999467 0 0 0 
2.56988634506748 -19.6061065236368 5.75512571609818 8.0834817620383 0 17.7051188946725 3.84524594240135 -0.0771754043536146 19.9770825323309 2.84413004202961 0 -0.699111080644238 0.75899016615422 0.516109605541504 0.860422585560206 0.366502849043581 0 1.78570482816813 1.21922591098548 0.88817023583137 0 4.51637977013196 0 4.4710669780481 0 10.4952098105546 17.6326684363338 17.3993106021543 19.3847518097305 -18.8818193501243 9.71817587954838 -0.874160631966852 0 -0.676888563985419 0 0 1.46405320403355 -1.70862130471907 0.581065051635292 -1.56857905900505 0.288980994852717 
2.56983498364486 -15.1649440523074 2.13387962721003 -10.3638491455297 0 21.2687917057279 3.84524594240135 -0.0771754043536146 19.3124487819674 -3.50348348256828 -4.84609227548171 -0.667015781936709 0 0 0.860422585560206 0.366502849043581 0 1.78570482816813 1.21922591098548 -0.0927300444304617 -0.555537694387854 4.51637977013196 -17.7299109090725 4.4710669780481 9.08221915638178 12.2200231809728 17.6326684363338 17.3993106021543 0 -18.8818193501243 17.4242149374561 -0.874160631966852 0 -0.676888563985419 -0.0593000749029685 0 1.46405320403355 -1.70862130471907 0.249457139638 -1.56857905900505 0 
1.57142565333233 -19.6061065236368 -12.6065675134801 8.0834817620383 13.613973849576 0 3.84524594240135 2.07091915252196 19.3124487819674 0 -4.84609227548171 -0.699111080644238 0 0.516109605541504 -0.967905312640548 0.495501579947538 0 1.78570482816813 1.21922591098548 1.55277195365763 -0.555537694387854 4.51637977013196 13.8948257145913 0 0 -9.44131235542768 17.6326684363338 21.3421343908841 16.2473004009562 -18.8818193501243 12.1851239914937 -0.874160631966852 0 -0.30580772753144 0 -1.64466012438976 1.46405320403355 -1.46783191220268 0.461214881078906 -0.828458802899559 0.892010547636082 
1.57142565333233 -15.1649440523074 0.300283280480785 -10.3638491455297 0 21.2687917057279 3.84524594240135 0.104683292473053 19.3124487819674 2.84413004202961 -14.2017478096307 -0.381027996642994 0.099748652242007 0 0.860422585560206 0.366502849043581 0 2.57142908568095 1.21922591098548 0.88817023583137 0 4.51637977013196 0 4.4710669780481 10.6418154251956 10.4952098105546 17.6326684363338 15.5783101790484 0 7.65148613958223 0 -0.874160631966852 0 -0.676888563985419 0 0 1.46405320403355 -1.54860505999467 0.249457139638 0 -0.044609132243604 
2.56793731455563 -9.6165230449366 0 3.23005655930846 -0.345942022742677 17.3482750343849 3.82697485749469 -0.0771754043536146 18.1124276659044 0 14.3290552097974 0.595608745978963 0.843324086704908 0.418197423926646 0.586827653109481 0 0.867401597927046 1.78570482816813 1.32666692572025 -0.263169920194508 0.594697144159441 0 0 -2.8712082465278 5.4091972417241 -18.7414049910109 18.96162224494 0 1.03424918886006 2.7954618366414 13.5468737937263 1.97945172897515 -0.12078988608941 -0.667678957184627 0 0.0703606859223734 2.29791148500885 1.44560278740041 0 0 0 
2.56793731455563 -12.8718234960324 5.98707973304534 0 9.0056994075215 0 -6.73152552835249 -0.0771754043536146 18.1124276659044 0.617433711987656 18.0017163031743 -1.49777657787212 0.446507904886505 0 -0.619922678596304 0.495501579947538 0 1.78570482816813 1.32666692572025 -0.263169920194508 0.594697144159441 17.8765355828575 13.8948257145913 -13.8402736158298 7.11130042519015 15.718997639799 0 -2.05287800014619 18.5343008774958 1.56924623175023 12.1851239914937 0.317181885650932 0 0.41138055101567 -0.263426238784299 0.368912837034516 -1.81739824908664 -1.9524874333071 0 0 0.892010547636082 
2.56750516746731 -19.6061065236368 -0.223519362240806 8.0834817620383 14.5051912815567 21.2687917057279 10.3223563201364 -0.0771754043536146 19.3124487819674 0 -4.84609227548171 -0.699111080644238 0.024680209804643 0.516109605541504 -0.278205655607491 0.366502849043581 -0.354072984398377 1.78570482816813 1.21922591098548 1.456729500078 -0.555537694387854 -10.7386995284766 0 4.4710669780481 0 -9.44131235542768 17.6326684363338 19.4777762421769 0 -22.9737566015095 12.1851239914937 -0.523611902149213 -0.37509373790356 -0.676888563985419 -0.43508675452093 -1.64466012438976 1.46405320403355 -1.46783191220268 0.249457139638 -1.19944022912506 0.892010547636082 
0 -9.6165230449366 1.68475647714676 3.23005655930846 -0.345942022742677 0 2.19459375475747 -0.0771754043536146 -3.62723274676932 0 14.3290552097974 0.595608745978963 1.48228125156941 1.20186968389986 0.586827653109481 0.495501579947538 -0.542627024465532 2.45943056737978 0.45396995378843 0 -0.11987647643307 0 13.8948257145913 0 -13.1164008998854 14.9860957893478 1.00599784672074 15.3137145753548 18.714143437666 -1.55922105608472 -2.44195183666514 1.97945172897515 -0.345340259049712 -0.30580772753144 0 0 -1.46553224097729 -1.77348303427616 0.707235026577131 0.031732575051362 -0.044609132243604 
2.57036047570913 -9.6165230449366 3.94357362014408 0 0 0 3.84524594240135 19.0058825253536 1.18992964191825 0 14.3290552097974 0.595608745978963 0 -0.350463444455743 0.860422585560206 0.495501579947538 -0.25832338604998 0 0.510160379144438 0 0.594697144159441 4.51637977013196 13.8948257145913 4.75644002943599 -13.1164008998854 10.4952098105546 -3.12560128356591 13.0460968488111 17.5799880230241 7.65148613958223 0 -0.874160631966852 0.154148438924061 -0.388893530442796 0 0 -1.89486798821709 -1.54860505999467 0 0 -0.044609132243604 
2.39044899892047 -9.6165230449366 5.98707973304534 0.952987267334474 0 17.3482750343849 0 2.77723446617705 0.0801325910399354 -1.90690950742313 14.3290552097974 0.595608745978963 0.446507904886505 0 0.828666320130539 0 1.01342390617981 -0.0900088604958769 0.45396995378843 -0.901204284895772 0.594697144159441 4.51637977013196 -17.7299109090725 -16.539486076934 3.02158214278593 14.9860957893478 0 18.0625698732969 0 2.7954618366414 17.4242149374561 -0.874160631966852 0 0 0.215495761137221 0 -1.81739824908664 -1.02107509152082 0.249457139638 0.553196894369645 0 
1.57142565333233 -9.6165230449366 5.98707973304534 -10.3638491455297 0 12.7497409259201 0 2.77723446617705 2.06952411451821 2.56395569940282 15.2766814170762 0.595608745978963 0.446507904886505 0 0.860422585560206 0 1.01342390617981 -0.0900088604958769 0.0348374208783905 2.24909030719152 0.591217487878733 -17.9936584914074 13.8948257145913 -16.539486076934 5.4091972417241 15.718997639799 3.13085404973517 18.0625698732969 0 1.87074273441487 17.4242149374561 -1.77381643269854 0 0 0 0.368912837034516 -1.81739824908664 -1.02107509152082 0.249457139638 0 0 
2.37052471937254 -9.6165230449366 2.13387962721003 0 0 0 3.84524594240135 12.7032875608202 -4.1896875976304 0 14.3290552097974 0.595608745978963 0 0 0.860422585560206 0.495501579947538 0.551798150181676 0 0.0822400436514243 0 0.594697144159441 4.51637977013196 -17.7299109090725 0 0 14.9860957893478 -1.10360574545507 17.3993106021543 21.1118648933069 0 17.4242149374561 -0.874160631966852 0 -0.30580772753144 2.26721421987154 0 -1.07999967299402 -1.70862130471907 -0.270902306074697 -0.462485380686114 0 
1.57142565333233 -7.16102204055573 -12.6065675134801 0 2.91051056590421 0 3.84524594240135 12.7032875608202 2.63063078889653 0 14.3290552097974 0.166762086845358 0 0 0.111953580492155 0.495501579947538 0 0 0.636881039434523 1.55277195365763 0.594697144159441 4.51637977013196 13.8948257145913 0 -11.7896592238637 10.4952098105546 17.6326684363338 19.4777762421769 16.2473004009562 0 17.4242149374561 -0.514890543424939 0 -0.30580772753144 0.389127421988699 0 1.46405320403355 -1.46783191220268 0.461214881078906 -0.462485380686114 0 
0 -9.6165230449366 2.13387962721003 0.952987267334474 -0.345942022742677 0 3.25965032096005 12.7032875608202 -6.84562013288756 0 14.3290552097974 0.595608745978963 0 0 0.586827653109481 0.495501579947538 0.673385718433832 -0.582755150498243 0.904027786009958 0 0.594697144159441 0 13.8948257145913 0 -13.1164008998854 14.9860957893478 0 18.0625698732969 19.3847518097305 -1.55922105608472 17.4242149374561 1.97945172897515 -0.345340259049712 -0.30580772753144 0 0 -1.77855653046097 -1.02107509152082 0.581065051635292 0.031732575051362 0 
2.29623215288007 -8.20008195107807 -12.6065675134801 14.2524333333841 0 3.11781161430656 3.84524594240135 14.3219155197134 7.17129616400753 0 14.3290552097974 1.09673194805939 0 0 0.860422585560206 0.495501579947538 0 -0.582755150498243 1.27771223947765 1.55277195365763 0.594697144159441 4.51637977013196 -17.7299109090725 0.58477505190986 -17.7115514211876 -12.5584815221645 20.4858299084407 18.0625698732969 0 18.4724600017641 17.4242149374561 -0.874160631966852 0 -0.960433059218541 -1.52048759140097 -1.64466012438976 2.16036358673142 -1.61282816258856 0.0967945445733119 1.74054222448754 0 
2.29623215288007 -8.20008195107807 -12.6065675134801 14.2524333333841 0 3.11781161430656 0 -0.884963926339971 7.17129616400753 0 14.3290552097974 1.09673194805939 -0.539393036509581 0 0.684997031141537 0.495501579947538 1.01342390617981 0.678453534226144 1.27771223947765 1.55277195365763 0.594697144159441 4.51637977013196 15.9200203152699 0.58477505190986 -17.7115514211876 -12.5584815221645 20.4858299084407 13.0460968488111 0 18.4724600017641 9.71817587954838 -0.874160631966852 -0.164031887494042 -0.960433059218541 -1.52048759140097 -1.64466012438976 2.16036358673142 -1.54860505999467 0.0967945445733119 1.74054222448754 0.892010547636082 
1.57142565333233 -15.1649440523074 2.13387962721003 3.23005655930846 -0.345942022742677 17.3482750343849 3.84524594240135 2.77723446617705 0 0 -4.84609227548171 -0.381027996642994 0 1.20186968389986 0.586827653109481 0 0 -0.0900088604958769 -0.100156319285816 0 -0.555537694387854 4.51637977013196 0 3.03479331062864 -4.13639658323321 13.0024174940784 12.2307142113478 -4.54015135515488 19.1899042276619 19.160583510022 12.1851239914937 -0.874160631966852 0 0.190159802767522 -0.943802413038817 1.06894400299943 -1.40987321520684 -1.27679533212296 0.546943287843346 1.74054222448754 0.892010547636082 
1.57142565333233 -15.1649440523074 0.733153074110463 14.2524333333841 17.4451060860628 0 2.44386011848406 2.77723446617705 -0.422612834546069 5.85671568562124 14.3290552097974 -0.381027996642994 -0.259543087668504 0 1.11915983826349 0.495501579947538 -2.24025220782508 -0.0900088604958769 0.453871903742604 1.36826732259629 0.594697144159441 17.0922148214151 0 0.546975062460161 -13.1164008998854 -12.5584815221645 2.78091521527661 13.0460968488111 16.1367461253594 7.65148613958223 13.5468737937263 0 0 -0.794477282801865 0 -1.64466012438976 0 -1.54860505999467 0 0 0 
1.57142565333233 -19.6061065236368 3.94357362014408 3.23005655930846 17.4451060860628 21.2687917057279 2.44386011848406 2.77723446617705 0 4.13582482856504 14.3290552097974 -0.699111080644238 0 1.20186968389986 1.11915983826349 0.366502849043581 -2.24025220782508 -0.0900088604958769 -0.263255857053798 1.13675468535943 0.42169452054505 -7.97975425980042 0 0 10.6418154251956 -0.229985965522931 17.6326684363338 17.3993106021543 10.0467394912833 21.9060294029564 9.71817587954838 0 0 -0.30580772753144 0 0 1.46405320403355 -1.70862130471907 -0.00272511171769591 2.48861475333973 0.892010547636082 
1.57142565333233 -9.6165230449366 2.13387962721003 0 0 4.34418694702638 3.84524594240135 16.622751422563 18.1124276659044 0 14.3290552097974 0.595608745978963 0 0 0.860422585560206 1.32133292534451 0.551798150181676 0 1.32666692572025 1.55277195365763 0.594697144159441 0 13.8948257145913 0 0 14.9860957893478 0 17.3993106021543 0 0 17.4242149374561 0 0 -0.0447364503446672 2.26721421987154 0 0 -1.42318218370116 0.249457139638 -0.462485380686114 0 
1.57142565333233 -8.20008195107807 -0.223519362240806 16.5206302863642 0 0 5.79528363691423 -0.0771754043536146 19.3124487819674 0 -4.84609227548171 0.792767073443517 0.024680209804643 2.24676367399598 0.860422585560206 0.495501579947538 0.487619732766235 1.78570482816813 1.21922591098548 1.55277195365763 -0.555537694387854 -1.1384934429957 0 0.531761848149711 -17.7115514211876 -9.44131235542768 17.6326684363338 19.4777762421769 16.1367461253594 4.67555759729611 12.1851239914937 0.503913633787964 0 -0.676888563985419 -1.52048759140097 -1.64466012438976 1.46405320403355 -1.46783191220268 0 0.113436269067897 0.892010547636082 
1.57142565333233 -19.6061065236368 2.29297055769384 14.2524333333841 17.4451060860628 21.2687917057279 10.3223563201364 19.0058825253536 0 0 14.3290552097974 -0.699111080644238 0 0 1.76842868596708 0.366502849043581 -0.354072984398377 0 -0.263255857053798 1.55277195365763 0.594697144159441 -7.97975425980042 -0.379379304302567 -3.84543605327859 9.75801535053552 10.4952098105546 17.6326684363338 17.3993106021543 19.3847518097305 19.160583510022 12.1851239914937 0 0.34011077093897 -1.90735403723426 0 0 1.46405320403355 -1.70862130471907 0.581065051635292 1.74054222448754 0.892010547636082 
1.57142565333233 -15.1649440523074 3.94357362014408 14.2524333333841 13.434979332278 17.3482750343849 0 2.77723446617705 2.06952411451821 0 -3.08224794237513 -0.667015781936709 0 0 2.50255664054889 0 0 -0.0900088604958769 0.0348374208783905 0 -0.555537694387854 4.51637977013196 0 0.58477505190986 10.0296389061164 -12.5584815221645 12.2307142113478 0 0 7.65148613958223 14.5378714867578 -0.874160631966852 0 -0.960433059218541 0.784003010701389 -1.64466012438976 -1.40987321520684 -0.699646122753455 0.0967945445733119 0 -0.85473623539076 
0 -15.1649440523074 3.94357362014408 -10.3638491455297 0 -13.9419613843513 2.44386011848406 19.0058825253536 0 0 0 -0.667015781936709 0 0.544278824163731 0.860422585560206 -1.18608774765678 -2.24025220782508 0 -0.263255857053798 1.55277195365763 0 4.51637977013196 13.8948257145913 7.68511683153227 0 10.4952098105546 13.4998314276337 17.3993106021543 0 18.4724600017641 9.71817587954838 -0.874160631966852 0 -1.42574697983719 2.26721421987154 0 0.831472883835189 -1.70862130471907 0.249457139638 1.74054222448754 0.288980994852717 
1.57142565333233 -19.6061065236368 1.27554064804015 1.58963599879743 20.8182331218702 4.34418694702638 2.44386011848406 12.7032875608202 0.0801325910399354 0 -4.84609227548171 -0.699111080644238 0.75899016615422 0.738318229652158 1.59190538412514 0.421578126978864 -2.24025220782508 0 0.45396995378843 1.55277195365763 -0.555537694387854 -10.7386995284766 0.00863527879521031 6.33176084669855 0 -6.55867586217759 0 19.4777762421769 16.4491815529527 0 17.4242149374561 -0.523611902149213 1.82786254390509 0.190159802767522 0 0.518661023359122 -1.81739824908664 -1.46783191220268 0.715210319969435 -0.462485380686114 0.878282871506309 
1.57142565333233 -15.1649440523074 0 14.2524333333841 -0.345942022742677 0 -4.17879500686135 12.7032875608202 18.1124276659044 -3.72569529163916 14.3290552097974 -0.381027996642994 0.386276332701685 0 0.586827653109481 0.495501579947538 0 0 1.32666692572025 -0.654660107034566 0.594697144159441 4.51637977013196 13.8948257145913 0 10.6418154251956 -6.55867586217759 2.28200829694141 13.0460968488111 0 6.35782920581187 13.5468737937263 -0.874160631966852 0 -0.667678957184627 0 0.518661023359122 1.24938009830629 -1.54860505999467 0.160673894062952 0 0 
1.57142565333233 -9.6165230449366 3.17611562580621 0 17.4451060860628 -1.1907745415069 2.48400578248967 -0.0771754043536146 18.1124276659044 0 18.0017163031743 0.595608745978963 0.78381496917634 0 1.76842868596708 0.850268123848489 0.487619732766235 1.78570482816813 1.32666692572025 0 0.594697144159441 4.51637977013196 0.00863527879521031 0 9.08221915638178 -6.55867586217759 20.4858299084407 0 16.8897912313416 0 17.4242149374561 -0.874160631966852 1.82786254390509 -0.30580772753144 -0.0593000749029685 0.518661023359122 2.16036358673142 1.44560278740041 0.581065051635292 0 0 
1.57142565333233 -15.1649440523074 5.75512571609818 8.0834817620383 0 21.2687917057279 3.84524594240135 19.0058825253536 18.1124276659044 2.84413004202961 0 -0.667015781936709 0.75899016615422 0.516109605541504 0.860422585560206 0.366502849043581 0 0 1.32666692572025 0.88817023583137 0 4.51637977013196 13.8948257145913 4.4710669780481 0 10.4952098105546 17.6326684363338 17.3993106021543 0 18.4724600017641 9.71817587954838 -0.874160631966852 0 -0.676888563985419 0 0 1.46405320403355 -1.70862130471907 0.249457139638 1.74054222448754 0.288980994852717 
1.57142565333233 -15.1649440523074 1.68475647714676 5.00111400215007 -0.345942022742677 17.3482750343849 3.84524594240135 2.77723446617705 0.0801325910399354 5.85671568562124 14.3290552097974 -0.667015781936709 1.48228125156941 0.312971982188975 0.586827653109481 0 0 -0.0900088604958769 0.45396995378843 1.36826732259629 0.594697144159441 0 13.8948257145913 0.906114929055849 -13.1164008998854 13.0024174940784 0 0 18.714143437666 2.10716439320574 -2.44195183666514 1.97945172897515 -0.345340259049712 -0.630541347833603 0 1.06894400299943 -1.81739824908664 -0.699646122753455 0.898857128293653 0.031732575051362 -0.044609132243604 
1.57142565333233 -12.7361499467567 -12.6065675134801 14.2524333333841 0 3.73125613377488 3.84524594240135 12.7032875608202 7.17129616400753 0 14.3290552097974 0.619406776344127 0 0 0.684997031141537 1.32335116720914 0 0 1.27771223947765 0 0.594697144159441 3.68584192846242 13.8948257145913 0 -17.7115514211876 6.60908641438423 20.4858299084407 13.0460968488111 19.3847518097305 18.4724600017641 17.4242149374561 -0.874160631966852 0 -0.30580772753144 -1.52048759140097 0.118632760997225 2.16036358673142 -1.54860505999467 0.581065051635292 1.74054222448754 0 
1.57142565333233 -9.6165230449366 2.13387962721003 3.23005655930846 -0.345942022742677 0 3.84524594240135 12.7032875608202 -4.1896875976304 -0.955782408968444 14.3290552097974 0.595608745978963 0 1.20186968389986 0.586827653109481 0.495501579947538 0 0 0.0822400436514243 -0.858657419909098 0.594697144159441 4.51637977013196 0.00863527879521031 0 0 14.9860957893478 0 0 18.2493584412147 1.91899928651703 9.71817587954838 -0.874160631966852 1.82786254390509 -0.30580772753144 2.26721421987154 0 -1.81739824908664 -0.699646122753455 1.47780048218919 -0.837634576082991 0.288980994852717 
1.57142565333233 -9.6165230449366 0 0 14.9720461922568 4.34418694702638 5.79528363691423 12.7032875608202 18.1124276659044 1.81352680586908 14.3290552097974 0.595608745978963 0.386276332701685 1.47072999340982 -0.992810893334826 1.32133292534451 0.300990450592242 0 1.32666692572025 1.55277195365763 0.594697144159441 -7.97975425980042 2.93969178709187 0 -13.1164008998854 13.0024174940784 18.96162224494 0 -11.2333667423732 -4.26174541980109 12.1851239914937 0 0 -0.667678957184627 0 1.06894400299943 2.29791148500885 -0.699646122753455 0 0.332326029051247 0.892010547636082 
1.57142565333233 -15.1649440523074 1.68475647714676 3.23005655930846 7.54104370602455 0 3.84524594240135 -0.0771754043536146 18.1124276659044 -4.15330321290684 14.3290552097974 -0.667015781936709 1.48228125156941 1.20186968389986 0 0.495501579947538 -0.61454183609902 1.78570482816813 1.32666692572025 -0.23796808953768 -0.11987647643307 17.8765355828575 13.8948257145913 -13.8402736158298 8.32073695250821 14.9860957893478 -1.88031982613277 0 18.5343008774958 1.56924623175023 12.1851239914937 0.317181885650932 0 0.41138055101567 -0.373898393462365 0 -1.81739824908664 -0.699646122753455 0 0 0.892010547636082 
1.57142565333233 -16.9218703831648 3.94357362014408 3.23005655930846 0 -13.9419613843513 3.84524594240135 19.0058825253536 1.0684428767387 0 14.3290552097974 -1.52541840477168 0 1.20186968389986 0.860422585560206 -1.18608774765678 0 0 -0.263255857053798 1.55277195365763 -0.11987647643307 2.65869432117729 13.8948257145913 0 0 10.4952098105546 13.4998314276337 0 0 18.4724600017641 -2.44195183666514 1.6831945577465 -0.345340259049712 -0.30580772753144 2.26721421987154 0 0.831472883835189 -0.699646122753455 0.249457139638 1.74054222448754 -0.044609132243604 
1.57142565333233 -9.6165230449366 5.65948629978089 3.23005655930846 17.4451060860628 17.3482750343849 3.84524594240135 12.7032875608202 18.1124276659044 0 0 0.595608745978963 0 1.20186968389986 1.11915983826349 0 0 0 1.28892389337482 0 -1.3195076367443 4.51637977013196 0 0 -13.1164008998854 10.4952098105546 18.96162224494 0 19.3847518097305 -1.55922105608472 13.5468737937263 -0.874160631966852 0.318192624411635 -0.667678957184627 0 0 2.29791148500885 1.44560278740041 0.581065051635292 0.031732575051362 0 
1.57142565333233 -15.1649440523074 -12.6065675134801 4.12552647745494 17.4451060860628 17.3482750343849 3.84524594240135 12.335737225104 0 0 14.3290552097974 -0.667015781936709 0 0.283026944679686 1.76842868596708 0 0 0.0271540970667983 -0.263255857053798 1.55277195365763 0.594697144159441 3.68584192846242 13.8948257145913 -3.84543605327859 -13.1164008998854 10.4952098105546 0 13.7067167774805 16.1367461253594 7.65148613958223 17.4242149374561 -0.874160631966852 0 -1.90735403723426 0 0 -1.81739824908664 -1.15211012521857 0 0 0 
1.57142565333233 -12.8718234960324 6.26478988810665 0 0 -4.35318464210871 2.48400578248967 -0.0771754043536146 1.18992964191825 0 14.3290552097974 -1.49777657787212 0 -0.350463444455743 0.860422585560206 0.365568171784081 0.487619732766235 1.78570482816813 0.510160379144438 0 0.594697144159441 4.51637977013196 1.03603041862884 -13.8402736158298 10.6418154251956 10.4952098105546 0 -2.05287800014619 16.1367461253594 7.65148613958223 0 -0.874160631966852 -0.283786846401071 0.41138055101567 0 0 -1.81739824908664 -1.9524874333071 0 0 -0.044609132243604 
1.57142565333233 -9.6165230449366 5.98707973304534 15.6851160692447 -17.8455007904421 13.1122586046868 0 2.77723446617705 18.1124276659044 0 13.0890897502606 0.595608745978963 0.446507904886505 1.68346783317787 2.63691947057234 0 1.01342390617981 -0.0900088604958769 1.32666692572025 -0.263169920194508 0.559762580459827 -16.7730637782128 0 -16.539486076934 5.4091972417241 -9.76951725295257 0 11.7135385842126 16.1367461253594 7.65148613958223 7.81426341660054 1.89874144224391 0 0 0 -1.64466012438976 -1.81739824908664 -1.0195713002093 0 0 0.892010547636082 
1.57142565333233 -9.6165230449366 2.13387962721003 -10.3638491455297 0 12.7497409259201 2.82187173304701 19.0058825253536 18.1124276659044 0 14.3290552097974 0.595608745978963 0 0 0.860422585560206 0 0.79409043040317 0 1.32666692572025 1.55277195365763 0.594697144159441 -17.9936584914074 13.8948257145913 5.43270056668329 0 15.718997639799 3.13085404973517 13.0460968488111 0 18.4724600017641 -4.22133633644382 -1.77381643269854 0 -0.230153424074013 2.26721421987154 0.368912837034516 -1.81739824908664 -1.54860505999467 0.160673894062952 1.74054222448754 -0.044609132243604 
2.85269303993233 -9.6165230449366 2.13387962721003 0.952987267334474 0 0 2.82187173304701 19.0058825253536 2.06952411451821 -3.50348348256828 14.3290552097974 0.595608745978963 0 0 0.860422585560206 0.495501579947538 0.79409043040317 0 0.0348374208783905 -0.0927300444304617 0.594697144159441 4.51637977013196 13.8948257145913 5.43270056668329 0 10.4952098105546 0 18.0625698732969 0 1.58678779503647 9.05416622536917 -0.874160631966852 0 -0.230153424074013 2.26721421987154 0 -1.77855653046097 -1.02107509152082 0.855582403072893 -0.462485380686114 0.892010547636082 
1.57142565333233 -9.6165230449366 0 0 17.4451060860628 17.3482750343849 3.25965032096005 2.77723446617705 18.1124276659044 0 0 0.595608745978963 0.386276332701685 0 1.11915983826349 0 0.673385718433832 -0.0900088604958769 1.28892389337482 -0.263169920194508 -1.3195076367443 0 -17.7299109090725 0 5.4091972417241 14.9860957893478 18.96162224494 -2.05287800014619 -0.319663982870832 1.58678779503647 0 1.97945172897515 0 -0.667678957184627 0 0 2.29791148500885 -1.9524874333071 0.886331409572778 -0.462485380686114 -0.044609132243604 
2.571571100989 -9.6165230449366 3.94357362014408 0 0 -13.9419613843513 3.84524594240135 12.7032875608202 1.18992964191825 0 14.3290552097974 0.595608745978963 0 0 0.860422585560206 -1.18608774765678 0 0 -0.263255857053798 1.55277195365763 0.594697144159441 0 13.8948257145913 0 -13.1164008998854 10.4952098105546 0 0 0 7.65148613958223 0 1.97945172897515 -0.345340259049712 -0.30580772753144 0 0 -1.81739824908664 -0.699646122753455 0.249457139638 0 -0.044609132243604 
2.56793731455563 -9.6165230449366 -12.6065675134801 14.2524333333841 0.0724695343396019 0 15.0788702420326 -0.0771754043536146 18.1124276659044 0 14.3290552097974 0.595608745978963 0 0 1.48790800912208 0.495501579947538 0.092221798418193 1.78570482816813 1.32666692572025 -0.263169920194508 0.594697144159441 4.51637977013196 0.944683132830394 0.58477505190986 0 -18.7414049910109 0 17.3993106021543 16.8897912313416 0 13.5468737937263 -0.874160631966852 0.705865813962121 -0.960433059218541 2.26721421987154 0.0703606859223734 -1.81739824908664 -1.70862130471907 0.581065051635292 -0.462485380686114 0 
0 -9.6165230449366 2.13387962721003 0.952987267334474 0 0 3.25965032096005 12.7032875608202 1.18992964191825 -3.50348348256828 14.3290552097974 0.595608745978963 0 0 0.860422585560206 0.495501579947538 0.673385718433832 0 -0.263255857053798 -0.0927300444304617 0.594697144159441 4.51637977013196 13.8948257145913 0 0 10.4952098105546 0 17.3993106021543 19.3847518097305 1.58678779503647 17.4242149374561 -0.874160631966852 0.154148438924061 -0.30580772753144 2.26721421987154 0 -1.77855653046097 -1.70862130471907 0.581065051635292 -0.462485380686114 0 
1.57142565333233 -15.1649440523074 1.68475647714676 3.23005655930846 -0.345942022742677 0 3.84524594240135 19.0058825253536 -2.77442702423987 0 14.3290552097974 -0.667015781936709 1.48228125156941 1.20186968389986 0.586827653109481 0.495501579947538 0 0 -0.263255857053798 1.55277195365763 0.594697144159441 -19.5178733018776 0.00863527879521031 0 0 14.9860957893478 0 0 18.2493584412147 2.10716439320574 9.71817587954838 0 1.82786254390509 -0.30580772753144 2.26721421987154 0 -1.81739824908664 -0.699646122753455 1.47780048218919 0.031732575051362 0.288980994852717 
0 -19.6061065236368 1.68475647714676 0 -0.345942022742677 17.3482750343849 3.84524594240135 -0.0771754043536146 0.0801325910399354 0 14.3290552097974 -0.699111080644238 1.48228125156941 0 0.586827653109481 0 0 1.78570482816813 0.45396995378843 1.55277195365763 -0.11987647643307 -10.5398833335097 0.00863527879521031 0 -17.7115514211876 -6.55867586217759 20.4858299084407 19.4777762421769 16.4491815529527 0 9.71817587954838 1.52448077663988 1.82786254390509 -0.30580772753144 -2.35951923081629 0.518661023359122 2.16036358673142 -1.46783191220268 0.715210319969435 -0.462485380686114 0.288980994852717 
2.56962366136775 -12.8718234960324 1.68475647714676 0 9.0056994075215 0 -4.17879500686135 -0.0771754043536146 18.1124276659044 0.617433711987656 18.0017163031743 -1.49777657787212 1.48228125156941 0 -0.619922678596304 0.495501579947538 0 1.78570482816813 1.32666692572025 -0.263169920194508 0.594697144159441 0 13.8948257145913 -13.8402736158298 7.11130042519015 15.718997639799 -1.88031982613277 0 18.714143437666 1.56924623175023 -2.44195183666514 1.97945172897515 0 0.41138055101567 -0.263426238784299 0.368912837034516 -1.81739824908664 -0.699646122753455 0.898857128293653 0 -0.044609132243604 
1.57142565333233 -9.6165230449366 2.13387962721003 3.23005655930846 0 17.3482750343849 3.25965032096005 12.7032875608202 18.1124276659044 -3.50348348256828 0 0.595608745978963 0 1.20186968389986 0.860422585560206 0 0.673385718433832 0 1.28892389337482 -0.0927300444304617 -1.3195076367443 4.51637977013196 -17.7299109090725 0 0 14.9860957893478 18.96162224494 0 19.3847518097305 -1.55922105608472 13.5468737937263 -0.874160631966852 0 -0.667678957184627 2.26721421987154 0 2.29791148500885 1.44560278740041 0.581065051635292 0.031732575051362 0 
2.38394311538386 -9.6165230449366 2.13387962721003 0 0 0 3.84524594240135 12.7032875608202 -4.1896875976304 -3.50348348256828 14.3290552097974 0.595608745978963 0 0 0.860422585560206 0.495501579947538 0.551798150181676 0 0.0822400436514243 -0.0927300444304617 0.594697144159441 4.51637977013196 -17.7299109090725 -16.539486076934 9.08221915638178 14.9860957893478 0 -2.05287800014619 19.3847518097305 1.58678779503647 17.4242149374561 -0.874160631966852 0 0 -0.0593000749029685 0 -1.77855653046097 -1.9524874333071 0.581065051635292 -0.462485380686114 0 
1.57142565333233 -9.6165230449366 -12.6065675134801 3.23005655930846 17.4451060860628 17.3482750343849 2.44386011848406 2.77723446617705 18.1124276659044 5.85671568562124 0 0.595608745978963 0 1.20186968389986 1.11915983826349 0 -2.24025220782508 -0.0900088604958769 1.32666692572025 1.36826732259629 0 -7.97975425980042 0.944683132830394 0.58477505190986 5.4091972417241 -18.7414049910109 17.6326684363338 17.3993106021543 10.0467394912833 19.160583510022 13.5468737937263 0 0.705865813962121 -0.960433059218541 0 0.0703606859223734 1.46405320403355 -1.70862130471907 -0.00272511171769591 1.74054222448754 0 
1.57142565333233 -19.6061065236368 5.75512571609818 14.2524333333841 0 3.11781161430656 0 -0.884963926339971 7.17129616400753 0 14.3290552097974 -0.699111080644238 0.75899016615422 0 0.860422585560206 0.495501579947538 1.01342390617981 0.678453534226144 1.27771223947765 1.55277195365763 0.594697144159441 4.51637977013196 0 0.58477505190986 -17.7115514211876 10.4952098105546 20.4858299084407 13.0460968488111 19.3847518097305 -18.8818193501243 9.71817587954838 -0.874160631966852 0 -0.960433059218541 -1.52048759140097 0 2.16036358673142 -1.54860505999467 0.581065051635292 -1.56857905900505 0.892010547636082 
1.57142565333233 -15.1649440523074 2.13387962721003 8.0834817620383 0 21.2687917057279 3.84524594240135 19.0058825253536 18.1124276659044 2.84413004202961 0 -0.667015781936709 0 0.516109605541504 0.860422585560206 0.366502849043581 0 0 1.32666692572025 0.88817023583137 0 4.51637977013196 -17.7299109090725 4.4710669780481 9.08221915638178 10.4952098105546 17.6326684363338 17.3993106021543 0 -18.8818193501243 9.71817587954838 -0.874160631966852 0 -0.676888563985419 -0.0593000749029685 0 1.46405320403355 -1.70862130471907 0.249457139638 -1.56857905900505 0.288980994852717 
2.57062417742946 -19.6061065236368 -12.6065675134801 8.0834817620383 17.4451060860628 0 3.84524594240135 -0.0771754043536146 19.3124487819674 0 14.3290552097974 -0.699111080644238 0 0.516109605541504 1.11915983826349 0.495501579947538 0 1.78570482816813 1.21922591098548 1.55277195365763 0.594697144159441 4.51637977013196 0 0.546975062460161 -13.1164008998854 -9.44131235542768 17.6326684363338 19.4777762421769 16.2473004009562 7.65148613958223 12.1851239914937 -0.874160631966852 0 -0.794477282801865 0 -1.64466012438976 1.46405320403355 -1.46783191220268 0.461214881078906 0 0.892010547636082 
0 -9.6165230449366 1.68475647714676 -10.3638491455297 0 21.2687917057279 2.19459375475747 -0.0771754043536146 -3.62723274676932 0 -14.2017478096307 0.595608745978963 1.48228125156941 0 0.860422585560206 0.366502849043581 -0.542627024465532 1.78570482816813 0.45396995378843 0 0 4.51637977013196 0 0 10.6418154251956 10.4952098105546 1.00599784672074 13.0460968488111 18.714143437666 -1.55922105608472 0 -0.874160631966852 0 -0.30580772753144 0 0 -1.46553224097729 -1.54860505999467 0.707235026577131 0.031732575051362 -0.044609132243604 
2.56893598292203 -9.6165230449366 0 3.23005655930846 -0.345942022742677 0 3.84524594240135 -0.0771754043536146 18.1124276659044 0 14.3290552097974 0.595608745978963 0.386276332701685 0.418197423926646 0.586827653109481 0.495501579947538 0 1.78570482816813 1.32666692572025 -0.263169920194508 0.594697144159441 -19.5178733018776 -17.7299109090725 -2.8712082465278 5.4091972417241 -18.7414049910109 0 17.3993106021543 16.8897912313416 2.7954618366414 0 0.230423162519198 0 -0.667678957184627 0 0.0703606859223734 -1.81739824908664 -1.70862130471907 0.581065051635292 0 -0.044609132243604 
0.748595936178965 -9.6165230449366 5.98707973304534 0.952987267334474 9.0056994075215 17.3482750343849 0 2.77723446617705 18.1124276659044 -1.90690950742313 18.0017163031743 0.595608745978963 0.446507904886505 0 -0.619922678596304 0 1.01342390617981 -0.0900088604958769 1.32666692572025 -0.901204284895772 0.594697144159441 4.51637977013196 -17.7299109090725 -13.8402736158298 5.4091972417241 14.9860957893478 0 -2.05287800014619 18.5343008774958 2.7954618366414 17.4242149374561 -0.874160631966852 0 0.41138055101567 0 0 -1.81739824908664 -1.9524874333071 0 0.553196894369645 0 
1.57142565333233 -15.1649440523074 -0.223519362240806 8.0834817620383 13.613973849576 0 10.3223563201364 12.7032875608202 19.3124487819674 0 -4.84609227548171 -0.381027996642994 0.024680209804643 0.516109605541504 -0.967905312640548 0.495501579947538 -0.354072984398377 0 1.21922591098548 1.456729500078 -0.555537694387854 4.51637977013196 0 0 10.6418154251956 -9.44131235542768 17.6326684363338 19.4777762421769 0 -22.9737566015095 13.5468737937263 -0.874160631966852 -0.37509373790356 -0.667678957184627 0 -1.64466012438976 1.46405320403355 -1.46783191220268 0.160673894062952 -1.19944022912506 0 
1.57142565333233 -9.6165230449366 -12.6065675134801 3.23005655930846 -0.345942022742677 0 3.84524594240135 12.7032875608202 -3.62723274676932 0 14.3290552097974 0.595608745978963 0 1.20186968389986 0.586827653109481 0.495501579947538 0 -0.582755150498243 0.45396995378843 0 0.594697144159441 4.51637977013196 13.8948257145913 0 -13.1164008998854 14.9860957893478 1.00599784672074 17.3993106021543 0 18.4724600017641 -2.44195183666514 -0.874160631966852 -0.345340259049712 -0.30580772753144 0 0 -1.46553224097729 -1.70862130471907 0.0967945445733119 1.74054222448754 -0.044609132243604 
1.57142565333233 -9.6165230449366 3.94357362014408 8.0834817620383 0 0 3.84524594240135 19.0058825253536 18.1124276659044 2.84413004202961 0 0.595608745978963 0 0.516109605541504 0.860422585560206 0.495501579947538 0 0 1.32666692572025 0.88817023583137 0 4.51637977013196 13.8948257145913 4.4710669780481 0 10.4952098105546 0 17.3993106021543 17.5799880230241 18.4724600017641 9.71817587954838 -0.874160631966852 0.154148438924061 -0.676888563985419 0 0 -1.81739824908664 -1.70862130471907 0 1.74054222448754 0.288980994852717 
1.57142565333233 -9.6165230449366 -12.6065675134801 14.2524333333841 0 17.3482750343849 3.84524594240135 12.7032875608202 7.17129616400753 -1.90690950742313 14.3290552097974 0.595608745978963 0 0 0.860422585560206 0 0 0 1.27771223947765 -0.901204284895772 0.594697144159441 4.51637977013196 -17.7299109090725 0 -17.7115514211876 10.4952098105546 0 13.0460968488111 19.3847518097305 18.4724600017641 17.4242149374561 -0.874160631966852 0 -0.30580772753144 -1.52048759140097 0 -1.81739824908664 -1.54860505999467 0.581065051635292 1.74054222448754 0 
1.57142565333233 -9.6165230449366 5.98707973304534 3.23005655930846 0 12.7497409259201 3.82697485749469 2.77723446617705 18.1124276659044 0 15.2766814170762 0.595608745978963 0.446507904886505 0.418197423926646 0.860422585560206 0 0.867401597927046 -0.0900088604958769 1.32666692572025 -0.263169920194508 0.591217487878733 -17.9936584914074 0 -2.8712082465278 5.4091972417241 15.718997639799 18.96162224494 18.0625698732969 0 2.7954618366414 13.5468737937263 -1.77381643269854 -0.12078988608941 -0.667678957184627 0 0.368912837034516 2.29791148500885 -1.02107509152082 0.249457139638 0 0 
1.40017425028915 -9.6165230449366 2.13387962721003 0 20.8182331218702 4.34418694702638 3.84524594240135 12.7032875608202 0.0801325910399354 0 -4.84609227548171 0.595608745978963 0 0 1.59190538412514 0.421578126978864 0.551798150181676 0 0.45396995378843 1.55277195365763 -0.555537694387854 4.51637977013196 -17.7299109090725 3.03479331062864 0 -6.55867586217759 -1.10360574545507 17.3993106021543 19.9977261950018 0 17.4242149374561 -0.874160631966852 0 0.190159802767522 0 0.518661023359122 -1.07999967299402 -1.70862130471907 0.40807525865644 -0.462485380686114 0 
2.35131648010295 -9.6165230449366 2.45638438973407 0 0 0 3.84524594240135 12.7032875608202 2.63063078889653 0 14.3290552097974 0.595608745978963 -0.731484372127561 0 0.860422585560206 0.495501579947538 0 0 0.636881039434523 0 0.594697144159441 4.51637977013196 -17.7299109090725 -16.539486076934 0 10.4952098105546 17.6326684363338 17.3993106021543 16.2473004009562 0 17.4242149374561 -0.874160631966852 0 0 2.26721421987154 0 1.46405320403355 -1.70862130471907 0.461214881078906 -0.462485380686114 0 
0 -9.6165230449366 2.13387962721003 14.2524333333841 -0.345942022742677 0 -4.17879500686135 12.7032875608202 -3.62723274676932 0 14.3290552097974 0.595608745978963 0 0 0.586827653109481 0.495501579947538 0 0 0.45396995378843 0 0.594697144159441 0 13.8948257145913 0 -13.1164008998854 14.9860957893478 0 13.0460968488111 19.3847518097305 -1.55922105608472 17.4242149374561 1.97945172897515 0 -0.667678957184627 0 0 -1.77855653046097 -1.54860505999467 0.581065051635292 0.031732575051362 0 
0 -8.20008195107807 2.13387962721003 14.2524333333841 0 0 2.82187173304701 12.7032875608202 2.06952411451821 -0.307268424195828 15.2766814170762 1.09673194805939 0 0 0.860422585560206 0.495501579947538 0.79409043040317 -0.582755150498243 0.0348374208783905 -0.560845573437794 0.591217487878733 4.51637977013196 13.8948257145913 0.58477505190986 0 -12.5584815221645 20.4858299084407 13.0460968488111 0 18.4724600017641 17.4242149374561 -0.874160631966852 0 -0.960433059218541 2.26721421987154 -1.64466012438976 2.16036358673142 -1.54860505999467 0.855582403072893 1.74054222448754 0 
1.57142565333233 -19.6061065236368 -12.6065675134801 14.2524333333841 0 3.11781161430656 3.84524594240135 -0.884963926339971 19.3124487819674 0 -4.84609227548171 -0.699111080644238 0 0 0.684997031141537 0.495501579947538 0 0.678453534226144 1.21922591098548 1.55277195365763 -0.555537694387854 4.51637977013196 13.8948257145913 0 0 -9.44131235542768 17.6326684363338 21.3421343908841 16.2473004009562 -18.8818193501243 9.71817587954838 -0.874160631966852 0 -0.30580772753144 0 -1.64466012438976 1.46405320403355 -1.46783191220268 0.461214881078906 -0.828458802899559 0.892010547636082 
1.57142565333233 -15.1649440523074 2.13387962721003 3.23005655930846 0 17.3482750343849 3.84524594240135 2.77723446617705 19.3124487819674 2.84413004202961 -14.2017478096307 -0.381027996642994 0 1.20186968389986 0.860422585560206 0 0 -0.0900088604958769 1.21922591098548 0.88817023583137 0 4.51637977013196 0 3.03479331062864 10.6418154251956 10.4952098105546 17.6326684363338 -4.54015135515488 0 7.65148613958223 12.1851239914937 -0.874160631966852 0 0.190159802767522 0 0 1.46405320403355 -1.27679533212296 0.249457139638 0 0.892010547636082 
1.57142565333233 -15.1649440523074 2.13387962721003 0 0 0 2.44386011848406 2.77723446617705 1.18992964191825 -3.50348348256828 14.3290552097974 -0.381027996642994 0 0 0.860422585560206 0.495501579947538 -2.24025220782508 -0.0900088604958769 -0.263255857053798 -0.0927300444304617 0.217156623563337 4.51637977013196 -17.7299109090725 0.546975062460161 9.08221915638178 -12.5584815221645 2.78091521527661 13.0460968488111 16.1367461253594 1.58678779503647 -0.540960574495122 -0.874160631966852 0 -0.794477282801865 -0.0593000749029685 -1.64466012438976 0 -1.54860505999467 0 -0.462485380686114 -0.044609132243604 
2.57036047570913 -19.6061065236368 5.75512571609818 3.23005655930846 0 21.2687917057279 3.84524594240135 -0.0771754043536146 19.9770825323309 2.84413004202961 14.3290552097974 -0.699111080644238 0.75899016615422 1.20186968389986 0.860422585560206 0.366502849043581 0 1.78570482816813 1.21922591098548 0.88817023583137 0.42169452054505 -7.97975425980042 0 4.4710669780481 10.6418154251956 10.4952098105546 17.6326684363338 17.3993106021543 10.0467394912833 -18.8818193501243 9.71817587954838 0 0 -0.676888563985419 0 0 1.46405320403355 -1.70862130471907 -0.00272511171769591 -1.56857905900505 0.892010547636082 
1.57142565333233 -9.6165230449366 5.98707973304534 0 17.4451060860628 4.34418694702638 3.84524594240135 -0.0771754043536146 18.1124276659044 0 14.3290552097974 0.595608745978963 0.446507904886505 0 1.76842868596708 1.32133292534451 0.551798150181676 1.78570482816813 1.32666692572025 0 0.594697144159441 0 0.00863527879521031 0 0 14.9860957893478 0 17.3993106021543 0 0 17.4242149374561 0 1.82786254390509 -0.0447364503446672 2.26721421987154 0 0 -1.70862130471907 0.249457139638 0 0 
1.57142565333233 -8.20008195107807 5.75512571609818 15.6851160692447 0 17.7051188946725 5.79528363691423 -0.0771754043536146 19.9770825323309 0 -4.84609227548171 0.792767073443517 0.75899016615422 1.68346783317787 0.860422585560206 0.366502849043581 0.487619732766235 1.78570482816813 1.21922591098548 1.55277195365763 -0.555537694387854 -1.1384934429957 0 4.4710669780481 -17.7115514211876 -9.44131235542768 17.6326684363338 17.3993106021543 16.1367461253594 4.67555759729611 9.71817587954838 0.503913633787964 0 -0.676888563985419 -1.52048759140097 -1.64466012438976 1.46405320403355 -1.70862130471907 0 0.113436269067897 0.288980994852717 
1.57142565333233 -15.1649440523074 -12.6065675134801 14.2524333333841 17.4451060860628 17.3482750343849 10.3223563201364 19.0058825253536 0 0 14.3290552097974 -0.667015781936709 0 0 1.76842868596708 0 -0.354072984398377 0 -0.263255857053798 1.55277195365763 0.594697144159441 -7.97975425980042 13.8948257145913 -3.84543605327859 -13.1164008998854 10.4952098105546 17.6326684363338 11.7135385842126 19.3847518097305 7.65148613958223 12.1851239914937 0 0 -1.90735403723426 0 0 1.46405320403355 -1.0195713002093 0.581065051635292 0 0.892010547636082 
1.57142565333233 -19.6061065236368 5.75512571609818 14.2524333333841 13.434979332278 17.3482750343849 0 2.77723446617705 2.06952411451821 2.84413004202961 0 -0.699111080644238 0.75899016615422 0 2.32783074833352 0 0 -0.0900088604958769 0.0348374208783905 0.88817023583137 0 4.51637977013196 0 0.58477505190986 0 -12.5584815221645 17.6326684363338 0 19.3847518097305 -18.8818193501243 14.5378714867578 -0.874160631966852 0 -0.960433059218541 0 -1.64466012438976 1.46405320403355 -0.699646122753455 0.581065051635292 -1.56857905900505 -0.85473623539076 
1.57142565333233 -15.1649440523074 0.300283280480785 -10.3638491455297 0 21.2687917057279 3.84524594240135 19.0058825253536 0 0 -14.2017478096307 -0.381027996642994 0.099748652242007 0 0.860422585560206 0.366502849043581 0 0 -0.263255857053798 1.55277195365763 0 4.51637977013196 0 4.4710669780481 10.6418154251956 10.4952098105546 17.6326684363338 15.5783101790484 0 7.65148613958223 0 -0.874160631966852 0 -0.676888563985419 0 0 1.46405320403355 -1.54860505999467 0.249457139638 0 -0.044609132243604 
1.57142565333233 -19.6061065236368 -12.6065675134801 0 0 4.34418694702638 0 12.7032875608202 0.0801325910399354 0 -4.84609227548171 -0.699111080644238 -0.539393036509581 0 0.684997031141537 0.421578126978864 1.01342390617981 0 0.45396995378843 1.55277195365763 -0.555537694387854 4.51637977013196 15.9200203152699 0.58477505190986 0 -6.55867586217759 0 13.0460968488111 16.4491815529527 18.4724600017641 17.4242149374561 -0.874160631966852 -0.164031887494042 -0.960433059218541 0 0.518661023359122 -1.81739824908664 -1.54860505999467 0.715210319969435 1.74054222448754 0.878282871506309 
1.57142565333233 -9.6165230449366 2.13387962721003 3.23005655930846 17.4451060860628 17.3482750343849 -4.17879500686135 12.7032875608202 18.1124276659044 0 14.3290552097974 0.595608745978963 0 1.20186968389986 1.11915983826349 0 0 0 1.28892389337482 -0.263169920194508 0.594697144159441 4.51637977013196 13.8948257145913 0 10.6418154251956 10.4952098105546 2.28200829694141 0 19.3847518097305 -1.55922105608472 13.5468737937263 -0.874160631966852 0 -0.667678957184627 0 0 1.24938009830629 1.44560278740041 0.581065051635292 0.031732575051362 0 
1.57142565333233 -9.6165230449366 3.94357362014408 0 17.4451060860628 -1.08082340018862 2.48400578248967 -0.0771754043536146 18.1124276659044 0 18.0017163031743 0.595608745978963 0 0 1.76842868596708 0.495501579947538 0.487619732766235 1.78570482816813 1.32666692572025 0 0.594697144159441 4.51637977013196 13.8948257145913 0 9.08221915638178 -6.55867586217759 0 0 16.8897912313416 7.65148613958223 17.4242149374561 -0.874160631966852 0.154148438924061 -0.30580772753144 -0.0593000749029685 0.518661023359122 -1.81739824908664 1.44560278740041 0.581065051635292 0 0 
1.57142565333233 -15.1649440523074 5.75512571609818 -10.3638491455297 0 21.2687917057279 2.44386011848406 19.0058825253536 18.1124276659044 2.84413004202961 0 -0.667015781936709 0.75899016615422 0.544278824163731 0.860422585560206 0.366502849043581 -2.24025220782508 0 1.32666692572025 0.88817023583137 0 4.51637977013196 13.8948257145913 4.4710669780481 0 10.4952098105546 13.4998314276337 17.3993106021543 0 18.4724600017641 9.71817587954838 -0.874160631966852 0 -0.676888563985419 0 0 0.831472883835189 -1.70862130471907 0.249457139638 1.74054222448754 0.288980994852717 
1.57142565333233 -15.1649440523074 -0.223519362240806 3.97482614218016 -0.345942022742677 21.2687917057279 10.3223563201364 2.77723446617705 0.0801325910399354 0 14.3290552097974 -0.667015781936709 0.024680209804643 0 0.586827653109481 0.366502849043581 -0.354072984398377 -0.0900088604958769 0.45396995378843 1.456729500078 0.594697144159441 -10.7386995284766 0 4.4710669780481 0 -9.44131235542768 0 0 0 2.10716439320574 -2.44195183666514 -0.523611902149213 -0.37509373790356 -0.676888563985419 -0.43508675452093 -1.64466012438976 -1.81739824908664 -0.699646122753455 0.249457139638 0.031732575051362 -0.044609132243604 
0 -7.63946444598933 2.13387962721003 0 0 0 3.84524594240135 19.0058825253536 0.0801325910399354 0 14.3290552097974 1.01640145159159 0 0.842035284075902 0.684997031141537 0.495501579947538 0 0 0.45396995378843 0 0.594697144159441 3.68584192846242 13.8948257145913 0 -17.7115514211876 10.4952098105546 0 13.0460968488111 16.8897912313416 0 0 -0.874160631966852 0 -0.30580772753144 -1.52048759140097 0 -1.81739824908664 -1.54860505999467 0.581065051635292 -0.462485380686114 -0.044609132243604 
2.38601296497581 -9.6165230449366 5.98707973304534 0.952987267334474 0 17.3482750343849 3.84524594240135 2.77723446617705 -4.1896875976304 -1.90690950742313 14.3290552097974 0.595608745978963 0.446507904886505 0 0.828666320130539 0 0 -0.0900088604958769 0.0822400436514243 -0.901204284895772 0.594697144159441 4.51637977013196 -17.7299109090725 -16.539486076934 0 14.9860957893478 0 0 18.2493584412147 0 9.71817587954838 -0.874160631966852 0 0 2.26721421987154 0 -1.81739824908664 -0.699646122753455 1.47780048218919 -0.462485380686114 0.288980994852717 
1.57142565333233 -9.6165230449366 -12.6065675134801 0 0 3.73125613377488 3.84524594240135 12.7032875608202 7.17129616400753 0 14.3290552097974 0.595608745978963 0 1.47072999340982 0.684997031141537 1.32335116720914 0 0 1.27771223947765 1.55277195365763 0.594697144159441 3.68584192846242 2.93969178709187 0 -17.7115514211876 13.0024174940784 18.96162224494 13.0460968488111 -11.2333667423732 -1.55922105608472 12.1851239914937 -0.874160631966852 0 -0.30580772753144 -1.52048759140097 1.06894400299943 2.29791148500885 -1.54860505999467 0 0.031732575051362 0.892010547636082 
1.57142565333233 -15.1649440523074 1.68475647714676 0 7.54104370602455 0 3.84524594240135 12.7032875608202 18.1124276659044 -4.15330321290684 14.3290552097974 -0.667015781936709 1.48228125156941 1.47072999340982 0 0.495501579947538 -0.61454183609902 0 1.32666692572025 -0.23796808953768 -0.11987647643307 17.8765355828575 13.8948257145913 -13.8402736158298 -13.1164008998854 14.9860957893478 18.96162224494 0 -11.2333667423732 -4.26174541980109 12.1851239914937 0.317181885650932 0 0.41138055101567 0 0 2.29791148500885 -0.699646122753455 0 0.332326029051247 0.892010547636082 
1.57142565333233 -7.63946444598933 3.94357362014408 3.23005655930846 0 0 3.84524594240135 19.0058825253536 0.0801325910399354 0 14.3290552097974 1.01640145159159 0 1.20186968389986 0.860422585560206 0.495501579947538 0 0 0.45396995378843 1.55277195365763 0.594697144159441 0 13.8948257145913 -18.1201779225237 0 10.4952098105546 13.4998314276337 0 0 0 0 1.97945172897515 -0.345340259049712 0.436451633906202 2.26721421987154 0 0.831472883835189 -0.699646122753455 0.249457139638 -0.462485380686114 -0.044609132243604 
1.57142565333233 -9.6165230449366 2.13387962721003 3.23005655930846 17.4451060860628 17.3482750343849 3.84524594240135 12.7032875608202 18.1124276659044 0 0 0.595608745978963 0 1.20186968389986 1.11915983826349 0 0 0 1.28892389337482 0 -1.3195076367443 0 0 0 -13.1164008998854 10.4952098105546 18.96162224494 0 -0.319663982870832 -1.55922105608472 13.5468737937263 1.97945172897515 0 -0.667678957184627 0 0 2.29791148500885 1.44560278740041 0.886331409572778 0.031732575051362 0 
1.57142565333233 -15.1649440523074 1.68475647714676 5.00111400215007 -0.345942022742677 17.3482750343849 3.84524594240135 2.77723446617705 0 5.85671568562124 14.3290552097974 -0.667015781936709 1.48228125156941 0.312971982188975 0.586827653109481 0 0 -0.0900088604958769 -0.263255857053798 1.36826732259629 0.594697144159441 0 13.8948257145913 0.906114929055849 -13.1164008998854 10.4952098105546 0 0 18.714143437666 2.10716439320574 -2.44195183666514 1.97945172897515 0 -0.630541347833603 0 0 -1.81739824908664 -0.699646122753455 0.898857128293653 0.031732575051362 -0.044609132243604 
1.57142565333233 -12.8718234960324 1.68475647714676 0 -0.345942022742677 17.3482750343849 3.84524594240135 -0.0771754043536146 0.0801325910399354 5.85671568562124 14.3290552097974 -1.49777657787212 1.48228125156941 -0.350463444455743 0.586827653109481 0 0 1.78570482816813 0.45396995378843 1.36826732259629 0.594697144159441 0 0 0.906114929055849 10.6418154251956 10.4952098105546 0 -2.05287800014619 18.714143437666 2.10716439320574 0 1.97945172897515 0 -0.630541347833603 0 0 -1.81739824908664 -1.9524874333071 0.898857128293653 0.031732575051362 -0.044609132243604 
0 -9.6165230449366 5.98707973304534 3.23005655930846 -17.8455007904421 17.3482750343849 3.84524594240135 2.77723446617705 18.1124276659044 0 14.3290552097974 0.595608745978963 0.446507904886505 1.20186968389986 2.63691947057234 0 0 -0.0900088604958769 1.32666692572025 -0.263169920194508 0.594697144159441 4.51637977013196 0 3.03479331062864 5.4091972417241 13.0024174940784 0 -4.54015135515488 19.1899042276619 7.65148613958223 12.1851239914937 -0.874160631966852 0 0.190159802767522 0 1.06894400299943 -1.81739824908664 -1.27679533212296 0.546943287843346 0 0.892010547636082 
