100
10
3.45956902177176 -12.1666011978717 -9.94904817601156 -1.71432793141078 3.39300922252844 0.422914800873452 7.29032523263727 -0.0771754043536146 22.3340620832211 -2.80035309344547 -5.62973323617118 0.465848313908022 0.964322587072068 0.0821607542280855 1.48790800912208 1.26292353507733 -1.67016754278455 1.78570482816813 1.31061227878119 0 -0.555537694387854 4.51637977013196 -3.04678725388217 0 0 -16.4030669781394 20.1627476529743 11.736142372124 16.5177043778206 -19.3184636123099 12.1851239914937 -0.874160631966852 0.359429379161181 -0.667678957184627 1.52201228954923 -0.0874332195042786 1.72830990844793 -2.01234856421703 0.0196413580745654 -1.17049035844882 0.892010547636082 
3.45941009159105 -10.6720878624227 2.748681126837 14.2524333333841 3.39300922252844 17.7051188946725 3.82697485749469 -0.0771754043536146 22.3340620832211 0.112371983175339 14.3290552097974 0.40581917302954 0 0.557846121330674 1.48790800912208 0.366502849043581 0.867401597927046 1.78570482816813 1.31061227878119 1.26911378693726 0.594697144159441 5.95894033303901 1.48886464593879 5.0755332191128 9.08221915638178 7.20691330647418 0.235501334786184 17.3993106021543 0 8.70853921752821 12.1851239914937 -0.811705651074511 0.383926654292236 -1.07924685198313 -0.0593000749029685 -0.221321241404545 -1.58524416192679 -1.70862130471907 0.855582403072893 -0.447767321117114 0.892010547636082 
2.85465390065902 -12.1666011978717 2.748681126837 3.53618742734482 3.51764245741891 0.422914800873452 3.82697485749469 -0.0771754043536146 22.3340620832211 0.112371983175339 -2.78108200627895 0.706191634119578 0 0.0944221428010717 1.48126034934132 1.26292353507733 0.867401597927046 1.78570482816813 1.31061227878119 1.24312016103096 -0.555537694387854 4.51637977013196 -2.63655989679348 5.0755332191128 -13.1164008998854 -18.7414049910109 3.13085404973517 19.4777762421769 19.3847518097305 7.65148613958223 0 -0.874160631966852 -1.22670822586711 -1.25197365129458 0 0.0703606859223734 -1.81739824908664 -1.46783191220268 0.581065051635292 -0.0839662442654214 -0.044609132243604 
2.567356874651 -12.1666011978717 2.748681126837 3.53618742734482 3.51764245741891 0.422914800873452 3.82697485749469 -0.0771754043536146 22.3340620832211 0.362718488794155 -2.78108200627895 0.706191634119578 0 0.0944221428010717 1.48126034934132 1.26292353507733 0.867401597927046 1.78570482816813 1.31061227878119 1.24312016103096 -0.555537694387854 4.51637977013196 -2.63655989679348 5.0755332191128 -13.1164008998854 -18.7414049910109 3.13085404973517 19.4777762421769 19.3847518097305 10.2123889230249 0 -0.874160631966852 -1.22670822586711 -1.25197365129458 0 0.0703606859223734 -1.81739824908664 -1.46783191220268 0.581065051635292 0.105122715060191 -0.044609132243604 
2.85269303993233 -9.6165230449366 5.75512571609818 0 3.39300922252844 0.422914800873452 2.82187173304701 -0.0771754043536146 20.2915327180836 0.112371983175339 12.0852898874717 0.595608745978963 0.75899016615422 -0.550279709692243 1.48790800912208 0.389900489700912 0.79409043040317 1.78570482816813 1.31061227878119 1.24312016103096 1.02763989435399 0 -1.87978522269045 -0.1098511438397 0 7.20691330647418 0.235501334786184 17.3993106021543 2.73757964805121 7.65148613958223 14.8171766717998 1.97945172897515 -0.23258512202305 -0.254479559261575 2.06864346923709 -0.221321241404545 -1.58524416192679 -1.70862130471907 0.379835803001112 -0.0839662442654214 0.38823505671147 
2.85244677936796 -12.2044043559602 10.7108050502887 16.4148814729019 3.39300922252844 17.7051188946725 3.87830645131334 -0.0771754043536146 18.1124276659044 -0.854091183493886 -2.78108200627895 0.778663264717284 0.493731254899749 0.912615414565715 1.48790800912208 0.366502849043581 0.678744244002153 1.78570482816813 1.32666692572025 0.518720122295767 -0.555537694387854 2.74256187432565 -1.87978522269045 5.5547055578114 0 -16.4030669781394 20.1627476529743 -1.56733179398222 19.3847518097305 7.65148613958223 9.71817587954838 -0.798595983343476 -0.475487350297853 -1.25197365129458 2.06864346923709 -0.0874332195042786 1.72830990844793 -0.597773463976464 0.581065051635292 -0.0839662442654214 1.35861408496677 
2.56624760187628 -9.6165230449366 -15.190604744335 0.634459227479276 3.39300922252844 0.422914800873452 7.29032523263727 -0.0771754043536146 22.5535605690226 0 14.3290552097974 0.595608745978963 0.439804895035831 -0.462095648484349 1.48790800912208 1.26292353507733 -1.13388523669629 1.82095794828188 1.31061227878119 1.21117743209525 0.594697144159441 3.00281728899703 -2.77656996186197 -4.74607243421304 0 -16.4030669781394 3.13085404973517 11.736142372124 0 7.65148613958223 10.6914820638911 -0.556049525763863 -0.520821364410604 -1.07454350298948 2.06864346923709 -0.0874332195042786 -1.81739824908664 -1.55265186281998 0.855582403072893 -0.0839662442654214 0.393495418947887 
2.85269303993233 -8.99733271170283 5.75512571609818 0 2.06447868475899 0.422914800873452 2.82187173304701 -0.0771754043536146 22.3340620832211 0.112371983175339 12.0852898874717 0.340406332230385 0.75899016615422 -0.550279709692243 1.48790800912208 0.389900489700912 0.79409043040317 1.78570482816813 1.31061227878119 1.24312016103096 1.02763989435399 1.66167516152452 -1.87978522269045 -0.1098511438397 1.75367341463159 7.20691330647418 0.235501334786184 17.3993106021543 0 7.65148613958223 14.8171766717998 2.00477737533151 -0.23258512202305 -0.254479559261575 2.06864346923709 -0.221321241404545 -1.58524416192679 -1.70862130471907 0.855582403072893 -0.0839662442654214 0.38823505671147 
2.85395263447097 -9.88237599245383 9.87974431772239 14.2524333333841 3.39300922252844 17.7051188946725 -4.17879500686135 -0.0771754043536146 22.524857254012 2.74427106315003 -2.78108200627895 0.965145351535243 0.493731254899749 0.557846121330674 1.48790800912208 0.648290609674663 -0.164135479682188 1.78570482816813 1.31061227878119 0.776114509229602 -0.555537694387854 5.92936299328197 -1.87978522269045 0.58477505190986 -13.1164008998854 -16.4030669781394 20.1627476529743 14.3139317407803 16.2473004009562 7.65148613958223 9.71817587954838 -0.764730713146148 -0.23258512202305 -0.915476819214167 0 -0.0874332195042786 1.72830990844793 -1.70862130471907 0.461214881078906 -0.0839662442654214 1.35861408496677 
0 -12.1666011978717 7.29248250422184 14.2524333333841 3.39300922252844 17.7051188946725 7.29032523263727 -0.197308841532706 24.7021864239137 -0.0698750087152584 -5.62973323617118 0.706191634119578 0.493731254899749 0.557846121330674 1.48790800912208 0.648290609674663 -1.13388523669629 2.13255532812912 1.31061227878119 -0.263169920194508 -0.555537694387854 4.51637977013196 -1.87978522269045 1.9397132244146 0 -18.7414049910109 19.5119972246056 16.0483554222613 16.2473004009562 2.46681678468213 12.1851239914937 -0.874160631966852 -0.23258512202305 0.173234727332943 2.06864346923709 0.0703606859223734 1.89857760578793 -1.84185333067638 0.136895382593803 0.623644842446616 0.892010547636082 
2.85380961187157 -9.6165230449366 2.748681126837 16.3220977098318 3.51764245741891 20.2661975590355 3.82697485749469 -0.0771754043536146 18.1124276659044 -2.34404940944819 -2.78108200627895 0.778663264717284 0 0.912615414565715 1.48126034934132 -0.163160931013134 0.867401597927046 1.78570482816813 1.32666692572025 -1.0642918740326 -0.555537694387854 4.51637977013196 -2.63655989679348 5.0755332191128 -13.1164008998854 -19.8868149399929 17.2311919893283 14.3139317407803 1.67189872354357 3.89367877249312 0 -0.874160631966852 -1.22670822586711 -1.25197365129458 0 -0.213647198962815 1.72830990844793 -1.70862130471907 0.855582403072893 0.46311752264533 -0.044609132243604 
1.57142565333233 -12.1666011978717 3.94357362014408 -2.17944260206047 3.39300922252844 0.422914800873452 3.84524594240135 2.77664447819192 22.3340620832211 -0.0698750087152584 -2.78108200627895 0.706191634119578 0 -0.0703306671512922 1.48790800912208 1.26292353507733 0 1.78570482816813 1.31061227878119 -0.263169920194508 -0.555537694387854 1.0774882979819 -1.87978522269045 5.0755332191128 -12.0957458302359 -21.5882046992836 3.13085404973517 16.5570062883929 17.5796595206622 7.65148613958223 12.1851239914937 1.8741623808882 -0.23258512202305 -1.25197365129458 -0.548035830626281 -0.672353881924578 -1.81739824908664 -1.72707928111175 0.960959317270182 -0.0839662442654214 0.892010547636082 
2.85300529169572 -12.1666011978717 -15.2835830421111 14.2524333333841 3.39300922252844 18.8633674788584 7.29032523263727 -0.0771754043536146 24.7021864239137 -0.0698750087152584 -2.78108200627895 0.706191634119578 -0.0115807310731992 0.557846121330674 1.48790800912208 0.550742919226523 -1.13388523669629 1.78570482816813 1.31061227878119 -0.263169920194508 -0.555537694387854 4.51637977013196 -1.87978522269045 1.39058398219784 0 -20.9136491269868 19.5119972246056 19.4777762421769 16.2473004009562 2.46681678468213 0 -0.874160631966852 -0.23258512202305 0.173234727332943 2.06864346923709 -0.358096067182764 1.89857760578793 -1.46783191220268 0.136895382593803 0.623644842446616 -0.044609132243604 
1.57142565333233 -9.6165230449366 6.02149024134105 0.931298786090362 0.560331688663145 0 1.25116983368116 -0.0771754043536146 17.5846971689652 0 0.859344329386645 0.75073004968964 0.0356107136772995 1.39921333632861 1.0263784263173 0.495501579947538 1.19178966805422 1.78570482816813 1.32666692572025 1.21117743209525 -0.482445960176385 2.28181713217954 3.38473182515461 0.243452044247395 11.1574549105519 14.9860957893478 19.4030165241812 11.736142372124 0 3.89367877249312 18.5943648158546 -0.874160631966852 0.439793381863177 0.0503045320372583 -0.170326258680004 0 2.40272347116504 -2.01234856421703 1.01310846174746 -0.0839662442654214 0.5910720820404 
2.57036047570913 -12.1666011978717 8.31972297100337 0 1.27409965606597 17.7051188946725 -0.0593543014998317 -0.0771754043536146 22.3340620832211 2.95429646189059 12.1445830739777 0.465848313908022 0.236463706547611 -1.03048995739803 1.48790800912208 0.654347718523046 0.351294010501026 1.78570482816813 1.31061227878119 0.695830386884432 1.02763989435399 4.51637977013196 2.78980048358897 0.58477505190986 0 -19.8868149399929 17.2311919893283 14.3139317407803 0 3.89367877249312 10.6914820638911 -0.874160631966852 0 -0.915476819214167 1.71774483704369 -0.213647198962815 1.83793593355358 -1.70862130471907 0.855582403072893 -0.0839662442654214 0.393495418947887 
2.85366681912642 -10.6720878624227 2.748681126837 0 3.51764245741891 0.422914800873452 3.82697485749469 -0.0771754043536146 22.3340620832211 -2.40971728363527 -2.78108200627895 0.40581917302954 0 -0.0463373335247568 1.48126034934132 1.26292353507733 0.867401597927046 1.78570482816813 1.31061227878119 -0.144375003578316 -0.555537694387854 4.51637977013196 1.48886464593879 5.0755332191128 9.08221915638178 7.20691330647418 3.13085404973517 17.3993106021543 0.109013718091423 8.70853921752821 12.1851239914937 -0.874160631966852 0.383926654292236 -1.07924685198313 -0.0593000749029685 -0.221321241404545 -1.81739824908664 -1.70862130471907 1.074596213789 -0.447767321117114 0.892010547636082 
2.63793304966835 -9.6165230449366 -14.9463756514231 -1.71432793141078 3.39300922252844 0.422914800873452 2.82187173304701 -0.0771754043536146 22.5535605690226 1.83768806752641 14.3290552097974 0.595608745978963 -0.0115807310731992 0.0821607542280855 1.48790800912208 1.2800957610412 0.79409043040317 1.78570482816813 1.31061227878119 0.695830386884432 0.594697144159441 4.51637977013196 -3.04678725388217 -0.1098511438397 0 -21.12518441031 20.1627476529743 0 17.0349677846697 7.65148613958223 12.1851239914937 -0.874160631966852 0.359429379161181 -0.525876876779775 1.52201228954923 -0.213647198962815 1.72830990844793 -0.699646122753455 0.581065051635292 -0.0839662442654214 0.892010547636082 
2.61551313066578 -7.48375220277056 10.7108050502887 3.23005655930846 0 17.7051188946725 2.82187173304701 -0.0771754043536146 22.524857254012 -1.07376052365813 17.0164821041126 0.042447825918183 0.493731254899749 1.20186968389986 0.860422585560206 0.366502849043581 0.79409043040317 1.78570482816813 1.31061227878119 -0.669753721724149 0.594697144159441 2.44546099987135 -5.16352909829632 0.58477505190986 -13.1164008998854 -18.7414049910109 20.1627476529743 0 16.2473004009562 -0.430134157384808 9.71817587954838 1.49407353347357 0.127331241381974 -0.915476819214167 0 0.168417195248612 1.72830990844793 -0.699646122753455 -0.11069143493692 0.1631679539956 1.35861408496677 
2.85349825055944 -9.6165230449366 7.29248250422184 14.2524333333841 3.39300922252844 17.7051188946725 4.58689363384009 -0.0771754043536146 22.3340620832211 -0.0698750087152584 -5.62973323617118 0.75073004968964 0.493731254899749 0.835357821451201 1.48790800912208 0.648290609674663 -1.57972421956701 1.78570482816813 1.31061227878119 -0.263169920194508 -0.555537694387854 4.51637977013196 -1.87978522269045 1.9397132244146 0 -15.6663152360899 23.2433208192668 17.3993106021543 16.2473004009562 6.39618085161605 12.1851239914937 -0.874160631966852 -0.23258512202305 0.173234727332943 2.06864346923709 -0.218893633949986 1.26593470395353 -1.70862130471907 0.461214881078906 0.276314886178036 0.892010547636082 
2.85216340300209 -12.1666011978717 9.98777341439285 1.63787080766069 3.39300922252844 -0.708025716668006 7.29032523263727 -0.0771754043536146 22.3340620832211 0 -0.420181627068752 0.465848313908022 0.240474139601213 -0.0877850179131071 1.48790800912208 0.495501579947538 -1.13388523669629 1.78570482816813 1.31061227878119 1.21117743209525 -0.58537630092603 2.28181713217954 -0.59676650599426 -6.11005571161399 11.1574549105519 -15.7762018467887 19.5119972246056 11.736142372124 0 -19.3184636123099 10.6914820638911 -0.874160631966852 0.383926654292236 -1.37556984118911 -0.170326258680004 -0.0874332195042786 1.89857760578793 -2.01234856421703 0.855582403072893 -1.17049035844882 0.393495418947887 
2.85325165913957 -9.6165230449366 3.94357362014408 2.38585161484585 3.51764245741891 0.422914800873452 7.29032523263727 -0.0771754043536146 22.5535605690226 2.1820443507666 14.3290552097974 0.595608745978963 0 -0.199159909728523 1.48126034934132 1.26292353507733 -1.13388523669629 1.78570482816813 1.31061227878119 0.695830386884432 0.594697144159441 3.00281728899703 -1.87978522269045 0.648153900121411 0 -21.8072595648967 3.13085404973517 17.8281334778425 17.5796595206622 8.05630675100549 0 -0.556049525763863 -0.23258512202305 -0.475964052419162 2.06864346923709 -0.37548392534977 -1.81739824908664 -1.34263849457849 0.960959317270182 -0.498499596658395 -0.222859324125042 
2.62133126855577 -9.6165230449366 10.7108050502887 2.38585161484585 3.51764245741891 0.422914800873452 7.29032523263727 -0.0771754043536146 22.5535605690226 5.17711064122948 1.77938435379387 0.595608745978963 0.493731254899749 -0.199159909728523 1.48126034934132 1.26292353507733 -1.13388523669629 1.78570482816813 1.31061227878119 0.840441204048899 -0.58537630092603 4.51637977013196 0 0.648153900121411 9.08221915638178 -21.8072595648967 3.13085404973517 17.3993106021543 19.3847518097305 7.65148613958223 0 -0.874160631966852 0 -0.475964052419162 -0.0593000749029685 -0.37548392534977 -1.81739824908664 -1.70862130471907 0.581065051635292 -0.0839662442654214 -0.222859324125042 
2.85465390065902 -12.1666011978717 2.748681126837 14.2524333333841 3.39300922252844 0.422914800873452 3.87830645131334 -0.0771754043536146 22.1180331470296 0.112371983175339 -2.78108200627895 0.706191634119578 0 0.557846121330674 1.48790800912208 1.26292353507733 0.678744244002153 1.78570482816813 1.31061227878119 1.24312016103096 -0.555537694387854 2.74256187432565 -2.50014811721637 5.0755332191128 9.08221915638178 -18.7414049910109 3.13085404973517 14.3139317407803 0 7.01382175367969 10.6914820638911 -0.874160631966852 -0.23258512202305 -1.25197365129458 -0.0593000749029685 0.0703606859223734 -1.81739824908664 -1.70862130471907 1.31819815025581 -0.0431338331211051 0.393495418947887 
2.85314768722572 -10.7294360689723 5.75512571609818 0 3.51764245741891 20.2661975590355 7.29032523263727 -0.0771754043536146 22.3340620832211 -0.249586676200659 14.3290552097974 0.120986552713899 0.75899016615422 -0.550279709692243 1.48126034934132 -0.163160931013134 -1.13388523669629 1.78570482816813 1.31061227878119 -0.794886108243319 0.594697144159441 3.80333167179643 -1.87978522269045 -0.1098511438397 -13.1164008998854 -18.7414049910109 0.235501334786184 17.3993106021543 0 7.65148613958223 14.8171766717998 -1.22532717235634 -0.23258512202305 -0.254479559261575 0 0.0703606859223734 -1.58524416192679 -1.70862130471907 0.855582403072893 -0.0839662442654214 0.38823505671147 
2.85314768722572 -12.1666011978717 10.7108050502887 -2.17944260206047 3.51764245741891 17.7051188946725 7.29032523263727 -0.0771754043536146 22.3340620832211 4.23307252327589 1.77938435379387 0.465848313908022 0.493731254899749 -0.0703306671512922 1.48126034934132 0.366502849043581 -1.13388523669629 1.78570482816813 1.31061227878119 0.695830386884432 -0.58537630092603 4.51637977013196 0 5.0755332191128 9.08221915638178 -19.8868149399929 20.1627476529743 15.8372696357487 19.3847518097305 7.65148613958223 12.1851239914937 -0.874160631966852 0 -1.25197365129458 -0.0593000749029685 -0.213647198962815 1.72830990844793 -1.23971485215692 0.581065051635292 0.0940661846818709 0.892010547636082 
2.8523801306885 -12.1666011978717 10.7108050502887 -2.17944260206047 3.51764245741891 17.7051188946725 7.29032523263727 -0.0771754043536146 22.3340620832211 2.95429646189059 14.3290552097974 0.465848313908022 0.493731254899749 -0.0703306671512922 1.48126034934132 0.366502849043581 -1.13388523669629 1.78570482816813 1.31061227878119 0.695830386884432 0.982588531376136 4.51637977013196 -3.04678725388217 5.0755332191128 0 -19.8868149399929 20.1627476529743 14.3139317407803 17.0349677846697 7.65148613958223 12.9934903765765 -0.874160631966852 0.359429379161181 -1.25197365129458 2.06864346923709 -0.213647198962815 1.72830990844793 -1.70862130471907 0.581065051635292 -0.0839662442654214 0.72873813975078 
2.85314768722572 -9.6165230449366 -14.9463756514231 14.944825664882 3.39300922252844 0.422914800873452 2.82187173304701 -0.0771754043536146 22.3340620832211 -3.21268244300162 15.9204401698524 0.595608745978963 -0.0115807310731992 0.557846121330674 1.48790800912208 1.26292353507733 0.79409043040317 1.78570482816813 1.31061227878119 -0.669753721724149 0.594697144159441 4.51637977013196 -3.04678725388217 0.58477505190986 0 -19.8868149399929 20.1627476529743 14.3139317407803 17.0349677846697 8.83477055739368 14.3178270497675 -0.874160631966852 0.359429379161181 -0.915476819214167 2.06864346923709 -0.213647198962815 1.72830990844793 -1.70862130471907 0.581065051635292 -0.0839662442654214 0.605950412613317 
2.562660651969 -12.1666011978717 -9.94904817601156 -1.13295898669537 3.39300922252844 0 7.29032523263727 -0.0771754043536146 23.4366599009776 -2.80035309344547 -5.62973323617118 0.465848313908022 0.964322587072068 0.0944221428010717 1.48790800912208 0.495501579947538 -1.67016754278455 1.78570482816813 1.25713961222542 0 -0.555537694387854 2.28181713217954 -1.87978522269045 -0.271948581222421 -13.1164008998854 -16.4030669781394 17.913320666162 11.736142372124 16.5177043778206 -19.3184636123099 12.1851239914937 -0.874160631966852 -0.475487350297853 -1.20682377498915 0 -0.0874332195042786 1.50988520317706 -2.01234856421703 0.0150200769328608 -1.17049035844882 0.892010547636082 
2.85314768722572 -9.6165230449366 9.87974431772239 14.2524333333841 3.39300922252844 17.7051188946725 -4.17879500686135 -0.0771754043536146 18.1124276659044 2.74427106315003 12.1445830739777 0.456478483582138 0.493731254899749 0.557846121330674 1.48790800912208 0.366502849043581 -0.164135479682188 1.78570482816813 1.32666692572025 0.776114509229602 1.02763989435399 4.98609058735244 2.03205918466302 1.38156475896554 -13.1164008998854 -19.8868149399929 0.235501334786184 21.2051998741483 19.3847518097305 1.96472470195253 0 -1.39452979016794 -0.0874955385446062 -0.960433059218541 0 -0.213647198962815 -1.2714512768022 -1.70862130471907 0.581065051635292 0.364780485040871 -0.044609132243604 
0.748595936178965 -12.1666011978717 -15.190604744335 1.63787080766069 1.21767469109859 0 7.29032523263727 -0.0771754043536146 22.5535605690226 0 14.3290552097974 0.465848313908022 0.439804895035831 0.0944221428010717 1.82581683343082 0.495501579947538 -1.13388523669629 1.78570482816813 1.31061227878119 1.21117743209525 0.594697144159441 2.28181713217954 -0.59676650599426 -4.74607243421304 -1.28871062490563 -16.4030669781394 19.5119972246056 11.736142372124 0 7.65148613958223 10.6914820638911 -0.874160631966852 0.383926654292236 -1.07454350298948 2.47059122459525 -0.0874332195042786 1.89857760578793 -2.01234856421703 0.855582403072893 -0.0839662442654214 0.393495418947887 
2.85314768722572 -7.88964496626968 10.7108050502887 3.53618742734482 3.39300922252844 17.7051188946725 -4.17879500686135 -0.0771754043536146 22.3340620832211 2.74427106315003 12.1445830739777 0.948098686713771 0.493731254899749 0.0944221428010717 1.48790800912208 0.366502849043581 -0.164135479682188 1.78570482816813 1.31061227878119 0.776114509229602 1.02763989435399 4.98609058735244 -1.87978522269045 5.0755332191128 -13.1164008998854 -19.8868149399929 20.2593803911048 0 16.2473004009562 1.96472470195253 12.1851239914937 -1.14434545644761 -0.23258512202305 -1.25197365129458 0.276910006593405 -0.519104421007961 0.549251931681881 -0.699646122753455 0.461214881078906 0.364780485040871 0.892010547636082 
2.85314768722572 -6.48989549679211 3.94357362014408 2.38585161484585 3.39300922252844 20.2661975590355 3.87830645131334 -0.0771754043536146 22.3340620832211 -0.0698750087152584 14.3290552097974 0.849124694615195 0 -0.199159909728523 1.48790800912208 -0.163160931013134 0.678744244002153 1.78570482816813 1.31061227878119 -0.263169920194508 0.438158357957452 4.51637977013196 -1.87978522269045 1.39058398219784 -13.1164008998854 -18.7414049910109 3.13085404973517 14.3139317407803 17.5796595206622 5.55246178456697 9.89809501096518 -0.395347612414205 -0.23258512202305 0.173234727332943 0 0.0703606859223734 -1.81739824908664 -1.70862130471907 0.960959317270182 0.376858007869151 0.393495418947887 
2.85314768722572 -6.48989549679211 3.94357362014408 3.53618742734482 3.39300922252844 20.2661975590355 0.900061611621671 -0.0771754043536146 22.3340620832211 -1.18299130587047 14.3290552097974 0.849124694615195 0 0.0944221428010717 1.48790800912208 -0.163160931013134 0.867401597927046 1.78570482816813 1.31061227878119 0.297739787720022 0.594697144159441 4.51637977013196 -1.87978522269045 -0.124588234291685 -13.1164008998854 -16.4030669781394 17.6326684363338 19.4777762421769 17.5796595206622 5.55246178456697 12.1851239914937 -0.395347612414205 -0.23258512202305 -1.13422238672349 0 -0.0874332195042786 1.50988520317706 -1.46783191220268 0.960959317270182 0.730317080705574 0.892010547636082 
2.85314768722572 -9.6165230449366 10.7108050502887 14.944825664882 3.51764245741891 17.7051188946725 2.82187173304701 -0.0771754043536146 22.524857254012 -1.07376052365813 -2.78108200627895 0.595608745978963 0.493731254899749 0.557846121330674 1.48126034934132 0.366502849043581 0.79409043040317 1.78570482816813 1.31061227878119 -0.669753721724149 -0.555537694387854 4.51637977013196 -3.04678725388217 5.0755332191128 0 -19.8868149399929 20.1627476529743 14.3139317407803 16.2473004009562 7.65148613958223 12.1851239914937 -0.874160631966852 0.359429379161181 -1.25197365129458 1.9038008793694 -0.213647198962815 1.72830990844793 -1.70862130471907 -0.11069143493692 -0.0839662442654214 0.892010547636082 
2.85314768722572 -8.49179961173413 10.7108050502887 0 3.39300922252844 0.422914800873452 7.29032523263727 -0.0771754043536146 22.3340620832211 -1.91388419615751 17.0164821041126 -0.622732090653261 0.493731254899749 -0.489680075994544 1.48790800912208 0.327895300014827 -1.13388523669629 1.78570482816813 1.31061227878119 -0.507482554520239 0.594697144159441 4.51637977013196 -1.87978522269045 1.39058398219784 0 -18.7414049910109 19.5119972246056 17.3993106021543 0 5.98963785727492 12.1851239914937 -0.874160631966852 -0.23258512202305 0.173234727332943 2.06864346923709 0.596201033334341 1.89857760578793 -1.70862130471907 0.855582403072893 -0.508200835743081 1.18609184725028 
2.85314768722572 -12.1666011978717 3.94357362014408 -2.17944260206047 3.51764245741891 17.7051188946725 7.29032523263727 -0.0771754043536146 22.5535605690226 1.83768806752641 14.3290552097974 0.465848313908022 0 0.299767819265727 1.48126034934132 0.366502849043581 -1.13388523669629 1.78570482816813 1.31061227878119 0.695830386884432 0.594697144159441 4.51637977013196 -1.87978522269045 4.71404998214638 9.08221915638178 -21.8072595648967 20.1627476529743 17.3993106021543 19.3847518097305 7.65148613958223 0 -0.874160631966852 -0.23258512202305 -1.67049825283256 -0.0593000749029685 -0.37548392534977 1.72830990844793 -1.70862130471907 0.581065051635292 -0.0839662442654214 -0.222859324125042 
2.85307086116648 -6.48989549679211 3.94357362014408 2.20236041951103 3.51764245741891 0.422914800873452 7.29032523263727 -0.0771754043536146 22.3340620832211 -0.0698750087152584 12.9287697474839 0.849124694615195 0 -0.391380287334965 1.48126034934132 0.0446554263050928 -1.13388523669629 1.78570482816813 1.31061227878119 -0.263169920194508 0.614833663769455 4.51637977013196 -1.87978522269045 -1.44657166371894 -13.1164008998854 -18.7414049910109 19.5119972246056 17.3993106021543 17.5796595206622 5.55246178456697 2.75226961623517 -0.395347612414205 -0.23258512202305 0.5316734790251 0 0.596201033334341 1.89857760578793 -1.70862130471907 0.960959317270182 0.376858007869151 -0.593212007700098 
2.85307086116648 -6.48989549679211 3.94357362014408 4.07541130903429 3.51764245741891 22.2155842611173 3.84524594240135 -0.0771754043536146 22.3340620832211 -0.0698750087152584 14.3290552097974 0.849124694615195 0 0.254543046655386 1.48126034934132 0.148396188136375 0 1.78570482816813 1.31061227878119 -0.263169920194508 0.594697144159441 2.74256187432565 -1.87978522269045 -0.124588234291685 -13.1164008998854 -21.5882046992836 17.6326684363338 19.4777762421769 17.5796595206622 5.55246178456697 12.1851239914937 -0.874160631966852 -0.23258512202305 -1.13422238672349 0 -0.672353881924578 1.50988520317706 -1.46783191220268 0.960959317270182 0.376858007869151 0.892010547636082 
2.85283533369343 -6.48989549679211 3.94357362014408 2.38585161484585 3.51764245741891 19.2685373649786 7.29032523263727 -0.0771754043536146 20.4839299288969 -0.0698750087152584 12.8991375851674 0.849124694615195 0 -0.199159909728523 1.48126034934132 -0.689528048443388 -1.13388523669629 1.78570482816813 1.31061227878119 -0.181233272222445 0.614833663769455 4.51637977013196 -1.87978522269045 0.648153900121411 -13.1164008998854 -21.8072595648967 17.6326684363338 17.3993106021543 17.5796595206622 5.55246178456697 0 -0.395347612414205 -0.23258512202305 -0.475964052419162 0 -0.37548392534977 1.50988520317706 -1.70862130471907 0.960959317270182 0.376858007869151 -0.222859324125042 
2.85307086116648 -6.48989549679211 3.94357362014408 3.53618742734482 3.51764245741891 0.451351733296808 7.29032523263727 -0.0771754043536146 22.3340620832211 0 12.8991375851674 0.849124694615195 0 0.0944221428010717 1.48126034934132 0.106729423304428 -1.13388523669629 1.78570482816813 1.31061227878119 1.21117743209525 0.614833663769455 4.51637977013196 -1.87978522269045 5.0755332191128 -13.1164008998854 -21.8072595648967 17.6326684363338 17.3993106021543 17.5796595206622 5.55246178456697 9.71817587954838 -0.395347612414205 -0.23258512202305 -1.07924685198313 0 -0.37548392534977 1.50988520317706 -1.70862130471907 0.960959317270182 0.376858007869151 1.35861408496677 
2.85307086116648 -6.48989549679211 3.94357362014408 3.53618742734482 3.39300922252844 0 -1.50253767857912 -0.0771754043536146 22.3340620832211 -3.3400324052619 12.8991375851674 0.849124694615195 0.563228950143432 0.0944221428010717 1.48790800912208 0.495501579947538 0.679548056148714 1.78570482816813 1.31061227878119 -0.0688787104323873 0.481079847538415 4.51637977013196 -1.87978522269045 1.38156475896554 -13.1164008998854 -16.4030669781394 19.9194423639772 17.3993106021543 0 -19.3184636123099 12.1851239914937 -0.395347612414205 -0.0235884780919127 -0.960433059218541 0 -0.0874332195042786 1.50988520317706 -1.70862130471907 0.855582403072893 -1.17049035844882 0.892010547636082 
2.85307086116648 -9.6165230449366 10.8829416225585 14.2524333333841 3.39300922252844 17.7051188946725 3.82697485749469 -0.0771754043536146 22.3340620832211 0.112371983175339 14.3290552097974 0.595608745978963 0.360241111307517 0.557846121330674 1.48790800912208 0.366502849043581 0.867401597927046 1.78570482816813 1.31061227878119 1.26911378693726 0.594697144159441 4.51637977013196 2.15796134896016 5.0755332191128 -13.1164008998854 7.20691330647418 0.235501334786184 0 0 7.65148613958223 12.1851239914937 -0.874160631966852 -0.0148059232508791 -1.07924685198313 0 -0.330267656282646 -1.58524416192679 -0.699646122753455 0.855582403072893 -0.0839662442654214 0.892010547636082 
2.85304364239642 -9.6165230449366 3.94357362014408 -2.17944260206047 3.39300922252844 17.7051188946725 3.84524594240135 -0.0771754043536146 22.3340620832211 -2.34404940944819 14.3290552097974 0.595608745978963 0 -0.0703306671512922 1.48790800912208 0.366502849043581 -0.0346782612217023 1.78570482816813 1.31061227878119 -0.804981097581322 0.594697144159441 4.51637977013196 2.78980048358897 1.38156475896554 0 -21.5882046992836 17.2311919893283 14.3139317407803 1.67189872354357 5.55246178456697 12.1851239914937 -0.874160631966852 0 -0.960433059218541 2.06864346923709 -0.672353881924578 1.72830990844793 -1.70862130471907 0.855582403072893 0.376858007869151 0.892010547636082 
2.85213375340425 -6.48989549679211 3.94357362014408 2.38585161484585 4.72041367824208 0.451351733296808 7.29032523263727 -0.0771754043536146 22.3205104660338 0 12.8991375851674 0.849124694615195 0 -0.199159909728523 1.41793987141826 0.106729423304428 -1.13388523669629 1.78570482816813 1.31061227878119 1.21117743209525 0.614833663769455 4.51637977013196 1.69765792542494 0.648153900121411 0.689426984330372 -13.3947139872213 19.5119972246056 17.3993106021543 17.5796595206622 5.55246178456697 0 -0.395347612414205 -0.75356473039536 -0.475964052419162 2.00257975313001 0.386139446402033 1.89857760578793 -1.70862130471907 0.37290774865677 0.376858007869151 -0.222859324125042 
2.85251322763588 -12.1666011978717 -14.9463756514231 1.63787080766069 3.39300922252844 0 7.29032523263727 -0.0771754043536146 21.8493821249806 0 14.3290552097974 0.465848313908022 -0.0115807310731992 0.0944221428010717 1.48790800912208 0.495501579947538 -1.13388523669629 1.78570482816813 1.31061227878119 1.21117743209525 0.594697144159441 4.51637977013196 -0.59676650599426 5.0755332191128 0 -16.4030669781394 19.5119972246056 11.736142372124 0 -19.3184636123099 10.6914820638911 -0.874160631966852 0.383926654292236 -1.07924685198313 1.52201228954923 -0.0874332195042786 1.89857760578793 -2.01234856421703 1.11982261307529 -1.17049035844882 0.393495418947887 
2.85304364239642 -10.6720878624227 2.748681126837 1.63787080766069 3.39300922252844 17.7051188946725 7.29032523263727 -0.0771754043536146 22.3340620832211 0 14.3290552097974 0.40581917302954 0 0.0944221428010717 1.48790800912208 0.366502849043581 -1.13388523669629 1.78570482816813 1.31061227878119 1.21117743209525 0.594697144159441 5.95894033303901 1.48886464593879 -4.74607243421304 9.08221915638178 7.20691330647418 19.5119972246056 18.981291747783 0 -19.3184636123099 10.6914820638911 -0.811705651074511 0.383926654292236 -1.07454350298948 -0.0593000749029685 -0.221321241404545 1.89857760578793 -1.81648324161139 0.855582403072893 -1.17049035844882 0.393495418947887 
2.85304364239642 -9.6165230449366 3.94357362014408 -2.17944260206047 3.39300922252844 15.1898058037226 3.77729579795957 -0.0771754043536146 22.3340620832211 -0.0698750087152584 14.3290552097974 0.595608745978963 0 -0.0703306671512922 1.48790800912208 0.366502849043581 0.522284992841205 1.78570482816813 1.31061227878119 -0.263169920194508 0.594697144159441 1.0774882979819 -1.87978522269045 1.38156475896554 -12.0957458302359 -22.187102599762 18.4523648542596 17.3993106021543 17.5796595206622 5.55246178456697 12.1851239914937 1.8741623808882 -0.23258512202305 -0.960433059218541 -0.548035830626281 -0.557547384722879 0.981966660568475 -1.70862130471907 0.960959317270182 0.376858007869151 0.892010547636082 
2.85304364239642 -10.788974185376 3.94357362014408 3.53618742734482 3.39300922252844 0 0.900061611621671 -0.0771754043536146 22.3340620832211 -3.3400324052619 12.8991375851674 0.414671552700303 0 0.0944221428010717 1.48790800912208 0.495501579947538 0.493199608420581 1.78570482816813 1.31061227878119 -0.0688787104323873 0.481079847538415 5.32626706051001 -1.87978522269045 5.0755332191128 -13.1164008998854 -16.4030669781394 24.1921625521696 17.3993106021543 0 -19.3184636123099 12.1851239914937 -0.473998068186454 -0.23258512202305 -1.25197365129458 0 -0.0874332195042786 1.46330180659113 -1.70862130471907 0.855582403072893 -1.17049035844882 0.892010547636082 
2.85304364239642 -12.1666011978717 6.02149024134105 3.53618742734482 3.39300922252844 0 0.900061611621671 -0.0771754043536146 22.3340620832211 0 12.8991375851674 0.465848313908022 0.0356107136772995 0.0944221428010717 1.48790800912208 0.495501579947538 0.867401597927046 1.78570482816813 1.31061227878119 1.21117743209525 0.406178087301635 2.28181713217954 -1.87978522269045 1.39058398219784 -13.1164008998854 14.9860957893478 21.8171540489267 11.736142372124 0 3.89367877249312 19.3137554298452 -0.874160631966852 -0.23258512202305 0.173234727332943 0 0 1.89857760578793 -2.01234856421703 1.01310846174746 -0.0839662442654214 1.02026555775211 
2.85304364239642 -8.49179961173413 10.7108050502887 0 3.39300922252844 0.422914800873452 7.29032523263727 -0.0771754043536146 22.3340620832211 -1.91388419615751 -5.62973323617118 -0.622732090653261 0.493731254899749 -0.489680075994544 1.48790800912208 0.0446554263050928 -1.13388523669629 1.78570482816813 1.31061227878119 0.0447745854383214 -0.555537694387854 4.51637977013196 -1.87978522269045 1.39058398219784 0 -18.7414049910109 19.5119972246056 17.3993106021543 0 5.98963785727492 12.1851239914937 -0.874160631966852 -0.23258512202305 0.173234727332943 2.06864346923709 0.596201033334341 1.89857760578793 -1.70862130471907 0.855582403072893 -0.626234735071768 0.892010547636082 
2.85374506623088 -12.1666011978717 3.94357362014408 -1.71432793141078 3.39300922252844 0.422914800873452 7.29032523263727 -0.0771754043536146 22.3340620832211 -2.80035309344547 -5.62973323617118 0.465848313908022 0 0.0821607542280855 1.48790800912208 1.26292353507733 -1.67016754278455 1.78570482816813 1.31061227878119 0 -0.555537694387854 4.51637977013196 2.78980048358897 1.38156475896554 0 -21.5882046992836 17.2311919893283 11.736142372124 16.5177043778206 -19.3184636123099 12.1851239914937 -0.874160631966852 0 -0.960433059218541 1.52201228954923 -0.672353881924578 1.72830990844793 -2.01234856421703 0.0196413580745654 -1.17049035844882 0.892010547636082 
2.85314768722572 -12.1666011978717 6.02149024134105 14.2524333333841 3.39300922252844 0 0.900061611621671 -0.0771754043536146 22.3340620832211 0 12.8991375851674 0.465848313908022 0.0356107136772995 0.557846121330674 1.48790800912208 0.495501579947538 0.867401597927046 1.78570482816813 1.31061227878119 1.21117743209525 0.481079847538415 2.28181713217954 -1.87978522269045 1.39058398219784 9.08221915638178 14.9860957893478 0.235501334786184 17.3993106021543 0 3.89367877249312 12.1851239914937 -0.874160631966852 -0.23258512202305 0.173234727332943 -0.0593000749029685 0 -1.58524416192679 -1.70862130471907 0.855582403072893 -0.0839662442654214 0.892010547636082 
2.85282505739307 -12.1666011978717 3.94357362014408 3.53618742734482 3.51764245741891 0.422914800873452 -1.50253767857912 -0.0771754043536146 22.3340620832211 -3.3400324052619 -2.78108200627895 0.706191634119578 0 0.0944221428010717 1.48126034934132 1.26292353507733 0.679548056148714 1.78570482816813 1.31061227878119 -0.0688787104323873 -0.555537694387854 4.51637977013196 -2.63655989679348 1.38156475896554 -13.1164008998854 -18.7414049910109 19.9194423639772 17.3993106021543 19.3847518097305 7.65148613958223 0 -0.395347612414205 -1.22670822586711 -0.960433059218541 0 0.0703606859223734 1.50988520317706 -1.70862130471907 0.581065051635292 -0.0839662442654214 -0.044609132243604 
2.85331688798802 -6.48989549679211 2.748681126837 3.53618742734482 3.51764245741891 0.422914800873452 -1.50253767857912 -0.0771754043536146 22.3340620832211 0.112371983175339 -2.78108200627895 0.849124694615195 0 0.0944221428010717 1.48126034934132 1.26292353507733 0.679548056148714 1.78570482816813 1.31061227878119 1.24312016103096 -0.555537694387854 4.51637977013196 -2.63655989679348 5.0755332191128 -13.1164008998854 -18.7414049910109 3.13085404973517 19.4777762421769 0 7.65148613958223 12.1851239914937 -0.874160631966852 -1.22670822586711 -1.25197365129458 0 0.0703606859223734 -1.81739824908664 -1.46783191220268 0.855582403072893 -0.0839662442654214 0.892010547636082 
2.85258881000389 -9.6165230449366 8.31972297100337 0 3.39300922252844 0.422914800873452 2.82187173304701 -0.0771754043536146 22.3340620832211 2.95429646189059 12.0852898874717 0.595608745978963 0.236463706547611 -0.550279709692243 1.48790800912208 0.389900489700912 0.79409043040317 1.78570482816813 1.31061227878119 0.695830386884432 1.02763989435399 0 -1.87978522269045 0.58477505190986 0 7.20691330647418 0.235501334786184 14.3139317407803 0 7.65148613958223 14.8171766717998 1.97945172897515 -0.23258512202305 -0.915476819214167 2.06864346923709 -0.221321241404545 -1.58524416192679 -1.70862130471907 0.855582403072893 -0.0839662442654214 0.38823505671147 
1.57142565333233 -9.6165230449366 10.7108050502887 16.4148814729019 3.39300922252844 17.7051188946725 3.87830645131334 -0.0771754043536146 18.1124276659044 -0.854091183493886 12.1445830739777 0.778663264717284 0.493731254899749 0.912615414565715 1.48790800912208 0.366502849043581 0.678744244002153 1.78570482816813 1.32666692572025 0.518720122295767 1.02763989435399 2.74256187432565 -1.87978522269045 1.38156475896554 0 -19.8868149399929 20.1627476529743 -1.56733179398222 19.3847518097305 1.96472470195253 9.71817587954838 -0.874160631966852 -0.475487350297853 -0.960433059218541 2.06864346923709 -0.213647198962815 1.72830990844793 -0.597773463976464 0.581065051635292 0.364780485040871 1.35861408496677 
2.85185714873173 -8.49179961173413 10.7108050502887 0.634459227479276 3.39300922252844 0.422914800873452 7.29032523263727 -0.0771754043536146 22.3340620832211 -1.91388419615751 14.3290552097974 -0.622732090653261 0.493731254899749 -0.462095648484349 1.48790800912208 1.26292353507733 -1.13388523669629 1.78570482816813 1.31061227878119 -0.507482554520239 0.594697144159441 3.00281728899703 -2.77656996186197 -4.74607243421304 0 -16.4030669781394 3.13085404973517 11.736142372124 0 7.65148613958223 12.1851239914937 -0.556049525763863 -0.520821364410604 -1.07454350298948 2.06864346923709 -0.0874332195042786 -1.81739824908664 -2.01234856421703 0.855582403072893 -0.0839662442654214 1.18609184725028 
2.85226753047078 -8.99733271170283 5.75512571609818 14.944825664882 3.39300922252844 17.7051188946725 2.82187173304701 -0.0771754043536146 22.3340620832211 -1.07376052365813 12.0852898874717 0.340406332230385 0.75899016615422 0.557846121330674 1.48790800912208 0.366502849043581 0.79409043040317 1.78570482816813 1.31061227878119 -0.669753721724149 1.02763989435399 1.66167516152452 -3.04678725388217 -0.1098511438397 0 -19.8868149399929 0.235501334786184 14.3139317407803 0 7.65148613958223 14.8171766717998 2.00477737533151 0.359429379161181 -0.254479559261575 2.06864346923709 -0.213647198962815 -1.58524416192679 -1.70862130471907 0.855582403072893 -0.0839662442654214 0.38823505671147 
2.56893598292203 -9.88237599245383 9.87974431772239 -2.17944260206047 3.39300922252844 17.7051188946725 3.77729579795957 -0.0771754043536146 22.3340620832211 2.74427106315003 14.3290552097974 0.965145351535243 0.493731254899749 -0.0703306671512922 1.48790800912208 0.648290609674663 0.522284992841205 1.78570482816813 1.31061227878119 0.776114509229602 0.594697144159441 4.51637977013196 -1.87978522269045 1.38156475896554 -12.0957458302359 -16.4030669781394 18.4523648542596 17.3993106021543 17.5796595206622 5.55246178456697 12.1851239914937 -0.874160631966852 -0.23258512202305 -0.960433059218541 -0.548035830626281 -0.0874332195042786 0.981966660568475 -1.70862130471907 0.960959317270182 0.376858007869151 0.892010547636082 
2.8539132536181 -10.6720878624227 2.748681126837 14.2524333333841 3.39300922252844 17.7051188946725 7.29032523263727 -0.0771754043536146 24.7021864239137 -0.0698750087152584 -5.62973323617118 0.40581917302954 0 0.557846121330674 1.48790800912208 0.366502849043581 -1.13388523669629 1.78570482816813 1.31061227878119 -0.263169920194508 -0.555537694387854 4.51637977013196 -1.87978522269045 5.0755332191128 0 -18.7414049910109 19.5119972246056 17.3993106021543 16.2473004009562 2.46681678468213 12.1851239914937 -0.874160631966852 -0.23258512202305 -1.07924685198313 2.06864346923709 0.0703606859223734 1.89857760578793 -1.70862130471907 0.136895382593803 0.623644842446616 0.892010547636082 
0 -9.6165230449366 2.748681126837 16.3220977098318 3.51764245741891 20.2661975590355 7.29032523263727 -0.197308841532706 24.7021864239137 -2.34404940944819 -5.62973323617118 0.778663264717284 0 0.912615414565715 1.48126034934132 -0.163160931013134 -1.13388523669629 2.13255532812912 1.31061227878119 -0.804981097581322 -0.555537694387854 4.51637977013196 -2.63655989679348 1.9397132244146 0 -19.8868149399929 19.5119972246056 16.0483554222613 1.67189872354357 3.89367877249312 12.1851239914937 -0.874160631966852 -1.22670822586711 0.173234727332943 2.06864346923709 -0.213647198962815 1.89857760578793 -1.84185333067638 0.855582403072893 -0.0839662442654214 0.892010547636082 
2.61000072600185 -12.1666011978717 -15.2835830421111 -2.17944260206047 3.39300922252844 0.422914800873452 7.29032523263727 -0.0771754043536146 24.7021864239137 -0.0698750087152584 -2.78108200627895 0.706191634119578 -0.0115807310731992 -0.0703306671512922 1.48790800912208 1.26292353507733 -1.13388523669629 1.78570482816813 1.31061227878119 -0.263169920194508 -0.555537694387854 4.51637977013196 -1.87978522269045 1.39058398219784 0 -18.7414049910109 3.13085404973517 19.4777762421769 16.2473004009562 2.46681678468213 12.1851239914937 -0.874160631966852 -0.23258512202305 0.173234727332943 2.06864346923709 0.0703606859223734 -1.81739824908664 -1.46783191220268 0.136895382593803 0.623644842446616 0.892010547636082 
2.85308208186642 -9.6165230449366 -15.2835830421111 14.2524333333841 3.51764245741891 17.7051188946725 2.82187173304701 -0.0771754043536146 24.7021864239137 -0.0698750087152584 -2.78108200627895 0.595608745978963 -0.0115807310731992 0.557846121330674 1.48126034934132 0.648290609674663 0.79409043040317 1.78570482816813 1.31061227878119 -0.263169920194508 -0.555537694387854 4.51637977013196 -3.04678725388217 1.39058398219784 0 -19.8868149399929 19.5119972246056 14.3139317407803 16.2473004009562 2.46681678468213 12.1851239914937 -0.874160631966852 0.359429379161181 0.173234727332943 2.06864346923709 -0.213647198962815 1.89857760578793 -1.70862130471907 -0.11069143493692 0.623644842446616 0.892010547636082 
2.36023650536628 -9.6165230449366 3.94357362014408 -2.17944260206047 0.560331688663145 0 1.25116983368116 -0.0771754043536146 17.5846971689652 1.83768806752641 0.859344329386645 0.75073004968964 0 -0.0703306671512922 1.0263784263173 0.495501579947538 1.19178966805422 1.78570482816813 1.32666692572025 0.695830386884432 -0.482445960176385 4.51637977013196 -1.87978522269045 5.0755332191128 9.08221915638178 14.9860957893478 19.4030165241812 17.3993106021543 0 3.89367877249312 0 -0.874160631966852 -0.23258512202305 -1.25197365129458 -0.0593000749029685 0 2.40272347116504 -1.70862130471907 1.01310846174746 -0.0839662442654214 -0.222859324125042 
2.61930163874916 -6.48989549679211 8.31972297100337 3.53618742734482 3.39300922252844 17.7051188946725 -0.0593543014998317 -0.0771754043536146 22.3340620832211 0 12.1445830739777 0.849124694615195 0.236463706547611 0.0944221428010717 1.48790800912208 0.654347718523046 0.351294010501026 1.78570482816813 1.31061227878119 1.21117743209525 1.02763989435399 4.51637977013196 2.78980048358897 0.58477505190986 -13.1164008998854 -19.8868149399929 17.2311919893283 17.3993106021543 0 5.55246178456697 9.71817587954838 -0.395347612414205 0 -0.915476819214167 0 -0.213647198962815 1.83793593355358 -1.70862130471907 0.855582403072893 0.376858007869151 1.35861408496677 
2.85261724359723 -6.48989549679211 3.94357362014408 0 3.51764245741891 0.422914800873452 3.82697485749469 -0.0771754043536146 22.3340620832211 -0.0698750087152584 12.8991375851674 0.849124694615195 0 -0.0463373335247568 1.48126034934132 1.26292353507733 0.867401597927046 1.78570482816813 1.31061227878119 -0.181233272222445 0.614833663769455 4.51637977013196 -1.87978522269045 5.0755332191128 -13.1164008998854 -21.8072595648967 3.13085404973517 17.3993106021543 17.5796595206622 8.70853921752821 12.1851239914937 -0.874160631966852 -0.23258512202305 -1.07924685198313 0 -0.37548392534977 -1.81739824908664 -1.70862130471907 0.960959317270182 -0.447767321117114 0.892010547636082 
2.85185714873173 -9.6165230449366 3.94357362014408 -1.71432793141078 3.39300922252844 0.422914800873452 2.82187173304701 -0.0771754043536146 22.5535605690226 0 12.8991375851674 0.595608745978963 0 0.0821607542280855 1.48790800912208 1.26292353507733 0.79409043040317 1.78570482816813 1.31061227878119 1.21117743209525 0.614833663769455 4.51637977013196 -3.04678725388217 -0.1098511438397 0 -13.3947139872213 20.1627476529743 17.3993106021543 17.0349677846697 7.65148613958223 12.1851239914937 -0.395347612414205 0.359429379161181 -0.525876876779775 1.52201228954923 0.386139446402033 1.72830990844793 -1.70862130471907 0.581065051635292 -0.0839662442654214 0.892010547636082 
1.57142565333233 -12.2044043559602 10.7108050502887 3.23005655930846 3.39300922252844 17.7051188946725 3.87830645131334 -0.0771754043536146 22.524857254012 -1.07376052365813 -2.78108200627895 0.778663264717284 0.493731254899749 1.20186968389986 1.48790800912208 0.366502849043581 0.678744244002153 1.78570482816813 1.31061227878119 -0.669753721724149 -0.555537694387854 2.74256187432565 -1.87978522269045 0.58477505190986 0 -16.4030669781394 20.1627476529743 0 16.2473004009562 7.65148613958223 9.71817587954838 -0.798595983343476 -0.475487350297853 -0.915476819214167 2.06864346923709 -0.0874332195042786 1.72830990844793 -0.699646122753455 -0.11069143493692 -0.0839662442654214 1.35861408496677 
2.85304364239642 -9.6165230449366 7.29248250422184 1.63787080766069 3.39300922252844 17.7051188946725 7.29032523263727 -0.0771754043536146 22.3340620832211 -0.0698750087152584 14.3290552097974 0.75073004968964 0.493731254899749 0.0944221428010717 1.48790800912208 0.648290609674663 -1.13388523669629 1.78570482816813 1.31061227878119 -0.263169920194508 0.594697144159441 5.95894033303901 -1.87978522269045 1.9397132244146 9.08221915638178 -15.6663152360899 19.5119972246056 17.3993106021543 0 6.39618085161605 10.6914820638911 -0.811705651074511 -0.23258512202305 0.173234727332943 -0.0593000749029685 -0.218893633949986 1.89857760578793 -1.70862130471907 0.855582403072893 0.276314886178036 0.393495418947887 
2.85304364239642 -8.99733271170283 5.75512571609818 1.63787080766069 3.51764245741891 20.2661975590355 7.29032523263727 -0.0771754043536146 22.3340620832211 0 -0.420181627068752 0.340406332230385 0.75899016615422 -0.0877850179131071 1.48126034934132 -0.163160931013134 -1.13388523669629 1.78570482816813 1.31061227878119 1.21117743209525 -0.58537630092603 2.74256187432565 -0.59676650599426 -0.1098511438397 11.1574549105519 -16.4030669781394 19.5119972246056 11.736142372124 0 -19.3184636123099 14.8171766717998 -0.874160631966852 0.383926654292236 -0.254479559261575 -0.170326258680004 -0.0874332195042786 1.89857760578793 -2.01234856421703 0.855582403072893 -1.17049035844882 0.38823505671147 
2.85265509800914 -9.6165230449366 5.75512571609818 2.38585161484585 3.51764245741891 0.422914800873452 7.29032523263727 -0.0771754043536146 22.5535605690226 0.112371983175339 14.3290552097974 0.595608745978963 0.75899016615422 -0.199159909728523 1.48126034934132 0.389900489700912 -1.13388523669629 1.78570482816813 1.31061227878119 1.24312016103096 0.594697144159441 3.00281728899703 -1.87978522269045 -0.1098511438397 0 7.20691330647418 3.13085404973517 17.3993106021543 17.5796595206622 7.65148613958223 0 -0.556049525763863 -0.23258512202305 -0.254479559261575 2.06864346923709 -0.221321241404545 -1.81739824908664 -1.70862130471907 0.960959317270182 -0.0839662442654214 -0.222859324125042 
0 -12.1666011978717 10.7108050502887 2.38585161484585 3.51764245741891 0.422914800873452 7.29032523263727 -0.197308841532706 22.5535605690226 -0.0698750087152584 1.77938435379387 0.706191634119578 0.493731254899749 -0.199159909728523 1.48126034934132 1.26292353507733 -1.13388523669629 2.13255532812912 1.31061227878119 -0.263169920194508 -0.58537630092603 4.51637977013196 -1.87978522269045 1.9397132244146 0 -18.7414049910109 3.13085404973517 16.0483554222613 19.3847518097305 2.46681678468213 0 -0.874160631966852 -0.23258512202305 0.173234727332943 2.06864346923709 0.0703606859223734 -1.81739824908664 -1.84185333067638 0.581065051635292 0.623644842446616 -0.222859324125042 
2.85304364239642 -12.1666011978717 -14.9463756514231 1.63787080766069 3.39300922252844 0 3.87830645131334 -0.0771754043536146 22.3340620832211 0 14.3290552097974 0.465848313908022 -0.0115807310731992 0.0944221428010717 1.48790800912208 0.495501579947538 0.678744244002153 1.78570482816813 1.31061227878119 1.21117743209525 0.594697144159441 2.74256187432565 -2.50014811721637 5.0755332191128 0 -18.7414049910109 3.13085404973517 14.3139317407803 0 7.01382175367969 10.6914820638911 -0.874160631966852 -0.23258512202305 -1.25197365129458 1.52201228954923 0.0703606859223734 -1.81739824908664 -1.70862130471907 0.855582403072893 -0.0431338331211051 0.393495418947887 
2.85314768722572 -8.99733271170283 5.75512571609818 3.53618742734482 3.39300922252844 0 0.900061611621671 -0.0771754043536146 22.3340620832211 -0.249586676200659 14.3290552097974 0.340406332230385 0.75899016615422 0.0944221428010717 1.48790800912208 0.495501579947538 0.867401597927046 1.78570482816813 1.31061227878119 -0.794886108243319 0.594697144159441 2.74256187432565 -1.87978522269045 1.39058398219784 -13.1164008998854 -18.7414049910109 21.8171540489267 17.3993106021543 0 7.65148613958223 18.5943648158546 -0.874160631966852 -0.23258512202305 0.173234727332943 0 0.0703606859223734 1.89857760578793 -1.70862130471907 1.01310846174746 -0.0839662442654214 0.5910720820404 
2.85269303993233 -12.1666011978717 10.7108050502887 14.2524333333841 3.51764245741891 17.7051188946725 7.29032523263727 -0.0771754043536146 22.3340620832211 4.23307252327589 -2.78108200627895 0.465848313908022 0.493731254899749 0.557846121330674 1.48126034934132 0.366502849043581 -1.13388523669629 1.78570482816813 1.31061227878119 0.695830386884432 -0.555537694387854 2.74256187432565 -2.50014811721637 5.0755332191128 9.08221915638178 -18.7414049910109 20.1627476529743 17.3993106021543 19.3847518097305 7.01382175367969 10.6914820638911 -0.874160631966852 -0.23258512202305 -1.25197365129458 -0.0593000749029685 0.0703606859223734 1.72830990844793 -1.70862130471907 0.581065051635292 -0.0431338331211051 0.393495418947887 
2.85360211041643 -12.1666011978717 2.748681126837 14.2524333333841 3.39300922252844 0.422914800873452 3.87830645131334 -0.0771754043536146 22.1180331470296 2.95429646189059 14.3290552097974 0.465848313908022 0 0.557846121330674 1.48790800912208 1.26292353507733 0.678744244002153 1.78570482816813 1.31061227878119 0.695830386884432 0.594697144159441 4.51637977013196 -2.50014811721637 5.0755332191128 9.08221915638178 -18.7414049910109 20.1627476529743 14.3139317407803 17.0349677846697 7.01382175367969 10.6914820638911 -0.874160631966852 -0.23258512202305 -1.25197365129458 -0.0593000749029685 0.0703606859223734 1.72830990844793 -1.70862130471907 0.581065051635292 -0.0431338331211051 0.393495418947887 
2.5694115145838 -9.6165230449366 -14.9463756514231 14.944825664882 0 0.422914800873452 2.82187173304701 -0.0771754043536146 22.3340620832211 -1.07376052365813 14.3290552097974 0.595608745978963 -0.0115807310731992 0.557846121330674 0.860422585560206 1.26292353507733 0.79409043040317 1.78570482816813 1.31061227878119 -0.669753721724149 0.594697144159441 4.51637977013196 -5.16352909829632 0.58477505190986 0 -19.8868149399929 20.1627476529743 14.3139317407803 16.2473004009562 8.83477055739368 12.1851239914937 -0.874160631966852 0.127331241381974 -0.915476819214167 2.06864346923709 -0.213647198962815 1.72830990844793 -1.70862130471907 -0.11069143493692 -0.0839662442654214 0.892010547636082 
2.85304364239642 -12.1666011978717 3.94357362014408 3.53618742734482 3.51764245741891 0.451351733296808 7.29032523263727 -0.0771754043536146 22.3340620832211 -2.80035309344547 12.8991375851674 0.465848313908022 0 0.0944221428010717 1.48126034934132 0.106729423304428 -1.13388523669629 1.78570482816813 1.31061227878119 0 0.614833663769455 4.51637977013196 -1.87978522269045 -0.271948581222421 -13.1164008998854 -16.4030669781394 17.913320666162 11.736142372124 17.5796595206622 5.55246178456697 9.71817587954838 -0.395347612414205 -0.475487350297853 -1.20682377498915 0 -0.0874332195042786 1.50988520317706 -2.01234856421703 0.960959317270182 0.376858007869151 1.35861408496677 
2.85265509800914 -6.48989549679211 9.87974431772239 14.2524333333841 3.51764245741891 0.451351733296808 -4.17879500686135 -0.0771754043536146 22.3340620832211 0 12.1445830739777 0.849124694615195 0.493731254899749 0.557846121330674 1.48126034934132 0.106729423304428 -0.164135479682188 1.78570482816813 1.31061227878119 1.21117743209525 1.02763989435399 4.98609058735244 2.03205918466302 5.0755332191128 -13.1164008998854 -21.8072595648967 17.6326684363338 17.3993106021543 19.3847518097305 5.55246178456697 0 -1.39452979016794 -0.0874955385446062 -1.07924685198313 0 -0.37548392534977 1.50988520317706 -1.70862130471907 0.581065051635292 0.376858007869151 -0.044609132243604 
2.85314768722572 -12.1666011978717 -15.190604744335 -2.17944260206047 3.51764245741891 0 7.29032523263727 -0.0771754043536146 22.5535605690226 1.83768806752641 14.3290552097974 0.465848313908022 0.439804895035831 -0.0703306671512922 1.48126034934132 0.495501579947538 -1.13388523669629 1.78570482816813 1.31061227878119 0.695830386884432 0.594697144159441 2.28181713217954 -1.87978522269045 5.0755332191128 0 -21.8072595648967 20.1627476529743 11.736142372124 19.3847518097305 7.65148613958223 0 -0.874160631966852 -0.23258512202305 -1.25197365129458 2.06864346923709 -0.37548392534977 1.72830990844793 -2.01234856421703 0.581065051635292 -0.0839662442654214 -0.222859324125042 
2.85283533369343 -7.88964496626968 2.748681126837 3.53618742734482 3.51764245741891 17.7051188946725 -4.17879500686135 -0.0771754043536146 22.3340620832211 2.74427106315003 -2.78108200627895 0.948098686713771 0 0.0944221428010717 1.48126034934132 0.366502849043581 -0.164135479682188 1.78570482816813 1.31061227878119 0.776114509229602 -0.555537694387854 4.98609058735244 -2.63655989679348 5.0755332191128 -13.1164008998854 -18.7414049910109 3.13085404973517 19.4777762421769 16.2473004009562 1.96472470195253 12.1851239914937 -1.14434545644761 -1.22670822586711 -1.25197365129458 0 0.0703606859223734 -1.81739824908664 -1.46783191220268 0.461214881078906 0.364780485040871 0.892010547636082 
2.85377042757666 -12.1666011978717 -15.2835830421111 14.2524333333841 3.39300922252844 20.2661975590355 7.29032523263727 -0.0771754043536146 24.7021864239137 -0.0698750087152584 -2.78108200627895 0.706191634119578 -0.0115807310731992 0.557846121330674 1.48790800912208 -0.163160931013134 -1.13388523669629 1.78570482816813 1.31061227878119 -0.263169920194508 -0.555537694387854 4.51637977013196 -1.87978522269045 1.39058398219784 -13.1164008998854 -18.7414049910109 3.13085404973517 19.4777762421769 17.5796595206622 5.55246178456697 0 -0.395347612414205 -0.23258512202305 0.173234727332943 0 0.0703606859223734 -1.81739824908664 -1.46783191220268 0.960959317270182 0.376858007869151 -0.044609132243604 
2.85244677936796 -6.48989549679211 3.94357362014408 16.3220977098318 3.51764245741891 20.2661975590355 0.900061611621671 -0.0771754043536146 18.1124276659044 -2.34404940944819 14.3290552097974 0.849124694615195 0 0.912615414565715 1.48126034934132 -0.163160931013134 0.867401597927046 1.78570482816813 1.32666692572025 -1.0642918740326 0.594697144159441 4.51637977013196 -2.63655989679348 5.0755332191128 -13.1164008998854 -16.4030669781394 17.6326684363338 19.4777762421769 17.5796595206622 5.55246178456697 0 -0.874160631966852 -1.22670822586711 -1.25197365129458 0 -0.0874332195042786 1.50988520317706 -1.46783191220268 0.960959317270182 0.376858007869151 -0.044609132243604 
2.85304364239642 -9.6165230449366 10.7108050502887 0 3.51764245741891 17.7051188946725 2.82187173304701 -0.0771754043536146 22.524857254012 -1.07376052365813 -2.78108200627895 0.595608745978963 0.493731254899749 -0.0463373335247568 1.48126034934132 0.366502849043581 0.79409043040317 1.78570482816813 1.31061227878119 -0.669753721724149 -0.555537694387854 4.51637977013196 1.48886464593879 5.0755332191128 0 -19.8868149399929 3.13085404973517 14.3139317407803 0.109013718091423 8.70853921752821 12.1851239914937 -0.874160631966852 0.383926654292236 -1.07924685198313 1.52201228954923 -0.213647198962815 -1.81739824908664 -1.70862130471907 1.074596213789 -0.447767321117114 0.892010547636082 
2.85314768722572 -6.48989549679211 10.7108050502887 0 3.39300922252844 0 -1.50253767857912 -0.0771754043536146 22.3340620832211 -3.3400324052619 17.0164821041126 0.849124694615195 0.493731254899749 -0.489680075994544 1.48790800912208 0.495501579947538 0.679548056148714 1.78570482816813 1.31061227878119 -0.0688787104323873 0.594697144159441 4.51637977013196 -1.87978522269045 1.39058398219784 -13.1164008998854 -16.4030669781394 19.5119972246056 17.3993106021543 0 5.98963785727492 12.1851239914937 -0.874160631966852 -0.23258512202305 0.173234727332943 0 -0.0874332195042786 1.89857760578793 -1.70862130471907 0.855582403072893 -0.508200835743081 1.18609184725028 
2.85314768722572 -12.1666011978717 3.94357362014408 3.53618742734482 3.51764245741891 20.2661975590355 7.29032523263727 -0.0771754043536146 22.5535605690226 1.83768806752641 14.3290552097974 0.465848313908022 0 0.0944221428010717 1.48126034934132 -0.163160931013134 -1.13388523669629 1.78570482816813 1.31061227878119 0.695830386884432 0.594697144159441 4.51637977013196 -1.87978522269045 5.0755332191128 -13.1164008998854 -16.4030669781394 17.6326684363338 19.4777762421769 19.3847518097305 5.55246178456697 12.1851239914937 -0.395347612414205 -0.23258512202305 -1.25197365129458 0 -0.0874332195042786 1.50988520317706 -1.46783191220268 0.581065051635292 0.730317080705574 0.892010547636082 
2.85314768722572 -6.48989549679211 2.748681126837 2.38585161484585 3.51764245741891 17.7051188946725 7.29032523263727 -0.0771754043536146 22.3340620832211 0 12.9287697474839 0.849124694615195 0 -0.199159909728523 1.48126034934132 0.366502849043581 -1.13388523669629 1.78570482816813 1.31061227878119 1.21117743209525 0.614833663769455 4.51637977013196 1.48886464593879 1.39058398219784 -13.1164008998854 -18.7414049910109 19.5119972246056 17.3993106021543 0 5.55246178456697 2.75226961623517 -0.395347612414205 0.383926654292236 0.173234727332943 0 0.596201033334341 1.89857760578793 -1.70862130471907 0.855582403072893 0.376858007869151 -0.593212007700098 
1.57142565333233 -12.1666011978717 3.94357362014408 4.07541130903429 3.51764245741891 0.422914800873452 3.84524594240135 2.77664447819192 22.3340620832211 -0.0698750087152584 -2.78108200627895 0.706191634119578 0 0.254543046655386 1.48126034934132 1.26292353507733 0 1.78570482816813 1.31061227878119 -0.263169920194508 -0.555537694387854 2.74256187432565 -1.87978522269045 -0.124588234291685 -12.0957458302359 -21.5882046992836 3.13085404973517 19.4777762421769 17.5796595206622 7.65148613958223 12.1851239914937 -0.874160631966852 -0.23258512202305 -1.13422238672349 -0.548035830626281 -0.672353881924578 -1.81739824908664 -1.46783191220268 0.960959317270182 -0.0839662442654214 0.892010547636082 
2.85283533369343 -9.6165230449366 3.94357362014408 2.38585161484585 3.51764245741891 20.2661975590355 3.82697485749469 -0.0771754043536146 18.1124276659044 -2.34404940944819 -2.78108200627895 0.778663264717284 0 -0.199159909728523 1.48126034934132 -0.163160931013134 0.867401597927046 1.78570482816813 1.32666692572025 -1.0642918740326 -0.555537694387854 4.51637977013196 -1.87978522269045 5.0755332191128 -13.1164008998854 -21.8072595648967 17.2311919893283 14.3139317407803 17.5796595206622 5.55246178456697 0 -0.874160631966852 -0.23258512202305 -1.25197365129458 0 -0.37548392534977 1.72830990844793 -1.70862130471907 0.960959317270182 0.376858007869151 -0.222859324125042 
2.85265509800914 -12.2044043559602 3.94357362014408 16.4148814729019 3.39300922252844 0.451351733296808 7.29032523263727 -0.0771754043536146 18.1124276659044 -0.854091183493886 -2.78108200627895 0.778663264717284 0 0.912615414565715 1.48790800912208 0.106729423304428 -1.13388523669629 1.78570482816813 1.32666692572025 0.518720122295767 -0.555537694387854 4.51637977013196 -1.87978522269045 5.0755332191128 0 -16.4030669781394 20.1627476529743 17.3993106021543 19.3847518097305 5.55246178456697 9.71817587954838 -0.395347612414205 -0.475487350297853 -1.07924685198313 2.06864346923709 -0.0874332195042786 1.72830990844793 -1.70862130471907 0.581065051635292 0.376858007869151 1.35861408496677 
2.85307086116648 -6.48989549679211 3.94357362014408 3.53618742734482 3.39300922252844 0 3.87830645131334 -0.0771754043536146 22.3340620832211 -3.3400324052619 -2.78108200627895 0.849124694615195 0 0.0944221428010717 1.48790800912208 0.495501579947538 0.678744244002153 1.78570482816813 1.31061227878119 -0.0688787104323873 -0.555537694387854 2.74256187432565 -1.87978522269045 5.5547055578114 -13.1164008998854 -16.4030669781394 20.1627476529743 -1.56733179398222 19.3847518097305 7.65148613958223 12.1851239914937 -0.798595983343476 -0.475487350297853 -1.25197365129458 0 -0.0874332195042786 1.72830990844793 -0.597773463976464 0.581065051635292 -0.0839662442654214 0.892010547636082 
2.85269303993233 -9.6165230449366 10.8829416225585 1.63787080766069 3.39300922252844 -0.708025716668006 7.29032523263727 -0.0771754043536146 22.3340620832211 0.112371983175339 -0.420181627068752 0.595608745978963 0.360241111307517 -0.0877850179131071 1.48790800912208 0.495501579947538 -1.13388523669629 1.78570482816813 1.31061227878119 1.26911378693726 -0.58537630092603 2.28181713217954 2.15796134896016 -6.11005571161399 11.1574549105519 7.20691330647418 19.5119972246056 11.736142372124 0 -19.3184636123099 10.6914820638911 -0.874160631966852 -0.0148059232508791 -1.37556984118911 -0.170326258680004 -0.221321241404545 1.89857760578793 -2.01234856421703 0.855582403072893 -1.17049035844882 0.393495418947887 
2.85314768722572 -6.48989549679211 3.94357362014408 -2.17944260206047 3.39300922252844 17.7051188946725 3.84524594240135 -0.0771754043536146 22.3340620832211 -2.34404940944819 14.3290552097974 0.849124694615195 0 -0.0703306671512922 1.48790800912208 0.366502849043581 0 1.78570482816813 1.31061227878119 -0.804981097581322 0.594697144159441 4.51637977013196 2.78980048358897 1.38156475896554 0 -16.4030669781394 19.9194423639772 17.3993106021543 0 5.55246178456697 12.1851239914937 -0.395347612414205 0 -0.960433059218541 2.06864346923709 -0.0874332195042786 1.50988520317706 -1.70862130471907 0.855582403072893 0.376858007869151 0.892010547636082 
2.85304364239642 -6.48989549679211 3.94357362014408 2.38585161484585 4.72041367824208 0.451351733296808 7.29032523263727 -0.0771754043536146 24.7021864239137 2.74427106315003 -2.78108200627895 0.849124694615195 0 -0.199159909728523 1.41793987141826 0.106729423304428 -1.13388523669629 1.78570482816813 1.31061227878119 0.776114509229602 -0.555537694387854 4.51637977013196 -1.87978522269045 0.648153900121411 -13.1164008998854 -16.4030669781394 20.1627476529743 17.3993106021543 16.2473004009562 7.65148613958223 0 -0.395347612414205 -0.23258512202305 -0.475964052419162 0 -0.0874332195042786 1.72830990844793 -1.70862130471907 0.461214881078906 -0.0839662442654214 -0.222859324125042 
2.85240913886679 -12.1666011978717 10.7108050502887 3.53618742734482 3.39300922252844 17.7051188946725 -4.17879500686135 -0.0771754043536146 22.3340620832211 0 12.1445830739777 0.465848313908022 0.493731254899749 0.0944221428010717 1.48790800912208 0.366502849043581 -0.164135479682188 1.78570482816813 1.31061227878119 1.21117743209525 1.02763989435399 4.98609058735244 -0.59676650599426 5.0755332191128 -13.1164008998854 -19.8868149399929 19.5119972246056 11.736142372124 16.2473004009562 -19.3184636123099 10.6914820638911 -1.14434545644761 0.383926654292236 -1.07924685198313 0.276910006593405 -0.519104421007961 1.89857760578793 -2.01234856421703 0.461214881078906 -1.17049035844882 0.393495418947887 
2.85251322763588 -10.6720878624227 9.87974431772239 14.2524333333841 3.39300922252844 17.7051188946725 -4.17879500686135 -0.0771754043536146 22.524857254012 0 14.3290552097974 0.40581917302954 0.493731254899749 0.557846121330674 1.48790800912208 0.648290609674663 -0.164135479682188 1.78570482816813 1.31061227878119 1.21117743209525 0.594697144159441 5.95894033303901 -1.87978522269045 -4.74607243421304 9.08221915638178 -16.4030669781394 19.5119972246056 14.3139317407803 16.2473004009562 7.65148613958223 10.6914820638911 -0.811705651074511 -0.23258512202305 -1.07454350298948 -0.0593000749029685 -0.0874332195042786 1.89857760578793 -1.70862130471907 0.461214881078906 -0.0839662442654214 0.393495418947887 
2.8539132536181 -9.6165230449366 3.94357362014408 14.2524333333841 3.39300922252844 17.7051188946725 7.29032523263727 -0.0771754043536146 24.7021864239137 -0.0698750087152584 14.3290552097974 0.595608745978963 0 0.557846121330674 1.48790800912208 0.366502849043581 -1.13388523669629 1.78570482816813 1.31061227878119 -0.263169920194508 0.594697144159441 1.0774882979819 -1.87978522269045 1.39058398219784 -12.0957458302359 -20.9136491269868 19.5119972246056 17.3993106021543 16.2473004009562 2.46681678468213 12.1851239914937 1.8741623808882 -0.23258512202305 0.173234727332943 -0.548035830626281 -0.358096067182764 1.89857760578793 -1.70862130471907 0.136895382593803 0.623644842446616 0.892010547636082 
2.85314768722572 -10.788974185376 3.94357362014408 1.63787080766069 3.39300922252844 0 7.29032523263727 -0.0771754043536146 22.5535605690226 0 12.8991375851674 0.414671552700303 0 0.0944221428010717 1.48790800912208 0.495501579947538 -1.13388523669629 1.78570482816813 1.31061227878119 1.21117743209525 0.481079847538415 5.32626706051001 -1.87978522269045 -4.74607243421304 -13.1164008998854 -16.4030669781394 19.5119972246056 17.3993106021543 0 7.65148613958223 10.6914820638911 -0.473998068186454 -0.23258512202305 -1.07454350298948 0 -0.0874332195042786 1.89857760578793 -1.70862130471907 0.855582403072893 -0.0839662442654214 0.393495418947887 
2.85304364239642 -12.1666011978717 3.94357362014408 -2.17944260206047 3.39300922252844 17.7051188946725 3.84524594240135 -0.0771754043536146 22.3340620832211 -2.34404940944819 12.8991375851674 0.465848313908022 0 -0.0703306671512922 1.48790800912208 0.366502849043581 -0.0346782612217023 1.78570482816813 1.31061227878119 -0.804981097581322 0.481079847538415 4.51637977013196 -1.87978522269045 1.39058398219784 0 14.9860957893478 17.2311919893283 11.736142372124 1.67189872354357 5.55246178456697 18.5943648158546 -0.874160631966852 -0.23258512202305 0.173234727332943 2.06864346923709 0 1.72830990844793 -2.01234856421703 0.855582403072893 0.376858007869151 0.5910720820404 
2.85304364239642 -8.49179961173413 10.7108050502887 0 3.39300922252844 0.422914800873452 7.29032523263727 -0.0771754043536146 22.3340620832211 0 -5.62973323617118 -0.622732090653261 0.493731254899749 -0.489680075994544 1.48790800912208 0.0446554263050928 -1.13388523669629 1.78570482816813 1.31061227878119 1.21117743209525 -0.555537694387854 2.28181713217954 -1.87978522269045 1.39058398219784 0 -16.4030669781394 19.5119972246056 11.736142372124 0 5.98963785727492 12.1851239914937 -0.874160631966852 -0.23258512202305 0.173234727332943 2.06864346923709 -0.0874332195042786 1.89857760578793 -2.01234856421703 0.855582403072893 -0.626234735071768 0.892010547636082 
