100
10
2.57109798855871 -9.6165230449366 3.94357362014408 0 0 0 3.84524594240135 19.0058825253536 0 0 14.3290552097974 0.595608745978963 0 0 0.860422585560206 0.495501579947538 0 0 -0.263255857053798 0 0.594697144159441 4.51637977013196 13.8948257145913 0 -13.1164008998854 10.4952098105546 0 13.0460968488111 16.1367461253594 7.65148613958223 0 -0.874160631966852 0 -0.667678957184627 0 0 -1.81739824908664 -1.54860505999467 0 0 -0.044609132243604 
2.48888334111314 0 0 0 -15.0563635560946 2.62789748731437 -4.74278559197801 -16.7346931792492 13.8610990410024 16.8580064814808 2.48799035907164 0 0 -1.74925549502916 1.02557531233205 0 1.64170756174331 0.366769787094914 0 0 1.73062504908565 -5.29501771800919 -17.7299109090725 4.4710669780481 0 14.9860957893478 -11.6971095985254 19.4777762421769 0 14.260890741954 -9.67114824320709 -1.49015409289401 0 -0.676888563985419 1.41468335381461 0 -0.462183201900769 -1.46783191220268 0 1.74054222448754 -0.938443573628759 
2.40066164539662 17.2969402825911 -0.24496794689678 5.28798746191337 0 14.5686138768534 -9.85824882511899 0 -8.43781127987328 -19.3594054967907 0 0 0 0 1.91099939398048 -0.59964300161211 0 1.04267997156953 0 0 0.123702540119971 13.5030781913097 -6.20102287558886 -5.60238617733232 0.50793375843574 0 -11.1682280018778 7.9804703257887 2.9511073152307 6.52096737479836 -16.570451835436 0.605855025633171 1.23044581302928 0.309703365112517 0.609546169922476 0 0 1.08095965212256 -1.32258408485101 0 0.70701173912129 
2.36431119505926 -15.1649440523074 -12.6065675134801 0 16.8561923023575 17.3482750343849 5.79528363691423 -0.884963926339971 18.1124276659044 0 0 -0.667015781936709 0 1.47072999340982 0.534682059909535 0 -1.13778423570925 1.51713979221747 1.32666692572025 -0.263169920194508 -1.3195076367443 0 0 -13.8402736158298 10.6418154251956 -17.8338807159261 -16.2218149454434 16.0251126879943 0 -1.55922105608472 9.71817587954838 0 0 0.41138055101567 0 0 0 2.76376695826825 0.249457139638 0.031732575051362 0.892010547636082 
2.56988634506748 -15.1649440523074 0 3.97482614218016 7.54104370602455 17.3482750343849 15.0788702420326 -0.0771754043536146 18.1124276659044 0 -4.84609227548171 -0.667015781936709 0 0 0 0 0.092221798418193 1.78570482816813 1.32666692572025 1.55277195365763 -0.555537694387854 -7.97975425980042 0 -13.8402736158298 10.6418154251956 -12.5584815221645 0 -2.05287800014619 0 -1.55922105608472 12.1851239914937 0 0 0.41138055101567 0 -1.64466012438976 -1.0288879233547 -1.9524874333071 0.249457139638 0.031732575051362 0.892010547636082 
1.57142565333233 7.09937914605224 17.0452139699111 0 0 -19.2408543542218 -19.4188481194055 0 0 0 -7.7972198500285 -1.43106898173274 -1.13939879422048 0 -1.45428966332892 -0.794039714519884 0 0 -1.27025979537063 0.14589676267742 1.57596559802814 -19.1064242735069 -9.98010377864358 0 0 -15.1671222109194 -2.6875866009796 0 0 -18.8818193501243 0.0928685535177908 1.91697638571122 0.161063560359675 1.95620665417807 0 1.62565194332304 0.925574626273277 0 0.160673894062952 0 -0.780791532611843 
1.57142565333233 -11.5187464510178 0 18.9925056225585 -11.9520861431733 -9.84964745577874 0 0 0 -12.7061459015618 -9.64067697973953 0.501176835960325 1.17778377755442 -0.495434046487992 -1.21687125098746 0 1.13675711356884 -0.813948322466551 -0.263255857053798 -0.640163976065891 0.703530013888856 -16.7730637782128 13.8948257145913 -17.0475366884133 -4.13639658323321 -0.275964755693434 0 13.0460968488111 16.1367461253594 0 0 1.89874144224391 0 -1.65560474230703 -0.943802413038817 0 0.584778882835423 -1.54860505999467 0 0 -0.044609132243604 
1.57142565333233 7.09937914605224 -1.37710145738772 -17.7261609573505 18.1685062489326 -8.0294700842488 4.15735367879148 -13.8822348061401 5.52340041171918 0 0 -1.43106898173274 1.48228125156941 0.418539211348882 0 1.78949920916441 1.10723076253535 0.237387108261412 -1.04755112763846 0 0 -7.97975425980042 0 7.57710514011658 0 8.06639671701305 12.204178325927 0 -2.11030010334696 -17.3967204323955 0 0 0 -0.0388094382541298 -0.368162372320966 -0.00812134147068548 -1.44416876204506 -0.110677490062396 -0.0842092394196471 1.46104832434144 0.998112815897033 
1.57142565333233 0 0 2.64758282464351 0 -19.2019175920644 -8.92065639091686 0 -0.351844448760079 0.645875335040444 -7.93149940107553 2.16552131923173 0 0 -1.18812326862855 0 -1.69916298319547 -0.813948322466551 -0.540700045666052 0 0 -23.7925788170158 2.93969178709187 -17.0475366884133 -12.6102689246695 0 -11.3574449864018 -6.44157256299703 -15.2866566345499 0 17.4242149374561 0.611332368055048 0 -1.65560474230703 0 -1.15070721001863 0 -1.47500940853497 0 0 0 
1.57142565333233 -12.0308381933863 5.98707973304534 3.52596608303765 -17.8455007904421 -7.772404499246 0 0 0 -8.54958560715876 -14.2017478096307 -0.536488295782585 0.446507904886505 -0.389709701943076 1.59412206876749 0.393303346071999 1.01342390617981 0 -0.584983382646452 0.692188950577839 0 -10.5398833335097 0.0677719060647171 2.08576260231704 5.4091972417241 -6.55867586217759 -11.2976251781441 0 0 0 0 1.52448077663988 0 0.172036088394018 0 0.518661023359122 0.594007693507712 0 0 -0.462485380686114 0 
1.57142565333233 -0.333185298523486 0 7.13468860235749 0 0 0 12.7032875608202 -12.3592277668692 5.85671568562124 0 0 0 -0.0655310107700205 0 -1.35148547093919 0 0 -0.973135573665209 1.36826732259629 -0.628737155640841 -19.5178733018776 -1.19464436601598 0 -19.5663545930601 -6.55867586217759 0 0 14.0361998193135 8.66892316782331 -0.154038202089275 0 0.702423476941149 0 -1.25114107469616 0.518661023359122 0 1.46843379524929 0.898857128293653 -1.52909076098776 0 
1.57142565333233 -15.514817505849 15.7029531876105 -10.3638491455297 13.3382992136005 4.29867561175426 3.41521733264216 0 -16.1604769230636 7.56782445477686 0 0 0 0 0.91641967693177 1.97938650286728 0 0 0 1.3042757871115 0 0 -10.0607482111364 0 0 -0.229985965522931 20.4858299084407 4.87944621819977 -11.2333667423732 -12.7090003307485 0 1.17204904703984 -1.00884031644503 1.50723698619159 -1.90363006289286 0 2.16036358673142 0 0 -1.2192026149571 1.19067444707764 
1.57142565333233 7.09937914605224 -1.37710145738772 3.23005655930846 7.8509669508091 0 4.15735367879148 2.39938522849669 0 0 0 -1.43106898173274 1.48228125156941 1.20186968389986 0 -0.812091006344227 1.10723076253535 2.03124139159976 -1.27025979537063 0 -0.477513038775657 -0.175418891094354 6.24389083415451 -14.65422294785 0 9.62414941267304 12.204178325927 0 0 -2.48640882949643 0 0 0 -1.93143748395678 -0.368162372320966 1.09351984276135 -1.44416876204506 -0.699646122753455 0.249457139638 0.689002002751921 0.998112815897033 
0.748595936178965 7.09937914605224 3.50848247767821 0 0 -19.2408543542218 -19.4188481194055 -12.2663846762229 0 -0.474603653314805 0 -1.43106898173274 1.48228125156941 0 -1.45428966332892 -0.794039714519884 0 0 -1.27025979537063 0 -0.622408810361479 0 -12.0402264076007 0 0 -15.1671222109194 0 0 0 -18.8818193501243 0.0928685535177908 0 1.27288315970119 1.50723698619159 0 1.62565194332304 0 -0.110677490062396 0.792212276157091 -0.828458802899559 -0.780791532611843 
1.57142565333233 -15.278613742105 -1.65069592280811 17.0548388720745 17.4451060860628 0 0 6.52057687124264 -13.3775255146332 3.39998066583647 -4.75414227915655 0.65367790621411 0 -0.750603255234008 1.76842868596708 0 0.582926592129714 1.01030189684141 -1.5158906315993 -1.62543839664452 0 -17.9936584914074 4.32537404188205 -3.30926314150415 -19.8002807701939 13.0024174940784 2.28200829694141 0 19.40161666805 0 15.0526962871909 -1.77381643269854 1.82786254390509 0 0 1.06894400299943 1.24938009830629 1.44560278740041 0.379948443910083 0 0.779248982099466 
1.57142565333233 4.68759699076768 9.4323747555876 -8.98222134866855 -10.5492893562416 16.4593546821081 0 -11.2389959726664 -12.7556904278489 0 0.385756818757279 0 1.28062896303862 -0.0268837595483678 0 -0.139489319240437 -0.367440475322046 0.572312833076489 1.14410374739398 0.465078023478891 -1.91115276511347 -0.405408225350738 -10.0211418653005 0 -11.2124111183045 0 -15.9966852031633 7.29520733807944 0 -7.6634243725163 -6.26991620113603 -0.496931366434755 0 0 0.897129770786096 1.64780915139607 1.40430027912105 1.56076928300819 0 0 -1.32360344441775 
1.57142565333233 0 -3.40227012662323 3.97482614218016 0 0 15.0788702420326 -0.884963926339971 0 0 0 0 -0.106277667510453 0 0.860422585560206 0.495501579947538 0.092221798418193 1.51713979221747 -0.263255857053798 0.465078023478891 0 -7.97975425980042 -1.79895369247485 -13.8402736158298 -11.2124111183045 0 0 13.0460968488111 16.1367461253594 7.65148613958223 0 0 0.123995967416091 0.41138055101567 0.897129770786096 1.64780915139607 -1.81739824908664 -1.54860505999467 0 0 -0.044609132243604 
1.57142565333233 10.0168978096996 15.0617452920702 -14.9080813652408 3.00173445744521 19.3391693194114 12.7268095373767 0 3.71133921843084 -17.5417039904472 -6.50907378015531 0 0.0450718086422756 0.721157478504422 0.570774282920535 1.7545530711089 0 0.0458331955810232 -0.920564519418666 0.530304819592417 0 0 3.35174133458721 12.8839747574571 8.43762064736226 10.191385340966 -8.09941419777433 -18.2120809136946 0 18.192616597839 0 0.560555373579522 0 0.587950212223432 -1.34626130263613 1.76675908629166 -1.4101526054601 0 0.982998343083541 -0.243157663495819 0 
1.57142565333233 7.09937914605224 -1.37710145738772 -5.60945323883065 -15.5308212784728 7.55045987085926 13.1897675586817 -16.1343217064321 0 0 19.275890085509 -1.43106898173274 1.48228125156941 0.601241291314942 -0.0134386774354794 0 1.38840187685024 1.42770609139824 -1.27025979537063 0 0.958012091442017 5.5775486145064 16.8016952913262 -0.720238504568226 -15.3847301357355 0 12.204178325927 0 0 -18.8818193501243 0 0 0.73103691112764 0.106104782021653 1.4886629987269 0 -1.44416876204506 -0.110677490062396 0 0 0.998112815897033 
0 17.9450104748574 0 18.9925056225585 -11.9520861431733 -9.84964745577874 0 0 -6.29895993042689 -12.7061459015618 -9.64067697973953 0 1.12365138987249 -0.495434046487992 -1.21687125098746 0 1.13675711356884 -0.652485858952853 0 -0.640163976065891 0.703530013888856 18.9155071316825 -13.4354696876535 0 -4.13639658323321 -0.275964755693434 0 0 15.611485045851 0 -3.57591903003674 0.52622613614715 -0.0880268566068386 0.625540513836565 -0.943802413038817 0 0.584778882835423 1.54329143908959 0 0 0 
1.57142565333233 -18.5065390535195 0 3.97482614218016 0 0 15.0788702420326 -0.884963926339971 -13.2427075660055 0 8.32403839022109 1.50191845907919 0 0 0.377398393450956 0.495501579947538 0.092221798418193 1.51713979221747 0 0 -1.03748144350829 -7.97975425980042 0 -13.8402736158298 7.90648353146691 10.4952098105546 -5.29580354937157 11.2517787382248 16.1367461253594 -12.8920902837497 11.1808512598187 0 0 0.41138055101567 0 0 0.324687051738001 0 0 0.0489701861743676 0 
1.57142565333233 -12.0308381933863 1.97425624640857 5.91511163204681 -17.8455007904421 -13.9419613843513 2.44386011848406 0 0 5.85671568562124 -14.2017478096307 -0.536488295782585 -0.155202636837588 -0.389709701943076 1.59412206876749 -1.18608774765678 -1.96145468529382 0 -0.584983382646452 1.36826732259629 0.26036008079553 -10.5398833335097 10.7707056343419 2.08576260231704 0 -6.55867586217759 0.0782188587254935 0 0 0 -4.72408519448903 1.52448077663988 0.561940074754851 0 0.825355878484135 0.518661023359122 -0.532287718044728 0 -1.39772556507854 -0.462485380686114 0.438307766326846 
1.57142565333233 0 -10.4684990693203 -4.94321437782758 -16.1587824840838 -8.55896838873577 -0.504626017298841 1.12827998638539 7.17129616400753 -18.3794880580062 0 0 0.536595723841617 1.1275325460022 -0.883038429954573 1.78139255278809 1.62888161541376 -0.125254524930033 1.27771223947765 -0.0700611898536147 -1.91035171407757 4.60495982533552 0 12.9347387202711 -8.67599343353696 -2.95599182739667 0 -10.2448234754823 2.72583791181717 -17.8256454199206 0 1.38787825097697 0.678537828232412 0 0 -0.323021569439686 0.313066798408081 1.72971108077546 -1.39019410158051 0.55969630694934 0 
1.57142565333233 0 -4.79095909636978 -8.55682962972523 0 0 -17.5041534390786 2.01416446921144 -13.2427075660055 -5.83852268095991 5.98353707510211 1.67831776462417 -2.31560287826024 -1.05863183972362 -1.64505172131818 -0.0340225771227957 -2.47747474325703 -1.05234741953777 0 -1.95520586425215 0 -16.644828103783 2.21273568645713 -7.55176784822334 10.5281553932131 0 0 14.5926182641613 -3.05914677821991 -12.8920902837497 11.1808512598187 0 0.448258783751288 0.475332658027919 0.499858509050616 0 0 0 1.89902076492972 0.0489701861743676 0 
1.57142565333233 0 -10.9704006048713 -8.55682962972523 -16.9130443068748 0 -7.64124319250288 2.01416446921144 6.05411009213613 0 5.98353707510211 1.67831776462417 1.93775742311858 -1.05863183972362 0.422197433385159 -0.0340225771227957 -0.527438999399282 -0.876975858061097 0.286481964535304 -1.50088981795166 0 2.06069877457838 0 -13.4413036394125 8.11114053386782 5.29441916630343 -3.24917974208909 0 1.13631875307128 3.87897992687252 -0.595567683035306 -2.53179981402671 0 0.500489259371762 0.566886543094593 0 -0.366670587187014 -1.0613520290057 0 0 0.484981212990815 
1.57142565333233 0 0.538538526994427 13.3577925814585 17.4451060860628 -2.47382765616003 0 2.77723446617705 -13.3775255146332 0 -4.75414227915655 0 0 -0.750603255234008 1.76842868596708 0.407039728214517 0 -0.0900088604958769 -1.5158906315993 -1.79228180357827 0 0 -16.9134174366078 7.7265433630564 -19.8002807701939 15.718997639799 -2.94343250009391 0 1.03424918886006 2.7954618366414 13.5468737937263 1.97945172897515 0 -1.50750137935742 0 0.368912837034516 -1.13865786098813 1.44560278740041 0 0 0 
1.57142565333233 0 0 -21.728738415534 -16.1587824840838 -8.0294700842488 9.41117128795533 -13.8822348061401 5.52340041171918 -17.055518849313 0 0.204417097477437 -0.365083544610573 1.10923002863733 -0.883038429954573 1.78949920916441 1.31065537562159 0.237387108261412 -1.04755112763846 0 -1.91035171407757 0 10.2021447916292 8.36626113781997 -16.5644057730978 8.06639671701305 0 -10.2448234754823 2.72583791181717 -17.3967204323955 0 0 -1.65873090627544 -0.43053485778651 -1.89358647721521 -0.00812134147068548 -1.34377650047828 1.72971108077546 -0.717113045378175 1.46104832434144 0 
1.57142565333233 -19.8062348923675 17.0452139699111 18.9925056225585 0 0 -20.4788116078027 -7.82775693937566 13.0612709899718 -12.7061459015618 -19.2743971754212 -0.696059548620162 -1.13939879422048 0 0 -0.826123000386228 0 1.98367159906014 0 -0.640163976065891 -0.473343413543582 -17.1952333847039 0.00863527879521031 -14.5943358422231 0 -5.04572215953177 -5.0983895850826 0 0 -12.316610437034 15.1969395462409 1.46314108905529 1.82786254390509 0 0 -0.932824075227987 -0.839068591054095 0 0.792212276157091 1.61979038250623 0 
0 18.0222221175312 -12.6065675134801 -1.31862905790034 16.8561923023575 0 5.79528363691423 -12.0497525818878 -14.5981887516557 0 0 0.635437897702417 0 1.47072999340982 0.534682059909535 -0.999087991658174 -1.13778423570925 -0.0218079914440438 0.191764433026204 -0.263169920194508 -1.3195076367443 0 -12.3630163215394 12.0952515639808 0 -17.8338807159261 -16.2218149454434 14.3089763002046 -18.235621414257 0 0 0 0.220583627205614 -2.49857240983219 -0.489385443036158 0 0 2.76376695826825 0 0 1.00710602896619 
0 -2.53898822820698 18.5357060742265 0 -3.13445302803742 0 -2.64209993451 0 0 1.71811433588998 0 -1.46952433300648 0 -1.71875939132588 0 -0.812091006344227 1.02209529704512 0 1.91856534961544 -1.17557673862929 -0.468302361885227 0 6.24389083415451 0 0 9.62414941267304 -2.30096961827994 0 9.40507688066227 8.66892316782331 14.6396884576602 0 0 0 -1.34385550736629 1.09351984276135 0.456579033497991 1.46843379524929 0 -1.52909076098776 0 
1.57142565333233 3.69465236724105 -1.37710145738772 -9.1407495872773 -15.5308212784728 -7.772404499246 0 -16.1343217064321 -13.7885556800703 0 19.275890085509 0 1.48228125156941 0.601241291314942 -0.0134386774354794 0.393303346071999 1.01342390617981 1.42770609139824 -1.89490356850201 0 0.958012091442017 -19.5178733018776 0.0677719060647171 0 5.4091972417241 0 12.204178325927 -13.2188631376339 0 -18.8818193501243 0 0 0 -0.30580772753144 0 0 -1.44416876204506 0.00617582816918186 0.545021977305888 0 0.998112815897033 
1.57142565333233 3.69465236724105 5.98707973304534 -4.48186474059795 0 -11.227964343097 0 0 -16.4872037975524 -8.54958560715876 0 0 0.446507904886505 2.17881316173766 0 1.31551515802067 1.01342390617981 0 -1.89490356850201 0.692188950577839 -0.628737155640841 -19.5178733018776 0.0677719060647171 0 5.4091972417241 -18.7414049910109 -11.2976251781441 -13.2188631376339 0 -15.5948004385432 1.98019134904267 0 0 -2.23420567273824 0 0.0703606859223734 0.594007693507712 0.00617582816918186 0 0 0 
1.57142565333233 7.48021236969168 17.0452139699111 11.624367857177 -0.584223768526792 -19.2408543542218 -19.4188481194055 -12.2663846762229 2.19077384327109 0 -7.7972198500285 -1.9539161966899 -1.13939879422048 0 -0.474167964381244 -0.794039714519884 0 0 -2.16008460336369 0.14589676267742 1.57596559802814 0 -9.98010377864358 0 -1.0371513441378 -15.1671222109194 0 0 0.268272925153502 0 0.0928685535177908 0 0.161063560359675 1.95620665417807 -0.417072652940207 1.62565194332304 0.925574626273277 0 0.627744020692885 0 -0.780791532611843 
1.57142565333233 18.0222221175312 -12.6065675134801 0 16.8561923023575 0 5.79528363691423 1.12827998638539 -14.5981887516557 -17.055518849313 0 0.635437897702417 0 0 0.534682059909535 -0.999087991658174 -1.13778423570925 -0.125254524930033 0.191764433026204 0 -1.3091525328947 -14.1140178656736 -12.3494343237716 4.37375178764283 -8.67599343353696 -17.8338807159261 0 14.3089763002046 -18.235621414257 0 -3.15912196047563 1.0733002177781 0 0.61089637158946 0 0 0.313066798408081 2.76376695826825 0 0.891185528082394 -0.420985499872354 
1.57142565333233 17.9450104748574 0 3.32807367822531 0 17.0836276865954 0 0 -9.24301386309928 5.85671568562124 -14.2017478096307 0 0 0 0 -0.856315978596134 1.13675711356884 0 0 1.36826732259629 0 15.1475826814527 -13.0122407213842 0 0 -3.39467218923134 0 7.29520733807944 18.714143437666 0 -3.57591903003674 1.98017895593316 0.767198844238743 0 0.825355878484135 1.69644048954194 0.584778882835423 1.56076928300819 0.898857128293653 0 0 
1.57142565333233 -8.81016282774981 6.95622610443096 19.0996843013445 -17.8455007904421 -13.9419613843513 0 0 0 0 14.3290552097974 0.88316143345235 -0.635156012231091 0 1.59412206876749 -1.18608774765678 -1.1800882868376 0 -0.263255857053798 0 0.594697144159441 -10.5398833335097 7.98152965567146 -3.84543605327859 0 -6.55867586217759 12.2307142113478 13.0460968488111 16.1367461253594 0 14.5378714867578 1.52448077663988 0.18744850672197 -1.90735403723426 -0.415124763927946 0.518661023359122 -1.40987321520684 -1.54860505999467 0 -0.462485380686114 -0.85473623539076 
1.57142565333233 -15.1649440523074 0 3.97482614218016 6.48363125812431 -6.97979790544128 15.0788702420326 -3.54791060255277 0 0 6.93394487115273 -0.667015781936709 0 0 0 -1.13968897048369 0.092221798418193 -0.0382628804250913 -1.31417429415238 1.55277195365763 1.73062504908565 -9.68138864714717 0 4.4710669780481 0 15.6059642044855 0 19.4777762421769 0 0 12.7464825626213 0 0 -0.676888563985419 0 0.604206176821238 -1.0288879233547 -1.46783191220268 0 0 -1.16060079408838 
1.57142565333233 17.2969402825911 0 15.6851160692447 0 11.0030013653464 -11.3999692369718 0 0 -19.3594054967907 -0.307288114124578 0 0 1.68346783317787 1.91099939398048 0 -0.323751687139157 1.04267997156953 0 0 -0.889872159291931 13.5030781913097 0 -16.539486076934 0.50793375843574 0 -4.06246226479414 0 2.9511073152307 0.287984607409679 3.61207955685075 0.605855025633171 -0.464818962134802 0 0.609546169922476 0 0 0 -1.32258408485101 0.721789859105735 0.0347239384589363 
1.57142565333233 0 0 3.32807367822531 0 -3.33269031873564 0 0 -16.1604769230636 5.85671568562124 0 0 0 0 0 -0.759651526231156 -0.921565864198639 0 0 1.36826732259629 0 0 -10.0607482111364 0 -17.7115514211876 -6.55867586217759 17.6326684363338 4.87944621819977 -11.2333667423732 0 -0.154038202089275 0.755955041738206 -1.00884031644503 0 -1.52048759140097 0.518661023359122 1.06280825163369 0 0 -0.462485380686114 0 
1.57142565333233 0 18.5357060742265 3.23005655930846 7.8509669508091 0 0 3.07905814753801 -18.3376368872531 4.03467291022403 -3.94360727169253 0 0 1.20186968389986 0 -0.812091006344227 0.475138789264084 -1.50091727054721 -0.00634683110115436 0.558458989457441 -0.477513038775657 -0.175418891094354 6.24389083415451 -14.65422294785 0.0950997532788197 9.62414941267304 0 0 0 -4.9573919549386 12.9239806576976 0 0 -1.93143748395678 -0.501792823663816 1.09351984276135 0.456579033497991 1.11047639283839 0 0.481575805657346 0 
1.57142565333233 3.69465236724105 13.7953941122607 0 0 -22.4639835381713 0 0 0 -8.54958560715876 0 0 -0.0897939894766519 1.61532027256457 -0.709138222368964 -0.880340076461593 1.01342390617981 0 -1.33079474853854 0.692188950577839 0 -1.2974472210265 0.0677719060647171 0 5.4091972417241 -22.4969473201767 -11.2976251781441 -2.19771960852562 0 -16.6357951316218 1.98019134904267 -0.215132057766957 0 -1.43275224391034 0 1.63976450039063 0.594007693507712 1.24730596376923 0 -1.10906455717472 0 
0.748595936178965 0 -4.79095909636978 -9.1407495872773 -15.5308212784728 7.55045987085926 13.1897675586817 -16.1343217064321 0 -5.83852268095991 19.275890085509 1.67831776462417 -2.31560287826024 0.601241291314942 -0.811212569852924 0 1.38840187685024 1.23987093054683 -1.27025979537063 -1.95520586425215 0.958012091442017 5.5775486145064 16.8016952913262 -7.55176784822334 -15.3847301357355 0 12.204178325927 11.2517787382248 -3.05914677821991 -12.8920902837497 11.1808512598187 0 0.73103691112764 0.475332658027919 1.49503452866107 0 -1.44416876204506 0 1.89902076492972 0.0489701861743676 0 
1.57142565333233 0 15.7029531876105 -10.3638491455297 14.9720461922568 4.29867561175426 0 0 -16.1604769230636 -12.5359003024809 0 0 0 0 -0.992810893334826 1.97938650286728 0 -0.939097410961565 0 0.644045354167021 0 0 -10.0607482111364 14.1446062802079 -17.7115514211876 -0.229985965522931 17.6326684363338 2.55882491528002 -11.2333667423732 -12.7090003307485 0 1.17204904703984 -1.00884031644503 0 -1.52048759140097 0 1.46405320403355 0 0 -1.68702162144567 0 
0.748595936178965 0 2.21225394297496 17.0548388720745 4.83139663228364 0 0 0 -13.3775255146332 0 -4.75414227915655 0 -0.490053853415909 -0.750603255234008 1.25600599035435 0.361514742654522 0 -0.813948322466551 -1.5158906315993 0 0 -12.4947656469861 -16.9134174366078 -17.0475366884133 -15.6684890884759 -8.63045647210928 -11.3574449864018 0 1.03424918886006 2.7954618366414 0 1.62543303874574 0 -1.65560474230703 -0.569401220683661 1.09831227599565 0 1.44560278740041 0 0 -0.044609132243604 
1.57142565333233 -8.81016282774981 0 19.0996843013445 -17.8455007904421 -13.9419613843513 0 -3.07990086105648 0 5.85671568562124 -14.2017478096307 0.88316143345235 0 0 1.59412206876749 -1.18608774765678 -1.1800882868376 0.892774153534683 -1.86206353088937 1.36826732259629 0 -10.5398833335097 8.17426628813812 -3.84543605327859 0 -6.55867586217759 12.2307142113478 -4.58837764104287 -1.73541534181471 0 14.5378714867578 1.52448077663988 0 -1.90735403723426 -0.415124763927946 0.518661023359122 -1.40987321520684 1.24730596376923 -1.39772556507854 -0.462485380686114 -0.85473623539076 
1.57142565333233 10.0168978096996 5.98707973304534 -16.7150853931508 0 19.3391693194114 0 -9.2133280677783 1.66756742711531 -3.13573883410345 0 0 0.446507904886505 1.46615170895408 0 1.7545530711089 0.920083173979113 1.41693056720166 -0.763328800333351 -0.566749644496827 -0.628737155640841 0 0 3.98261815960641 0 9.39001620253083 0 -10.7212407750642 0 -4.41047866102796 -17.6649725985085 0 0 -1.74142211989566 0 0.18449743659445 -0.319856071993642 0 1.42783027301907 -1.72215718297388 0 
1.57142565333233 0 18.5357060742265 7.13468860235749 -4.16496046691433 0 0 12.7032875608202 0 1.71811433588998 0.631210145275672 0 0 -0.0655310107700205 0 -0.812091006344227 1.20801857263223 0 1.91856534961544 -1.17557673862929 -0.468302361885227 0 6.24389083415451 -13.1234265738742 1.37627935338592 9.62414941267304 0 0 0 -8.79713112898037 15.188975432999 0 0 0 -2.28973030265874 1.09351984276135 0.456579033497991 1.46843379524929 0 -0.227854187706417 -0.0723366123029667 
1.57142565333233 -9.6165230449366 0 3.97482614218016 0 0 15.0788702420326 -0.884963926339971 0 0 0 0.595608745978963 -0.510182406255129 0 0.860422585560206 0.495501579947538 0.092221798418193 0.678453534226144 -0.263255857053798 0 0 -7.97975425980042 2.4187233949633 -13.8402736158298 10.6418154251956 10.4952098105546 0 16.9700842801808 16.1367461253594 7.65148613958223 0 0 0.0620968378251869 0.41138055101567 0 0 -1.81739824908664 -0.62896793979172 0 0 -0.044609132243604 
1.57142565333233 -15.1649440523074 0 3.97482614218016 7.54104370602455 17.3482750343849 15.0788702420326 -16.7346931792492 13.8610990410024 0 6.93394487115273 -0.667015781936709 0 0 0.193204499666209 0 0.092221798418193 0.366769787094914 0 1.55277195365763 1.73062504908565 -5.29501771800919 0 4.4710669780481 0 14.9860957893478 0 19.4777762421769 0 19.160583510022 9.71817587954838 -1.49015409289401 0 -0.676888563985419 2.26721421987154 0 -1.0288879233547 -1.46783191220268 0 1.74054222448754 0.892010547636082 
1.57142565333233 -15.514817505849 0 15.6851160692447 17.2437094791065 11.0030013653464 0 0.633055519444428 0 0.367673253811744 -0.307288114124578 0 0 1.68346783317787 -0.556065117267922 0 0 2.07029236710644 0 0.350191515279092 -0.889872159291931 17.0922148214151 0 -16.539486076934 -17.7115514211876 -0.229985965522931 -8.43019170147841 4.74327190655436 3.99048991687153 0.287984607409679 3.61207955685075 0 -0.464818962134802 0 -1.52048759140097 0 0 -0.715566599767453 0 0.721789859105735 0.0347239384589363 
2.57109798855871 -9.6165230449366 3.94357362014408 0 0 0 3.84524594240135 19.0058825253536 0 0 14.3290552097974 0.595608745978963 0 0 0.860422585560206 0.495501579947538 0 0 -0.263255857053798 0 0.594697144159441 4.51637977013196 13.8948257145913 0 -13.1164008998854 10.4952098105546 0 13.0460968488111 16.1367461253594 7.65148613958223 0 -0.874160631966852 0 -0.667678957184627 0 0 -1.81739824908664 -1.54860505999467 0 0 -0.044609132243604 
0 0 0 3.97482614218016 0 0 -4.74278559197801 -16.7346931792492 0 0 0 0 0 0 0.860422585560206 0.495501579947538 1.64170756174331 0.366769787094914 -0.263255857053798 0.465078023478891 0 -5.29501771800919 0 -13.8402736158298 0 0 0 13.0460968488111 16.1367461253594 14.260890741954 0 -1.49015409289401 0 0.41138055101567 1.41468335381461 1.64780915139607 -1.81739824908664 -1.54860505999467 0 1.74054222448754 -0.044609132243604 
1.38753116472734 0 18.5357060742265 7.13468860235749 0 0 -9.85824882511899 0 -8.43781127987328 1.71811433588998 0 0 0 -0.0655310107700205 1.91099939398048 -0.812091006344227 0 1.04267997156953 0 -1.17557673862929 0.123702540119971 13.5030781913097 -6.20102287558886 -13.1234265738742 0.50793375843574 9.62414941267304 -11.1682280018778 0 0 6.52096737479836 -16.570451835436 0.605855025633171 1.23044581302928 0 0.609546169922476 1.09351984276135 0 1.46843379524929 0 0 0.70701173912129 
1.57142565333233 -15.1649440523074 18.5357060742265 0 16.8561923023575 17.3482750343849 0 12.7032875608202 0 0 0 -0.667015781936709 0 1.47072999340982 0.534682059909535 0 1.20801857263223 0 1.91856534961544 -0.263169920194508 -1.3195076367443 0 6.24389083415451 -13.8402736158298 0 9.62414941267304 -16.2218149454434 0 0 -8.79713112898037 9.71817587954838 0 0 0.41138055101567 -1.34385550736629 1.09351984276135 0 1.46843379524929 0 -0.227854187706417 0.892010547636082 
1.57142565333233 -15.1649440523074 0 -10.3638491455297 7.54104370602455 17.3482750343849 15.0788702420326 -0.884963926339971 -16.1604769230636 7.56782445477686 -4.84609227548171 -0.667015781936709 0 0 0 0 0.092221798418193 1.51713979221747 0 1.3042757871115 -0.555537694387854 -7.97975425980042 0 0 10.6418154251956 -0.229985965522931 17.6326684363338 0 0 -12.7090003307485 0 0 0 1.50723698619159 0 0 1.46405320403355 -1.9524874333071 0.249457139638 -1.2192026149571 1.19067444707764 
1.57142565333233 7.09937914605224 1.97425624640857 0 -17.8455007904421 -13.9419613843513 2.44386011848406 0 0 0 -14.2017478096307 -1.43106898173274 -0.155202636837588 0 1.59412206876749 -1.18608774765678 -1.96145468529382 0 -1.27025979537063 0.14589676267742 0 -19.1064242735069 -9.98010377864358 2.08576260231704 0 -6.55867586217759 0 0 0 0 0.0928685535177908 1.91697638571122 0.161063560359675 0 0 0.518661023359122 0.925574626273277 0 0.160673894062952 -0.462485380686114 -0.780791532611843 
1.57142565333233 0 0 18.9925056225585 -11.9520861431733 0 0 0 0 -12.7061459015618 -9.64067697973953 0 1.17778377755442 -0.495434046487992 -1.21687125098746 0.361514742654522 1.13675711356884 -0.813948322466551 -0.263255857053798 -0.640163976065891 0.703530013888856 -12.4947656469861 -16.9134174366078 -17.0475366884133 -19.8002807701939 -0.275964755693434 -11.3574449864018 13.0460968488111 1.03424918886006 2.7954618366414 0 1.62543303874574 0 -1.65560474230703 0 0 0 -1.54860505999467 0 0 -0.044609132243604 
0.748595936178965 7.09937914605224 -4.79095909636978 -17.7261609573505 -15.5308212784728 7.55045987085926 13.1897675586817 -13.8822348061401 0 0 19.275890085509 -1.43106898173274 -2.31560287826024 0.418539211348882 -0.811212569852924 0 1.38840187685024 0.237387108261412 -1.27025979537063 0 0.958012091442017 5.5775486145064 0 7.57710514011658 -15.3847301357355 0 12.204178325927 11.2517787382248 0 -17.3967204323955 11.1808512598187 0 0 -0.0388094382541298 1.49503452866107 0 -1.44416876204506 0 0.249457139638 1.46104832434144 0 
1.57142565333233 0 0 2.64758282464351 0 -19.2019175920644 0 0 -0.351844448760079 -8.54958560715876 -14.2017478096307 1.9709476092695 0 0 -1.18812326862855 0 1.01342390617981 -0.813948322466551 -0.540700045666052 0.692188950577839 0 -19.5178733018776 0.0677719060647171 -17.0475366884133 5.4091972417241 -6.55867586217759 -11.2976251781441 0 -15.2866566345499 0 17.4242149374561 0 0 -1.65560474230703 0 0.518661023359122 0.594007693507712 0 0 0 0 
1.57142565333233 -11.5187464510178 5.98707973304534 18.9925056225585 -17.8455007904421 -9.84964745577874 0 0 0 -8.54958560715876 -14.2017478096307 0.501176835960325 0.446507904886505 -0.495434046487992 1.59412206876749 0 1.13675711356884 -0.813948322466551 -0.584983382646452 0.692188950577839 0 -16.7730637782128 0.0677719060647171 2.08576260231704 -4.13639658323321 -6.55867586217759 0 13.0460968488111 0 0 0 1.89874144224391 0 0 -0.943802413038817 0.518661023359122 0.584778882835423 -1.54860505999467 0 -0.462485380686114 -0.044609132243604 
1.57142565333233 0 0 7.13468860235749 0 0 0 12.7032875608202 0 5.85671568562124 0 0 0 -0.0655310107700205 0 -1.35148547093919 1.20801857263223 0 1.91856534961544 1.36826732259629 -0.628737155640841 0 6.24389083415451 0 0 9.62414941267304 0 0 18.714143437666 -8.79713112898037 15.188975432999 0 0 0 -1.34385550736629 1.09351984276135 0 1.46843379524929 0.898857128293653 -0.227854187706417 -0.0723366123029667 
0 -15.514817505849 15.7029531876105 -10.3638491455297 -17.8455007904421 -7.772404499246 0 0 0 7.56782445477686 -14.2017478096307 0 0 0 1.59412206876749 0.393303346071999 1.01342390617981 0 -0.584983382646452 1.3042757871115 0 0 -10.0607482111364 2.08576260231704 0 -6.55867586217759 17.6326684363338 4.87944621819977 0 -12.7090003307485 0 1.17204904703984 -1.00884031644503 0.172036088394018 -1.90363006289286 0.518661023359122 1.46405320403355 0 0 -1.2192026149571 0 
1.57142565333233 7.09937914605224 -1.37710145738772 3.23005655930846 0 0 -8.92065639091686 2.39938522849669 0 0.645875335040444 0 -1.43106898173274 1.48228125156941 1.20186968389986 -1.18812326862855 -0.812091006344227 -1.69916298319547 2.03124139159976 -1.27025979537063 0 -0.477513038775657 -0.175418891094354 2.93969178709187 -14.65422294785 0 0 12.204178325927 -6.44157256299703 -15.2866566345499 -1.55922105608472 17.4242149374561 0 0 -1.93143748395678 -0.368162372320966 -1.15070721001863 -1.44416876204506 -1.47500940853497 0 0.031732575051362 0 
1.57142565333233 -15.1649440523074 -1.37710145738772 0 7.54104370602455 17.3482750343849 15.0788702420326 -12.2663846762229 13.8610990410024 0 0 -0.667015781936709 1.48228125156941 0 0 0 0.092221798418193 0 0 1.55277195365763 -0.622408810361479 -5.29501771800919 0 4.4710669780481 0 -15.1671222109194 0 19.4777762421769 0 -18.8818193501243 0.0928685535177908 -1.49015409289401 0 -0.676888563985419 0 1.62565194332304 0 -1.46783191220268 0.792212276157091 -0.828458802899559 -0.780791532611843 
1.57142565333233 -15.1649440523074 -3.60599176194798 3.97482614218016 6.48363125812431 0 15.0788702420326 6.52057687124264 -13.3775255146332 0 -4.75414227915655 -0.667015781936709 0 0 0 0 0.092221798418193 1.01030189684141 -1.5158906315993 1.55277195365763 0 -17.9936584914074 0.00863527879521031 4.4710669780481 0 13.0024174940784 2.28200829694141 0 0 0 12.7464825626213 -1.77381643269854 1.82786254390509 -0.676888563985419 0 1.06894400299943 1.24938009830629 1.44560278740041 0 0 -1.16060079408838 
1.57142565333233 7.09937914605224 -1.37710145738772 -9.1407495872773 -15.5308212784728 16.4593546821081 0 -11.2389959726664 0 0 19.275890085509 -1.43106898173274 1.48228125156941 0.601241291314942 -0.0134386774354794 -0.139489319240437 -0.367440475322046 0.572312833076489 -1.27025979537063 0 0.958012091442017 5.5775486145064 16.8016952913262 0 -15.3847301357355 0 12.204178325927 0 0 -7.6634243725163 0 0 0.73103691112764 0 1.4886629987269 1.64780915139607 -1.44416876204506 -0.110677490062396 0 0 0.998112815897033 
1.57142565333233 0 0 3.97482614218016 0 0 0 -0.884963926339971 0 -8.54958560715876 0 0 0 0 0.860422585560206 0.495501579947538 1.01342390617981 1.51713979221747 -0.263255857053798 0.692188950577839 -0.628737155640841 -7.97975425980042 0 0 -11.2124111183045 -18.7414049910109 -11.2976251781441 -13.2188631376339 0 7.65148613958223 0 0 0 -1.43275224391034 0.897129770786096 0.0703606859223734 0.594007693507712 0.00617582816918186 0 0 -0.044609132243604 
0.748595936178965 0 -4.79095909636978 -14.9080813652408 -15.5308212784728 19.3391693194114 13.1897675586817 0 3.71133921843084 -17.5417039904472 -6.50907378015531 1.67831776462417 -2.31560287826024 0.721157478504422 -0.811212569852924 1.7545530711089 1.38840187685024 0.0458331955810232 -0.920564519418666 0.530304819592417 0 0 16.8016952913262 12.8839747574571 -15.3847301357355 0 12.204178325927 11.2517787382248 -3.05914677821991 -12.8920902837497 0 0.560555373579522 0.73103691112764 0.587950212223432 1.49503452866107 0 -1.44416876204506 0 1.89902076492972 0.0489701861743676 0 
0.748595936178965 -9.6165230449366 0 -9.1407495872773 -15.5308212784728 7.55045987085926 15.0788702420326 -0.884963926339971 0 0 19.275890085509 0.595608745978963 0 0.601241291314942 -0.0134386774354794 0 0.092221798418193 0.678453534226144 -1.27025979537063 0 0.958012091442017 -7.97975425980042 16.8016952913262 0 -15.3847301357355 10.4952098105546 0 0 0 7.65148613958223 0 0 0.73103691112764 -0.30580772753144 1.4886629987269 0 -1.81739824908664 -0.110677490062396 0 0 -0.044609132243604 
1.57142565333233 -8.81016282774981 3.94357362014408 19.0996843013445 -11.9520861431733 -13.9419613843513 0 0 -6.29895993042689 0 14.3290552097974 0.88316143345235 0 0 -1.21687125098746 -1.18608774765678 1.13675711356884 -0.652485858952853 0 0 0.594697144159441 18.9155071316825 -13.0122407213842 -3.84543605327859 0 -6.55867586217759 12.2307142113478 0 16.1367461253594 0 -3.57591903003674 0.52622613614715 0.767198844238743 -1.90735403723426 -0.415124763927946 0.518661023359122 -1.40987321520684 1.54329143908959 0 -0.462485380686114 0 
0.748595936178965 -18.5065390535195 0 3.97482614218016 17.2437094791065 11.0030013653464 0 0.633055519444428 -13.2427075660055 0.367673253811744 8.32403839022109 1.50191845907919 0 0 -0.556065117267922 0 0 2.07029236710644 0 0.247750077511999 -1.03748144350829 -7.97975425980042 0 -16.539486076934 10.6418154251956 -0.229985965522931 -5.29580354937157 11.2517787382248 16.1367461253594 -12.8920902837497 11.1808512598187 0 0 0 0 0 0.324687051738001 0 0 0.0489701861743676 0 
1.57142565333233 -19.8062348923675 17.0452139699111 5.91511163204681 0 0 2.44386011848406 0 0 -12.7061459015618 -19.2743971754212 -0.696059548620162 -1.13939879422048 -0.389709701943076 0 0 -1.96145468529382 0 -0.584983382646452 -0.640163976065891 -0.473343413543582 -10.5398833335097 10.7707056343419 2.08576260231704 0 -6.55867586217759 0.0782188587254935 0 0 -12.316610437034 15.1969395462409 1.52448077663988 0.561940074754851 0 0.825355878484135 0.518661023359122 -0.532287718044728 0 -1.39772556507854 1.61979038250623 0 
1.57142565333233 -8.81016282774981 0 19.0996843013445 -17.8455007904421 -13.9419613843513 0 0 7.17129616400753 -17.055518849313 -14.2017478096307 0.88316143345235 0 0 1.59412206876749 -1.18608774765678 -1.1800882868376 0 1.27771223947765 0 0 -10.5398833335097 0 -3.84543605327859 0 -6.55867586217759 12.2307142113478 -10.2448234754823 -1.73541534181471 -19.8848077002376 14.5378714867578 1.52448077663988 0.678537828232412 -1.90735403723426 -0.415124763927946 0.518661023359122 -1.40987321520684 1.72971108077546 -1.39772556507854 1.46416145072512 -0.85473623539076 
0.748595936178965 7.09937914605224 -4.79095909636978 -8.55682962972523 0 0 -17.5041534390786 2.01416446921144 0 -5.83852268095991 5.98353707510211 -1.43106898173274 -2.31560287826024 -1.05863183972362 -1.45428966332892 -0.0340225771227957 -2.47747474325703 -0.876975858061097 -1.27025979537063 -1.95520586425215 0 0 -12.0402264076007 -7.55176784822334 10.5281553932131 0 0 0 0 -18.8818193501243 11.1808512598187 0 1.27288315970119 0.475332658027919 0.499858509050616 0 0 -0.110677490062396 0.792212276157091 -0.828458802899559 0 
0.748595936178965 0 2.21225394297496 -8.55682962972523 0 0 0 0 6.05411009213613 0 -4.75414227915655 0 -0.490053853415909 -1.05863183972362 0.860422585560206 0.361514742654522 0 -0.813948322466551 0.286481964535304 -1.50088981795166 0 0 0 -13.4413036394125 -19.8002807701939 -8.63045647210928 -11.3574449864018 0 1.13631875307128 3.87897992687252 0 -1.58895293604068 0 0.500489259371762 0 1.09831227599565 0 1.44560278740041 0 0 -0.044609132243604 
1.57142565333233 7.09937914605224 -1.37710145738772 3.23005655930846 17.4451060860628 0 4.15735367879148 2.77723446617705 0 0 0 -1.43106898173274 1.48228125156941 1.20186968389986 1.76842868596708 -0.812091006344227 1.10723076253535 -0.0900088604958769 -1.27025979537063 -1.79228180357827 -0.477513038775657 0 -16.9134174366078 -14.65422294785 -19.8002807701939 9.62414941267304 -2.94343250009391 0 0 2.7954618366414 13.5468737937263 1.97945172897515 0 -1.93143748395678 0 1.09351984276135 -1.13865786098813 -0.699646122753455 0.249457139638 0 0 
0.748595936178965 7.09937914605224 0 0 -16.1587824840838 -19.2408543542218 9.41117128795533 -12.2663846762229 0 -17.055518849313 0 -1.43106898173274 -0.365083544610573 0 -0.883038429954573 -0.794039714519884 1.31065537562159 0 -1.27025979537063 0 -1.91035171407757 0 -12.0402264076007 0 0 -15.1671222109194 0 0 2.72583791181717 -18.8818193501243 0 0 1.27288315970119 1.50723698619159 0 1.62565194332304 -1.34377650047828 -0.110677490062396 -0.717113045378175 -0.828458802899559 0 
1.57142565333233 -18.5065390535195 17.0452139699111 18.9925056225585 0 0 15.0788702420326 -7.82775693937566 -13.2427075660055 0 -19.2743971754212 1.50191845907919 -1.13939879422048 0 0 0.495501579947538 0.092221798418193 1.98367159906014 0 0 -0.473343413543582 -7.97975425980042 0 -14.5943358422231 0 10.4952098105546 -5.29580354937157 0 0 -12.316610437034 15.1969395462409 0 0 0 0 0 0.324687051738001 0 0.792212276157091 1.61979038250623 0 
0.748595936178965 18.0222221175312 -12.6065675134801 5.28798746191337 0 0 5.79528363691423 0 -14.5981887516557 -19.3594054967907 0 0.635437897702417 0 0 1.91099939398048 -0.999087991658174 -1.13778423570925 1.04267997156953 0.191764433026204 0 0.123702540119971 13.5030781913097 -6.20102287558886 -5.60238617733232 0.50793375843574 -17.8338807159261 -11.1682280018778 7.9804703257887 2.9511073152307 6.52096737479836 -16.570451835436 0.605855025633171 1.23044581302928 0.309703365112517 0.609546169922476 0 0 1.08095965212256 -1.32258408485101 0 0.70701173912129 
1.57142565333233 -11.5187464510178 0 0 -3.13445302803742 -9.84964745577874 0 0 0 -12.7061459015618 0 0.501176835960325 1.17778377755442 -1.71875939132588 0 0 1.20801857263223 0 -0.263255857053798 -0.640163976065891 -0.468302361885227 -16.7730637782128 6.24389083415451 -17.0475366884133 0 9.62414941267304 0 13.0460968488111 16.1367461253594 0 14.6396884576602 1.89874144224391 0 -1.65560474230703 -1.34385550736629 1.09351984276135 0.584778882835423 -1.54860505999467 0 0 0 
1.57142565333233 -9.6165230449366 -1.37710145738772 -9.1407495872773 -15.5308212784728 -7.772404499246 15.0788702420326 -0.884963926339971 0 0 0 0.595608745978963 1.48228125156941 0.601241291314942 -0.0134386774354794 0.393303346071999 0.092221798418193 0.678453534226144 -0.263255857053798 0 0 -7.97975425980042 0.0677719060647171 0 5.4091972417241 0 12.204178325927 16.9700842801808 16.1367461253594 -18.8818193501243 0 0 0 -0.30580772753144 0 0 -1.44416876204506 -0.62896793979172 0 0 -0.044609132243604 
1.57142565333233 3.69465236724105 15.7029531876105 -10.3638491455297 0 4.29867561175426 0 0 -16.1604769230636 -8.54958560715876 0 0 0 0 0 1.97938650286728 1.01342390617981 0 0 0.692188950577839 -0.628737155640841 -19.5178733018776 0.0677719060647171 0 5.4091972417241 -18.7414049910109 20.4858299084407 4.87944621819977 -11.2333667423732 -15.5948004385432 0 0 0 -1.43275224391034 0 0.0703606859223734 2.16036358673142 0 0 0 1.19067444707764 
0.748595936178965 18.0222221175312 17.0452139699111 0 0 0 -19.4188481194055 1.12827998638539 -14.5981887516557 -17.055518849313 0 0.635437897702417 -1.13939879422048 0 0 -0.999087991658174 0 -0.125254524930033 0.191764433026204 0 -1.3195076367443 -14.1140178656736 -12.3494343237716 4.37375178764283 -8.67599343353696 -17.8338807159261 0 0 0.268272925153502 0 0 1.0733002177781 0 0.61089637158946 0 0 0.925574626273277 0 0.627744020692885 0.891185528082394 0 
1.5707963267949 18.0222221175312 -1.37710145738772 3.23005655930846 7.8509669508091 0 4.15735367879148 1.12827998638539 0 0 0 0.635437897702417 1.48228125156941 1.20186968389986 0 -0.999087991658174 1.10723076253535 -0.125254524930033 -1.27025979537063 0 -1.3195076367443 -14.1140178656736 6.24389083415451 -14.65422294785 -8.67599343353696 -17.8338807159261 0 0 0 -2.48640882949643 0 1.0733002177781 0 -1.93143748395678 0 0 0.313066798408081 -0.699646122753455 0.249457139638 0.689002002751921 0 
0.748595936178965 17.9450104748574 0 3.32807367822531 0 16.4593546821081 0 0 0 5.85671568562124 -14.2017478096307 0 0 0 0 -0.139489319240437 1.01342390617981 0 -0.584983382646452 1.36826732259629 0 -10.5398833335097 -13.0122407213842 2.08576260231704 5.4091972417241 -6.55867586217759 -11.2976251781441 7.29520733807944 0 0 0 1.52448077663988 0.767198844238743 0.172036088394018 0 0.518661023359122 0.594007693507712 1.56076928300819 0 -0.462485380686114 0 
1.57142565333233 0 -10.4684990693203 19.0996843013445 -17.8455007904421 -8.55896838873577 0 0 0 0 0 0 0.536595723841617 0 1.59412206876749 1.78139255278809 -1.1800882868376 0 -0.263255857053798 0 -1.91035171407757 -10.5398833335097 8.17426628813812 -3.84543605327859 -8.67599343353696 -6.55867586217759 12.2307142113478 -10.2448234754823 16.1367461253594 0 0 1.52448077663988 0 -1.90735403723426 0 0.518661023359122 -1.40987321520684 1.72971108077546 0 -0.462485380686114 0 
1.57142565333233 -15.1649440523074 0 3.97482614218016 6.48363125812431 17.3482750343849 15.0788702420326 -0.0771754043536146 0 0 -4.84609227548171 -0.667015781936709 0 0 0 0 0.092221798418193 1.78570482816813 -1.31417429415238 1.55277195365763 -0.555537694387854 -7.97975425980042 0 -13.8402736158298 0 14.9860957893478 0 19.4777762421769 0 0 12.7464825626213 0 0 0.41138055101567 0 0 -1.0288879233547 -1.46783191220268 0.249457139638 0 -1.16060079408838 
1.57142565333233 17.2969402825911 0 15.6851160692447 17.4451060860628 0 -9.85824882511899 0 0 -19.3594054967907 -4.75414227915655 0 0 1.68346783317787 1.76842868596708 0 0 1.04267997156953 0 0 0 -17.9936584914074 0 -16.539486076934 0.50793375843574 13.0024174940784 -8.43019170147841 0 2.9511073152307 0 3.61207955685075 -1.77381643269854 -0.464818962134802 0 0.609546169922476 1.06894400299943 0 0 -1.32258408485101 0 0.0347239384589363 
1.57142565333233 0 0 3.32807367822531 17.2437094791065 11.0030013653464 0 0 -16.1604769230636 0.367673253811744 0 0 0 0 -0.556065117267922 0 0 0 0 0.247750077511999 0 0 0 0 -17.7115514211876 -6.55867586217759 17.6326684363338 4.74327190655436 3.99048991687153 0 -0.154038202089275 0.755955041738206 -0.464818962134802 0 -1.52048759140097 0.518661023359122 1.46405320403355 -0.715566599767453 0 -0.462485380686114 0 
0 0 18.5357060742265 -8.55682962972523 -16.9130443068748 0 -7.64124319250288 3.07905814753801 -18.3376368872531 0 -3.94360727169253 1.67831776462417 0 -1.05863183972362 0.422197433385159 -0.0340225771227957 -0.527438999399282 -1.50091727054721 -0.00634683110115436 -1.50088981795166 -0.477513038775657 2.06069877457838 6.24389083415451 -13.4413036394125 8.11114053386782 9.62414941267304 0 0 0 -8.79713112898037 -0.595567683035306 -2.53179981402671 0 0.500489259371762 0.566886543094593 1.09351984276135 0.456579033497991 -1.0613520290057 0 -0.227854187706417 0.484981212990815 
1.57142565333233 0 13.7953941122607 0 -16.1587824840838 -18.7380937294746 0 0 7.17129616400753 -8.54958560715876 0 0 -0.0897939894766519 1.61532027256457 -0.883038429954573 -0.880340076461593 1.01342390617981 0 1.27771223947765 0.692188950577839 -1.91035171407757 4.60495982533552 0.0677719060647171 12.9347387202711 -8.67599343353696 -18.7414049910109 -11.2976251781441 -2.19771960852562 0 -16.6357951316218 0 1.38787825097697 0 0 0 0.918205051179139 0.594007693507712 1.24730596376923 0 -1.10906455717472 0 
1.57142565333233 0 -4.79095909636978 -9.1407495872773 -15.5308212784728 7.55045987085926 13.1897675586817 -16.1343217064321 0 -5.83852268095991 19.275890085509 1.67831776462417 -2.31560287826024 0.601241291314942 -0.811212569852924 0 1.38840187685024 1.42770609139824 -1.27025979537063 -1.95520586425215 0.958012091442017 5.5775486145064 16.8016952913262 -7.55176784822334 -15.3847301357355 0 12.204178325927 11.2517787382248 -3.05914677821991 -12.8920902837497 11.1808512598187 0 0.73103691112764 0.475332658027919 1.49503452866107 0 -1.44416876204506 0 1.89902076492972 0.0489701861743676 0 
1.57142565333233 -15.1649440523074 0 3.97482614218016 14.9720461922568 4.29867561175426 0 -0.0771754043536146 18.1124276659044 0 -4.84609227548171 -0.667015781936709 0 0 -0.992810893334826 1.97938650286728 0 1.78570482816813 1.32666692572025 1.55277195365763 -0.555537694387854 0 -10.0607482111364 14.1446062802079 10.6418154251956 -12.5584815221645 17.6326684363338 -2.05287800014619 0 -1.55922105608472 0 1.17204904703984 -1.00884031644503 0 0 -1.64466012438976 1.46405320403355 -1.9524874333071 0.249457139638 0.031732575051362 0 
1.57142565333233 7.09937914605224 2.21225394297496 17.0548388720745 0 0 -19.4188481194055 0 -13.3775255146332 -0.474603653314805 -4.75414227915655 -1.43106898173274 -0.490053853415909 -0.750603255234008 -1.45428966332892 0.361514742654522 0 -0.813948322466551 -1.5158906315993 0 0 -12.4947656469861 -16.9134174366078 0 -19.8002807701939 -8.63045647210928 -11.3574449864018 0 0 2.7954618366414 0 1.62543303874574 0 1.50723698619159 0 1.09831227599565 0 1.44560278740041 0.792212276157091 0 -0.044609132243604 
1.57142565333233 3.69465236724105 0 19.0996843013445 -15.5308212784728 -13.9419613843513 0 -16.1343217064321 -13.7885556800703 0 19.275890085509 0 0 0 -0.0134386774354794 -1.18608774765678 1.01342390617981 1.42770609139824 -1.89490356850201 0 0.958012091442017 -19.5178733018776 0.0677719060647171 0 5.4091972417241 0 12.204178325927 -2.19771960852562 0 0 14.5378714867578 0 0 -0.30580772753144 0 0 -1.44416876204506 1.24730596376923 0.545021977305888 -0.462485380686114 -0.85473623539076 
0 7.09937914605224 5.98707973304534 0 0 -19.2408543542218 -19.4188481194055 -9.2133280677783 1.66756742711531 0 0 -1.43106898173274 0.446507904886505 0 -1.45428966332892 -0.794039714519884 0 1.41693056720166 -0.763328800333351 0 -0.622408810361479 0 0 0 0 9.39001620253083 0 -10.7212407750642 0 -4.41047866102796 0.0928685535177908 0 0 1.50723698619159 0 0.18449743659445 0 0 1.42783027301907 -1.72215718297388 -0.780791532611843 
1.57142565333233 0 -1.65069592280811 7.13468860235749 -3.13445302803742 0 0 6.52057687124264 -13.3775255146332 1.71811433588998 0.631210145275672 0 0 -0.0655310107700205 0 -0.812091006344227 1.20801857263223 1.01030189684141 -1.5158906315993 -1.17557673862929 -0.468302361885227 0 6.24389083415451 -13.1234265738742 0 13.0024174940784 2.28200829694141 0 0 0 15.188975432999 0 0 0 -1.34385550736629 1.06894400299943 1.24938009830629 1.44560278740041 0 0 -0.0723366123029667 
0 -9.6165230449366 0 7.13468860235749 0 0 15.0788702420326 12.7032875608202 -12.3592277668692 0 0 0.595608745978963 0 -0.0655310107700205 0.860422585560206 -1.35148547093919 0.092221798418193 0 -0.973135573665209 0 0 -19.5178733018776 -1.19464436601598 0 10.6418154251956 -6.55867586217759 0 16.9700842801808 14.0361998193135 8.66892316782331 -0.154038202089275 0 0.702423476941149 0 0 0.518661023359122 0 -0.62896793979172 0.898857128293653 -1.52909076098776 0 
0 -15.1649440523074 17.0452139699111 18.9925056225585 7.54104370602455 0 15.0788702420326 -7.82775693937566 13.8610990410024 -12.7061459015618 -19.2743971754212 -0.667015781936709 -1.13939879422048 0 0 -0.826123000386228 0.092221798418193 1.98367159906014 0 -0.640163976065891 -0.473343413543582 -17.1952333847039 0 4.4710669780481 0 14.9860957893478 0 19.4777762421769 0 19.160583510022 15.1969395462409 1.46314108905529 0 -0.676888563985419 1.41468335381461 0 -1.0288879233547 -1.46783191220268 0.792212276157091 1.74054222448754 0 
0.748595936178965 -15.514817505849 13.7953941122607 15.6851160692447 17.2437094791065 11.0030013653464 0 0 0 -8.54958560715876 -0.307288114124578 0 -0.0897939894766519 1.68346783317787 -0.556065117267922 0 1.01342390617981 0 -1.33079474853854 0.692188950577839 -0.889872159291931 17.0922148214151 0.0677719060647171 -16.539486076934 5.4091972417241 -0.229985965522931 -8.43019170147841 -2.19771960852562 3.99048991687153 0.287984607409679 1.98019134904267 0 0 0 0 0 0 1.24730596376923 0 0.721789859105735 0 
