100
10
2.85401682280935 -9.6165230449366 2.13387962721003 -10.3638491455297 0 12.7497409259201 2.82187173304701 19.0058825253536 2.06952411451821 0 15.2766814170762 0.595608745978963 0 0 0.860422585560206 0 0.79409043040317 0 0.0348374208783905 1.55277195365763 0.591217487878733 -17.9936584914074 13.8948257145913 5.43270056668329 0 15.718997639799 3.13085404973517 13.0460968488111 0 18.4724600017641 -4.22133633644382 -1.77381643269854 0 -0.230153424074013 2.26721421987154 0.368912837034516 -1.81739824908664 -1.54860505999467 0.855582403072893 1.74054222448754 -0.044609132243604 
2.85401682280935 -9.6165230449366 7.30142838116802 0 0 0 2.82187173304701 12.7032875608202 1.18992964191825 -0.307268424195828 14.3290552097974 0.595608745978963 0.0356107136772995 -0.350463444455743 0.860422585560206 0.495501579947538 0.79409043040317 0 0.510160379144438 -0.560845573437794 0.594697144159441 17.8765355828575 19.5161355920677 4.75644002943599 -13.1164008998854 8.74422812601283 3.13085404973517 17.3993106021543 19.3847518097305 7.65148613958223 0 0.317181885650932 0.72311685530614 -0.388893530442796 0 -0.594654094937562 -1.81739824908664 -1.70862130471907 0.581065051635292 0 -0.044609132243604 
2.85401682280935 -9.6165230449366 5.75512571609818 14.2524333333841 3.39300922252844 0.422914800873452 2.82187173304701 -0.0771754043536146 22.3340620832211 0.112371983175339 12.1445830739777 0.595608745978963 0.75899016615422 0.475854398424669 1.48790800912208 0.389900489700912 0.79409043040317 1.78570482816813 1.31061227878119 1.24312016103096 1.02763989435399 0 -1.87978522269045 -0.1098511438397 0 7.20691330647418 17.6326684363338 17.3993106021543 0 -19.3184636123099 14.8171766717998 1.97945172897515 -0.23258512202305 -0.254479559261575 0 -0.221321241404545 1.46405320403355 -1.70862130471907 0.855582403072893 -1.17049035844882 0.48456446357284 
0 -5.21304370114256 5.75512571609818 14.2524333333841 0.560331688663145 21.2687917057279 0.528384908325219 -1.26443329754492 19.9770825323309 3.66679412732683 14.3290552097974 1.48301372427168 0.806164592437523 0 0.860422585560206 -0.155102175090044 0.560553998039362 0.103233621894956 1.21922591098548 0.88817023583137 0.594697144159441 4.45314907918365 0 -5.22881116407402 -17.7115514211876 -21.5882046992836 17.5984415930223 17.3993106021543 16.1866752375554 21.3171087949384 9.71817587954838 -0.20606765762254 0.0297454405900768 -0.667678957184627 -1.52048759140097 -0.672353881924578 0.872266607620878 -1.70862130471907 0.581065051635292 1.74054222448754 0.892010547636082 
2.85370589749573 -9.6165230449366 3.06568608491946 3.23005655930846 0.560331688663145 22.6080074404171 2.82187173304701 -0.0771754043536146 18.1124276659044 0 14.3290552097974 0.778663264717284 0.393974937840353 1.20186968389986 0.860422585560206 -0.794128951562628 0.79409043040317 1.78570482816813 1.32666692572025 1.21117743209525 0.594697144159441 4.51637977013196 -0.761790586338281 5.43270056668329 0 -21.5882046992836 17.6326684363338 11.736142372124 0 3.89367877249312 12.1851239914937 -0.874160631966852 0.138249316587229 -0.230153424074013 2.26721421987154 -0.672353881924578 -0.00347218213764555 -2.01234856421703 0.855582403072893 -0.0839662442654214 0.892010547636082 
2.85349825055944 -9.6165230449366 10.7108050502887 6.69565338811169 3.39300922252844 0 2.82187173304701 -0.0771754043536146 22.3340620832211 -1.96301868812322 1.89087667804718 0.595608745978963 0.493731254899749 0.113440549901426 1.48790800912208 0.495501579947538 0.79409043040317 1.78570482816813 1.31061227878119 0.398703834413878 0.0866061290989659 4.51637977013196 0.976683238487077 1.39058398219784 9.08221915638178 14.9860957893478 19.5119972246056 17.3993106021543 19.3847518097305 5.55246178456697 12.1851239914937 -0.874160631966852 0.383926654292236 0.173234727332943 -0.0593000749029685 0 1.89857760578793 -1.70862130471907 0.581065051635292 0.376858007869151 0.892010547636082 
0.748595936178965 -9.6165230449366 -13.6339770814562 3.23005655930846 0 17.7051188946725 2.82187173304701 -0.0771754043536146 22.3340620832211 0 13.3823069946525 0.778663264717284 0.10111332265712 1.20186968389986 0.818449147277721 0.366502849043581 0.79409043040317 1.78570482816813 1.31061227878119 1.81926005851909 1.02494542801517 4.51637977013196 -3.36397987090236 5.43270056668329 -2.2281602440533 -21.5882046992836 3.13085404973517 17.3993106021543 0 3.89367877249312 8.84818001969167 -0.596963967241796 -0.113791921685353 -0.230153424074013 2.26721421987154 -0.672353881924578 -1.81739824908664 -1.70862130471907 0.855582403072893 -0.0839662442654214 1.20179758336479 
2.85345938451829 -4.5343740807075 -12.6065675134801 3.23005655930846 0 17.7051188946725 2.82187173304701 -0.0771754043536146 22.3340620832211 0 14.3290552097974 -0.381935718973137 0 1.20186968389986 0.860422585560206 0.366502849043581 0.79409043040317 1.78570482816813 1.31061227878119 2.01674147189909 0.594697144159441 3.30415186155781 -1.87978522269045 5.43270056668329 -13.1164008998854 -21.5882046992836 17.6326684363338 19.4777762421769 10.0467394912833 2.23647666039712 12.1851239914937 -0.874160631966852 -0.23258512202305 -0.230153424074013 0 -0.672353881924578 1.50988520317706 -1.46783191220268 -0.00272511171769591 0.833622060610736 0.892010547636082 
2.60016880146408 -15.1649440523074 2.93995959958525 3.23005655930846 2.95717485444954 22.6080074404171 4.20112886680343 -0.0771754043536146 19.9770825323309 -3.41742904289506 -4.84609227548171 -0.134093350513882 1.51706056500183 1.20186968389986 0.860422585560206 -0.794128951562628 0.256822583352599 1.78570482816813 1.21922591098548 0.331607856234353 -0.30158478555809 6.24673527607077 -17.6228249814468 -16.539486076934 0 -21.5882046992836 17.1799924090411 20.7742899487839 10.0467394912833 -17.7926458053024 12.1851239914937 -0.856933155915203 0.0310912653948605 0 2.26721421987154 -1.3695590271985 2.02892586957148 -3.00226242427354 -0.00272511171769591 -1.56857905900505 0.892010547636082 
2.85314768722572 -8.5880554152597 2.8344479789885 16.9659098322345 0 18.3043850970475 -4.17879500686135 -0.0771754043536146 9.48171761707948 -2.80035309344547 0.00548789510758961 0.952860246437071 1.6489678213368 0.57008058175914 0.828666320130539 0.366502849043581 0 1.78570482816813 1.27771223947765 0 0.252594015711264 10.0643274118958 -15.0430522985026 6.3126108834113 -13.1164008998854 11.9341761752657 20.4858299084407 0 10.4699979327479 7.65148613958223 17.4242149374561 0.230906117218968 0.777818305035037 -0.676888563985419 0 0.127850810535182 2.16036358673142 -0.699646122753455 -0.00272511171769591 0.627150817041821 0 
2.85265509800914 -17.0448515280592 3.94357362014408 14.2524333333841 3.39300922252844 0.422914800873452 1.91597240048739 -0.0771754043536146 18.1124276659044 0.112371983175339 14.3290552097974 -1.33736437542241 0 0.557846121330674 1.48790800912208 0.389900489700912 0.525566171857326 1.78570482816813 1.32666692572025 1.24312016103096 0.594697144159441 0.262759531714376 -1.87978522269045 0 0 -21.5882046992836 19.0530405321871 19.4777762421769 16.2473004009562 2.80304112206355 0 1.97945172897515 -0.23258512202305 -0.667678957184627 0 -1.3695590271985 1.0926159383555 -1.46783191220268 0.461214881078906 0.176467678168075 -0.044609132243604 
2.85296702945728 -7.88964496626968 4.00775783907518 6.40022221775736 3.39300922252844 18.5528534135096 7.29032523263727 -0.0771754043536146 18.1124276659044 -0.0698750087152584 14.3290552097974 0.595608745978963 -0.281547978716692 0.963090784811923 1.48790800912208 -0.191552240341693 -1.13388523669629 1.78570482816813 1.32666692572025 -0.263169920194508 0.594697144159441 3.30415186155781 -0.0453521320807531 4.04985858486027 -13.1164008998854 -18.7414049910109 2.04711511409707 19.4777762421769 16.2473004009562 -0.430134157384808 12.1851239914937 -0.874160631966852 -0.131619887278238 -1.07924685198313 0 0.168417195248612 -1.60309314721408 -1.46783191220268 0.461214881078906 0.102783863201171 0.892010547636082 
2.85154247632257 -7.88964496626968 3.94357362014408 6.40022221775736 3.39300922252844 18.5528534135096 7.29032523263727 -0.0771754043536146 18.1124276659044 -0.0698750087152584 14.3201151418593 0.595608745978963 0 0.963090784811923 1.48790800912208 -0.191552240341693 -1.13388523669629 1.78570482816813 1.32666692572025 -0.263169920194508 -0.0626285468799193 3.30415186155781 -1.87978522269045 4.04985858486027 -13.1164008998854 -18.7414049910109 2.04711511409707 19.4777762421769 16.2473004009562 -0.430134157384808 9.72726716735739 -0.874160631966852 -0.23258512202305 -1.07924685198313 0 0.168417195248612 -1.60309314721408 -1.46783191220268 0.461214881078906 0.102783863201171 0.467671178024109 
1.57142565333233 -9.6165230449366 -12.6065675134801 -2.17944260206047 3.39300922252844 0.422914800873452 2.82187173304701 -0.0771754043536146 18.1124276659044 0.112371983175339 14.3290552097974 0.595608745978963 0 -0.0703306671512922 1.92631439841646 0.389900489700912 0.79409043040317 1.78570482816813 1.32666692572025 1.24312016103096 0.594697144159441 4.51637977013196 -1.87978522269045 0 0 -21.5882046992836 3.13085404973517 17.3993106021543 0 7.65148613958223 0 -0.874160631966852 -0.23258512202305 -0.667678957184627 1.52201228954923 -1.3695590271985 -1.81739824908664 -1.70862130471907 0.855582403072893 -0.0839662442654214 -0.044609132243604 
1.57142565333233 -15.1649440523074 2.93995959958525 14.2524333333841 2.95717485444954 22.6080074404171 3.82697485749469 -0.0771754043536146 22.3340620832211 -3.41742904289506 -5.62973323617118 -0.667015781936709 1.51706056500183 0.557846121330674 0.860422585560206 -0.794128951562628 0.867401597927046 1.25207169828102 1.31061227878119 0.331607856234353 -0.555537694387854 4.51637977013196 -17.6228249814468 -16.539486076934 3.37488473876141 -21.5882046992836 17.6326684363338 17.718327180002 0 -21.8937005505402 14.8171766717998 -0.874160631966852 0.0310912653948605 0 2.65146339469192 -0.404981171402606 1.46405320403355 -1.70862130471907 0.855582403072893 -0.928333118198595 0.48456446357284 
2.85283533369343 -12.1666011978717 -9.94904817601156 0 3.39300922252844 17.7051188946725 3.84524594240135 -0.0771754043536146 18.1124276659044 -2.80035309344547 1.77938435379387 0.706191634119578 0.486838138595614 -0.550279709692243 1.48790800912208 0.366502849043581 0 1.78570482816813 1.32666692572025 0 -0.58537630092603 0.912785321270481 -2.0694721698386 0.58477505190986 -13.1164008998854 -18.7414049910109 17.6326684363338 17.3993106021543 10.0467394912833 7.65148613958223 0 1.97945172897515 -0.33578264362448 -0.960433059218541 0 0.0703606859223734 1.50988520317706 -1.70862130471907 -0.00272511171769591 -0.0839662442654214 -0.044609132243604 
2.56841277967297 -8.5880554152597 4.45141733847624 16.9659098322345 0 15.5122106060443 -4.17879500686135 -0.0771754043536146 9.48171761707948 -2.80035309344547 0.00548789510758961 0.952860246437071 1.53533630214414 0.57008058175914 1.39173703975591 0.366502849043581 0 1.78570482816813 1.32205672695397 0 0.252594015711264 10.0643274118958 -14.7555348942781 6.3126108834113 -14.7038870438486 9.34647103284787 20.4858299084407 0 10.0467394912833 7.65148613958223 17.4242149374561 0.230906117218968 0.888568977908496 -0.676888563985419 0.432495423980288 -0.289473239509143 2.16036358673142 -0.699646122753455 0.443096199246634 0.627150817041821 0 
0.748595936178965 -15.1649440523074 2.93995959958525 -2.17944260206047 2.21856616016876 22.6080074404171 3.82697485749469 -0.0771754043536146 18.1124276659044 -0.125524705287779 -4.84609227548171 -0.134093350513882 1.51706056500183 -0.0703306671512922 0.860422585560206 -0.794128951562628 0.867401597927046 1.78570482816813 1.32666692572025 0.287503853918753 -0.30158478555809 0 -1.87978522269045 -16.539486076934 -1.35581635076358 -21.5882046992836 17.6326684363338 19.4777762421769 10.0467394912833 -17.7926458053024 0 1.73176888700191 -0.23258512202305 0 2.26721421987154 -1.3695590271985 1.46405320403355 -1.46783191220268 -0.00272511171769591 -1.56857905900505 -0.044609132243604 
2.85269303993233 -19.6061065236368 7.29248250422184 8.0834817620383 3.39300922252844 0.422914800873452 5.24386391134181 -0.0771754043536146 22.3340620832211 -3.3400324052619 14.3290552097974 -0.699111080644238 0.493731254899749 0.516109605541504 1.48790800912208 0.389900489700912 0.79409043040317 1.78570482816813 1.31061227878119 -0.0688787104323873 0.594697144159441 4.51637977013196 -1.87978522269045 0.58477505190986 0 -21.5882046992836 17.6326684363338 11.736142372124 8.60062024663231 -19.3259265355188 17.4242149374561 -0.874160631966852 -0.23258512202305 -0.960433059218541 0 -0.404981171402606 1.46405320403355 -2.01234856421703 0.0949900055886199 -1.04289093879186 0 
2.57036047570913 -8.06952989272286 -12.6065675134801 -2.17944260206047 3.51764245741891 0.422914800873452 1.91597240048739 -0.0771754043536146 18.1124276659044 -2.14455966781571 14.3290552097974 -0.071687208549905 0 -0.0703306671512922 1.48126034934132 0.389900489700912 0.79409043040317 1.78570482816813 1.32666692572025 1.24312016103096 0.594697144159441 4.51637977013196 -1.87978522269045 0.58477505190986 -13.1164008998854 -21.5882046992836 3.13085404973517 19.4777762421769 16.2473004009562 5.77653903662066 9.71817587954838 -0.874160631966852 -0.23258512202305 -0.355160973647219 0 -1.3695590271985 -1.81739824908664 -1.46783191220268 0.461214881078906 0.395716705068814 0.892010547636082 
2.85196189212818 -9.6165230449366 5.75512571609818 14.2524333333841 3.39300922252844 0.422914800873452 2.82187173304701 -0.0771754043536146 22.3340620832211 0.112371983175339 14.3290552097974 0.595608745978963 0.75899016615422 0.0330732370135717 1.48790800912208 0.389900489700912 0.79409043040317 1.78570482816813 1.31061227878119 1.24312016103096 0.594697144159441 0.262759531714376 -1.87978522269045 -1.8985230221639 0 7.20691330647418 17.6326684363338 17.3993106021543 16.2473004009562 2.80304112206355 0 1.97945172897515 -0.23258512202305 -0.254479559261575 0 -0.221321241404545 1.46405320403355 -1.70862130471907 0.461214881078906 0.176467678168075 -0.044609132243604 
1.57142565333233 -15.1649440523074 7.29248250422184 -2.17944260206047 -2.67812249161216 18.9134139843348 2.82187173304701 -0.0771754043536146 17.1238220059889 0 11.6397299010026 -0.667015781936709 0.493731254899749 -0.0703306671512922 0.586827653109481 -0.106938016557572 0.79409043040317 1.78570482816813 1.4092535164716 1.456729500078 1.26966546403694 4.51637977013196 -1.87978522269045 5.43270056668329 5.4091972417241 -20.780959787141 17.6326684363338 19.4777762421769 0 2.80304112206355 -1.89516910947634 -0.874160631966852 -0.23258512202305 -0.230153424074013 -0.493103477458052 -0.935607305995937 1.46405320403355 -1.46783191220268 0.855582403072893 0.176467678168075 -0.044609132243604 
2.85248450694752 -8.20008195107807 5.75512571609818 0 1.52916748615874 3.11781161430656 2.82187173304701 12.7032875608202 19.9770825323309 -2.06931370341653 11.0606298292105 1.09673194805939 0.0496205396669084 0.434173867089755 1.23595773071794 0.495501579947538 0.79409043040317 0 1.21922591098548 -1.70639345396142 0.921548834732524 17.8765355828575 19.5161355920677 -8.34236005900537 -14.4431679363331 10.4952098105546 18.96162224494 17.3993106021543 19.3847518097305 10.4032606837355 0.22068421948733 0.317181885650932 0.72311685530614 0.17338788245031 -0.259408905370817 0 2.57854126267533 -1.70862130471907 0.581065051635292 0.045583046379305 -0.044609132243604 
0 -9.6165230449366 5.75512571609818 3.23005655930846 0.560331688663145 9.27179465944497 1.88353217385408 -0.937031839595656 18.1124276659044 3.66679412732683 14.3290552097974 0.595608745978963 0.806164592437523 1.20186968389986 0.860422585560206 0 0.278607121635511 1.96992158721663 1.32666692572025 0.88817023583137 0.594697144159441 -17.9936584914074 0 5.43270056668329 -17.7115514211876 -21.5882046992836 0 20.1535155434643 11.1529800113072 3.89367877249312 0 -1.77381643269854 0.0297454405900768 -0.230153424074013 -1.52048759140097 -0.672353881924578 -1.81739824908664 -2.383272355843 0.462349843612103 -0.0839662442654214 -0.044609132243604 
2.85248450694752 -8.5880554152597 2.8344479789885 16.9659098322345 -2.64423923149902 15.5122106060443 -4.17879500686135 -0.0771754043536146 9.48171761707948 0.617433711987656 1.77938435379387 0.952860246437071 1.6489678213368 0.57008058175914 0.867914221169387 0.366502849043581 -0.124191282491289 1.78570482816813 1.32205672695397 -0.263169920194508 -0.58537630092603 8.84275944765786 -15.0430522985026 6.3126108834113 -13.1164008998854 9.34647103284787 23.5670976150162 17.3993106021543 10.0467394912833 7.65148613958223 17.4242149374561 -0.356071219451759 0.777818305035037 -0.676888563985419 0 -0.289473239509143 1.97387218640366 -1.70862130471907 0.443096199246634 0.627150817041821 0 
2.85240913886679 -9.6165230449366 7.29248250422184 14.2524333333841 3.39300922252844 0.422914800873452 2.82187173304701 -0.0771754043536146 22.3340620832211 0 -2.78108200627895 0.778663264717284 0.493731254899749 0.557846121330674 1.48790800912208 1.26292353507733 0.79409043040317 1.78570482816813 1.31061227878119 1.456729500078 -0.555537694387854 4.51637977013196 -1.87978522269045 0 -13.1164008998854 -23.7276062339207 3.13085404973517 17.3993106021543 19.3847518097305 3.89367877249312 13.0313458382996 -0.874160631966852 -0.23258512202305 -0.667678957184627 0 -0.564429142137258 -1.81739824908664 -1.70862130471907 0.581065051635292 -0.0839662442654214 0.48456446357284 
2.8523801306885 -12.1666011978717 -12.6065675134801 0 3.39300922252844 0.422914800873452 3.87830645131334 -0.0771754043536146 22.3340620832211 -0.0698750087152584 1.77938435379387 0.706191634119578 0 -0.550279709692243 1.48790800912208 0.389900489700912 0.867401597927046 1.78570482816813 1.31061227878119 -0.263169920194508 -0.58537630092603 2.74256187432565 0 1.39058398219784 0 -18.7414049910109 0.235501334786184 17.3993106021543 0 7.65148613958223 15.4001649952262 -0.874160631966852 0 0.173234727332943 2.06864346923709 0.0703606859223734 -1.48536870647472 -1.70862130471907 0.855582403072893 -0.0839662442654214 0.77956829406301 
2.8523801306885 -12.3088792981156 7.29248250422184 0 3.39300922252844 -0.309863696973707 3.82697485749469 -0.0771754043536146 22.3340620832211 -0.0698750087152584 1.77938435379387 0.706191634119578 0.493731254899749 -0.550279709692243 1.48790800912208 0.679107252261186 0.867401597927046 1.78570482816813 1.31061227878119 -0.263169920194508 -0.58537630092603 3.70965517012386 0 1.39058398219784 3.3398776808008 -23.5621707292097 1.24519768417589 17.3993106021543 0 -19.3184636123099 15.4001649952262 -1.50198769197892 0 0.173234727332943 -0.309161031879094 -0.886556222809737 -2.9477450249287 -1.70862130471907 0.855582403072893 -1.17049035844882 0.77956829406301 
2.8523801306885 -12.1666011978717 -12.6065675134801 0 3.39300922252844 0.422914800873452 3.82697485749469 -0.0771754043536146 22.3340620832211 -0.0698750087152584 1.77938435379387 0.706191634119578 0 -0.550279709692243 1.48790800912208 0.389900489700912 0.867401597927046 1.78570482816813 1.31061227878119 -0.263169920194508 -0.58537630092603 2.74256187432565 -1.87978522269045 1.38156475896554 0 -18.7414049910109 3.13085404973517 17.3993106021543 8.60062024663231 7.65148613958223 15.4001649952262 -0.874160631966852 -0.23258512202305 -0.960433059218541 2.06864346923709 0.0703606859223734 -1.75876191552671 -1.70862130471907 0.0949900055886199 -0.0839662442654214 0.77956829406301 
2.85216340300209 -9.6165230449366 10.7108050502887 6.69565338811169 3.39300922252844 18.5528534135096 7.29032523263727 -0.0771754043536146 22.3340620832211 0 1.89087667804718 0.595608745978963 0.493731254899749 0.0944221428010717 1.48790800912208 -0.191552240341693 -1.13388523669629 1.78570482816813 1.31061227878119 0 0.0866061290989659 4.51637977013196 0.976683238487077 5.0755332191128 9.08221915638178 -18.7414049910109 16.6679209721358 17.3993106021543 16.2473004009562 6.52482635107582 12.1851239914937 -0.874160631966852 0.383926654292236 -1.07924685198313 -0.0593000749029685 0.168417195248612 1.89857760578793 -1.70862130471907 0.461214881078906 -0.0839662442654214 0.892010547636082 
2.57251523508209 -8.06952989272286 -12.6065675134801 -2.59057254744255 1.74057546981637 17.7051188946725 2.82187173304701 -0.0771754043536146 18.1124276659044 1.83768806752641 14.3290552097974 -0.071687208549905 0 -0.0703306671512922 1.48126034934132 0.366502849043581 0.79409043040317 1.78570482816813 1.32666692572025 0.695830386884432 0.594697144159441 4.51637977013196 -1.87978522269045 0.69404680484163 -13.1164008998854 -18.7414049910109 3.13085404973517 19.4777762421769 19.3847518097305 7.65148613958223 9.71817587954838 -0.874160631966852 -0.23258512202305 -0.310013441913768 0.425375567290641 0.0703606859223734 -1.81739824908664 -1.46783191220268 0.581065051635292 -0.0839662442654214 0.892010547636082 
1.57142565333233 -7.96469454465653 3.94357362014408 8.0018293219627 3.39300922252844 17.7051188946725 3.84524594240135 -0.0771754043536146 18.1124276659044 -2.80035309344547 14.3290552097974 -0.809334380849886 0 0.564712925318029 1.48790800912208 0.366502849043581 0 1.14861375247064 1.32666692572025 0 0.594697144159441 0.912785321270481 -2.0694721698386 0.58477505190986 -13.1164008998854 -20.780959787141 17.6326684363338 17.3724829841976 10.0467394912833 0.0708602927955151 0 1.97945172897515 -0.23258512202305 -0.960433059218541 0 -0.935607305995937 1.50988520317706 -1.70862130471907 -0.00272511171769591 0.176467678168075 -0.044609132243604 
2.85206656194692 -7.96469454465653 3.13629086042582 8.0018293219627 3.39300922252844 17.7051188946725 -0.196729770231399 -0.0771754043536146 18.1124276659044 -2.80035309344547 14.2602092911304 -0.809334380849886 0 0.564712925318029 1.48790800912208 0.366502849043581 0.758117416798192 1.78570482816813 1.32666692572025 0 0.594697144159441 0.912785321270481 -2.0694721698386 0.58477505190986 -13.1164008998854 7.20691330647418 17.204638068124 17.3993106021543 10.0467394912833 2.80304112206355 1.75905532844321 1.97945172897515 -0.23258512202305 -0.960433059218541 0 -0.221321241404545 1.50988520317706 -1.70862130471907 -0.00272511171769591 0.176467678168075 -0.044609132243604 
2.85206656194692 -9.6165230449366 7.29248250422184 16.9659098322345 3.39300922252844 17.7051188946725 -4.17879500686135 -0.0771754043536146 18.1124276659044 0.240384616907864 15.2766814170762 0.595608745978963 0.493731254899749 0.545840444381274 1.48790800912208 0.366502849043581 0 1.78570482816813 1.32666692572025 -0.195116214102654 0.591217487878733 4.51637977013196 -15.0430522985026 7.93350558280177 -13.1164008998854 14.9860957893478 20.4858299084407 0 19.3847518097305 4.63563457468321 5.20655095102571 -0.874160631966852 0.777818305035037 -0.387402305690293 0 0 2.16036358673142 -0.699646122753455 0.581065051635292 -0.280278128357734 0.421053572102009 
2.85206656194692 -7.96469454465653 1.73438365926705 -2.69103255355313 3.39300922252844 17.7051188946725 3.410206303564 -0.0771754043536146 18.1124276659044 -2.80035309344547 14.3290552097974 -0.632761416571569 0.611240587072093 0.349078696691002 1.48790800912208 0.366502849043581 0.271811686834233 1.78570482816813 1.32666692572025 0 0.594697144159441 25.2945487222609 1.69765792542494 1.4023563721461 -13.1164008998854 -18.7414049910109 4.49852210190078 19.4777762421769 19.3847518097305 2.80304112206355 -3.11203519167008 1.03065258613352 -0.23258512202305 -0.355160973647219 0 0.0703606859223734 -2.70501538077603 -1.46783191220268 0.581065051635292 0.176467678168075 -0.044609132243604 
1.57142565333233 -7.96469454465653 3.94357362014408 8.0018293219627 3.39300922252844 17.7051188946725 3.84524594240135 -0.0771754043536146 18.1124276659044 -2.80035309344547 14.3290552097974 -1.12923244310507 0 0.564712925318029 2.11970384248053 0.366502849043581 0 1.78570482816813 1.32666692572025 0 0.594697144159441 1.5975760122517 -1.87978522269045 0 -13.1164008998854 7.20691330647418 17.6326684363338 11.736142372124 10.0467394912833 2.80304112206355 0 1.97945172897515 -0.23258512202305 -0.667678957184627 0.581049450426851 -0.221321241404545 1.46405320403355 -2.01234856421703 -0.00272511171769591 0.176467678168075 -0.044609132243604 
1.57142565333233 -9.6165230449366 10.7108050502887 6.69565338811169 3.39300922252844 0 2.82187173304701 -0.0771754043536146 18.1124276659044 -1.96301868812322 14.3290552097974 0.595608745978963 0.493731254899749 0.113440549901426 2.11631209892049 0.495501579947538 0.79409043040317 1.78570482816813 1.32666692572025 0.398703834413878 0.594697144159441 4.51637977013196 -2.63655989679348 1.39058398219784 11.7437230211653 14.9860957893478 16.6679209721358 17.3993106021543 19.3847518097305 5.55246178456697 12.1851239914937 -0.874160631966852 -1.22670822586711 0.173234727332943 0.473854490152492 0 1.89857760578793 -1.70862130471907 0.581065051635292 0.376858007869151 0.892010547636082 
1.57142565333233 -7.88964496626968 3.94357362014408 8.0018293219627 3.39300922252844 22.6080074404171 7.29032523263727 -0.0771754043536146 18.1124276659044 -0.0698750087152584 14.3290552097974 0.595608745978963 0 0.564712925318029 1.48790800912208 -0.794128951562628 -1.13388523669629 1.37049294734397 1.32666692572025 -0.263169920194508 0.594697144159441 3.30415186155781 -1.87978522269045 4.04985858486027 0 -21.5882046992836 17.6326684363338 15.4019779700562 10.0467394912833 -0.430134157384808 12.1851239914937 -0.874160631966852 -0.23258512202305 -1.07924685198313 2.26721421987154 -1.3695590271985 1.50988520317706 -1.70862130471907 -0.00272511171769591 0.102783863201171 0.892010547636082 
2.85189431548331 -9.6165230449366 -13.3281067257412 -2.17944260206047 3.39300922252844 17.7051188946725 2.82187173304701 -0.0771754043536146 18.1124276659044 0 14.3290552097974 0.595608745978963 -0.0115807310731992 -0.0703306671512922 1.48790800912208 0.366502849043581 0.79409043040317 1.78570482816813 1.32666692572025 0 0.594697144159441 4.51637977013196 -0.14319507328011 0.58477505190986 0 -18.7414049910109 3.13085404973517 17.3993106021543 2.46160942935925 7.65148613958223 9.71817587954838 -0.874160631966852 -1.22670822586711 -0.355160973647219 1.52201228954923 0.0703606859223734 -1.81739824908664 -1.70862130471907 0.439250910887146 -0.0839662442654214 1.35861408496677 
1.57142565333233 -7.96469454465653 3.94357362014408 -2.17944260206047 3.39300922252844 22.6080074404171 2.82187173304701 0.472160029072389 18.1124276659044 -3.41742904289506 -5.62973323617118 -0.809334380849886 0 -0.0703306671512922 1.48790800912208 -0.794128951562628 0.79409043040317 1.40337874299538 1.32666692572025 0.331607856234353 -0.555537694387854 4.51637977013196 -17.6228249814468 0.58477505190986 5.4091972417241 -21.5882046992836 17.6326684363338 17.3993106021543 0 2.80304112206355 0 -0.874160631966852 0.0310912653948605 -1.48280597844757 -0.493103477458052 -0.404981171402606 1.46405320403355 -1.70862130471907 0.855582403072893 0.176467678168075 -0.044609132243604 
2.8517153593779 -12.6206791200771 5.75512571609818 3.23005655930846 0 17.7051188946725 2.82187173304701 -0.0771754043536146 18.1124276659044 -2.80035309344547 14.3290552097974 0.34073995715973 0.75899016615422 1.20186968389986 0.910377350044612 0.366502849043581 0.79409043040317 1.78570482816813 1.32666692572025 0 0.962441256419961 3.28506491132316 -1.87978522269045 -2.04416472785834 2.60369903901764 -18.7414049910109 1.24519768417589 21.2051998741483 19.3847518097305 2.80304112206355 10.6914820638911 2.0566226785754 -0.23258512202305 -0.716334602244354 -0.176892329425035 0.0703606859223734 -2.41878447859026 -1.70862130471907 0.581065051635292 0.176467678168075 0.393495418947887 
2.85154247632257 -19.6061065236368 -12.6065675134801 3.23005655930846 3.39300922252844 0 4.29724526114168 -0.0771754043536146 19.9770825323309 -1.30612647182128 14.3290552097974 -0.699111080644238 0 1.20186968389986 1.48790800912208 0.495501579947538 0.903217282021985 1.78570482816813 1.21922591098548 0.759274047240277 0.594697144159441 4.51637977013196 -1.87978522269045 0.58477505190986 0 -18.7414049910109 3.13085404973517 11.736142372124 8.60062024663231 7.65148613958223 17.4242149374561 -0.874160631966852 -0.23258512202305 -0.960433059218541 2.06864346923709 0.0703606859223734 -2.28954663239398 -2.01234856421703 0.0949900055886199 0.0800315101258603 0 
2.8517153593779 -9.6165230449366 5.75512571609818 3.23005655930846 0 12.7497409259201 2.82187173304701 -0.0771754043536146 18.1124276659044 0.51080394606609 12.1445830739777 0.595608745978963 0.75899016615422 1.20186968389986 1.16322991966886 0 0.79409043040317 1.78570482816813 1.32666692572025 0.290363522297872 1.02763989435399 0 -1.87978522269045 5.43270056668329 7.43751919543721 7.20691330647418 0 21.2051998741483 19.3847518097305 2.89170165955634 9.71817587954838 1.73176888700191 -0.23258512202305 -0.230153424074013 -0.493103477458052 -0.221321241404545 -1.81739824908664 -1.70862130471907 0.581065051635292 0.481224283432226 0.892010547636082 
2.8517153593779 -9.6165230449366 5.75512571609818 3.23005655930846 0 12.7497409259201 -0.264169320517297 -0.0771754043536146 18.1124276659044 0 12.1445830739777 0.595608745978963 0.75899016615422 1.20186968389986 0.860422585560206 0 0.79409043040317 1.78570482816813 1.32666692572025 1.55277195365763 1.02763989435399 0 13.8948257145913 5.43270056668329 0 15.718997639799 2.0032446126003 13.0460968488111 19.3847518097305 2.80304112206355 9.71817587954838 1.73176888700191 0 -0.230153424074013 2.26721421987154 0.368912837034516 -1.81739824908664 -1.21480653862227 0.581065051635292 0.899531756206197 0.892010547636082 
2.8517153593779 -10.7282202759889 7.29248250422184 3.23005655930846 0 17.6844792424862 2.82187173304701 -0.0771754043536146 18.1124276659044 -0.0698750087152584 12.1445830739777 0.595608745978963 0.493731254899749 1.20186968389986 1.16322991966886 -0.160235606604365 0.79409043040317 1.78570482816813 1.32666692572025 -0.263169920194508 1.02763989435399 3.00281728899703 -1.87978522269045 5.43270056668329 7.43751919543721 7.20691330647418 0 17.3993106021543 0 2.80304112206355 12.1851239914937 -0.556049525763863 -0.23258512202305 -0.230153424074013 -0.493103477458052 -0.221321241404545 -1.81739824908664 -1.70862130471907 0.855582403072893 0.899531756206197 0.892010547636082 
1.57142565333233 -10.0868849364281 -12.6065675134801 3.23005655930846 0 17.7051188946725 2.82187173304701 -0.0771754043536146 18.1124276659044 -2.80035309344547 14.3290552097974 0.34073995715973 0 1.20186968389986 0.860422585560206 0.366502849043581 0.79409043040317 1.78570482816813 1.98930167976734 0 0.962441256419961 0 -1.87978522269045 -2.04416472785834 -13.1164008998854 -18.7414049910109 17.6326684363338 19.4777762421769 19.3847518097305 -0.430134157384808 12.1851239914937 1.54672771768026 -0.23258512202305 -0.716334602244354 0 0.0703606859223734 1.50988520317706 -1.46783191220268 0.328202129433957 0.1631679539956 0.892010547636082 
2.8517153593779 -9.6165230449366 5.75512571609818 3.23005655930846 0 17.7051188946725 -4.17879500686135 -0.0771754043536146 18.1124276659044 -0.125524705287779 12.1445830739777 0.595608745978963 0.75899016615422 1.20186968389986 1.16322991966886 0.366502849043581 0 1.78570482816813 1.32666692572025 0.287503853918753 1.02763989435399 2.36285286350774 -1.87978522269045 5.43270056668329 -13.1164008998854 14.9860957893478 0 21.2051998741483 19.3847518097305 2.80304112206355 9.71817587954838 1.29329555707672 -0.23258512202305 -0.230153424074013 0 0 -1.81739824908664 -1.70862130471907 0.581065051635292 0.899531756206197 0.892010547636082 
2.85331688798802 -7.96469454465653 3.94357362014408 7.86436607770825 3.39300922252844 14.7329414774351 3.84524594240135 -0.0771754043536146 18.1124276659044 -0.0698750087152584 14.3290552097974 -0.215791586579658 0 0.963090784811923 1.48790800912208 0.076315846138781 0 1.78570482816813 1.32666692572025 -0.263169920194508 0.594697144159441 3.30415186155781 -1.87978522269045 0.58477505190986 -13.1164008998854 -19.2798999723885 17.6326684363338 19.4777762421769 10.0467394912833 -0.430134157384808 12.1851239914937 -0.874160631966852 -0.23258512202305 -1.28212209064147 0 -0.100454165707554 1.50988520317706 -1.46783191220268 -0.00272511171769591 0.102783863201171 0.892010547636082 
2.85161057714398 -8.20008195107807 5.75512571609818 0 0.560331688663145 3.11781161430656 2.82187173304701 12.7032875608202 19.9770825323309 -2.06931370341653 11.0606298292105 1.09673194805939 0.806164592437523 -0.0876153327187595 0.860422585560206 0.495501579947538 0.79409043040317 0 1.21922591098548 -1.70639345396142 0.921548834732524 2.99610549071623 0 -5.22881116407402 -17.7115514211876 -21.5882046992836 18.96162224494 17.3993106021543 16.1866752375554 10.4032606837355 0.22068421948733 -0.474160196829662 0.0297454405900768 -0.667678957184627 -1.52048759140097 -0.672353881924578 2.57854126267533 -1.70862130471907 0.581065051635292 0.045583046379305 -0.044609132243604 
2.56458936199833 -19.8999924756587 5.15372766144747 3.93949137036199 0 12.7497409259201 2.82187173304701 -0.0771754043536146 18.1124276659044 -0.941491564429128 12.1445830739777 -0.699111080644238 0.458565329782928 0.955565875175207 1.16322991966886 0 0.79409043040317 1.78570482816813 1.32666692572025 0.287503853918753 1.02763989435399 0 -1.87978522269045 -18.7827927845683 -1.74817996683911 7.20691330647418 17.6326684363338 21.2051998741483 10.0467394912833 2.80304112206355 17.4242149374561 1.73176888700191 -0.23258512202305 0 -0.0808739939894872 -0.221321241404545 1.46405320403355 -1.70862130471907 -0.00272511171769591 0.481224283432226 -0.509900116939051 
1.57142565333233 -7.88964496626968 2.13387962721003 8.0018293219627 3.39300922252844 22.6080074404171 2.82187173304701 19.0058825253536 18.1124276659044 0 15.2766814170762 0.595608745978963 0 0.564712925318029 1.48790800912208 -0.794128951562628 0.79409043040317 0 1.32666692572025 1.55277195365763 0.591217487878733 -17.9936584914074 -1.87978522269045 4.04985858486027 0 15.718997639799 3.13085404973517 17.3993106021543 0 18.4724600017641 -4.22133633644382 -1.77381643269854 -0.23258512202305 -1.07924685198313 2.26721421987154 0.368912837034516 -1.81739824908664 -1.70862130471907 0.855582403072893 1.74054222448754 -0.044609132243604 
0 -9.6165230449366 7.30142838116802 3.23005655930846 0 12.7497409259201 2.82187173304701 -0.0771754043536146 1.18992964191825 -0.941491564429128 14.3290552097974 0.595608745978963 0.0356107136772995 1.20186968389986 1.16322991966886 0 0.79409043040317 1.78570482816813 0.510160379144438 0.287503853918753 0.594697144159441 17.8765355828575 19.5161355920677 4.75644002943599 -13.1164008998854 8.74422812601283 3.13085404973517 17.3993106021543 19.3847518097305 2.80304112206355 0 0.317181885650932 0.72311685530614 -0.388893530442796 0 -0.594654094937562 -1.81739824908664 -1.70862130471907 0.581065051635292 0.481224283432226 -0.044609132243604 
2.57036047570913 -19.6061065236368 5.75512571609818 14.2524333333841 3.39300922252844 0 2.82187173304701 -0.0771754043536146 19.9770825323309 -1.30612647182128 12.1445830739777 -0.699111080644238 0.75899016615422 0.475854398424669 1.48790800912208 0.495501579947538 0.79409043040317 1.78570482816813 1.21922591098548 0.759274047240277 1.02763989435399 4.51637977013196 -1.87978522269045 0.58477505190986 0 -18.7414049910109 17.6326684363338 17.3993106021543 8.60062024663231 7.65148613958223 17.4242149374561 -0.874160631966852 -0.23258512202305 -0.960433059218541 2.06864346923709 0.0703606859223734 1.46405320403355 -1.70862130471907 0.0949900055886199 0.0800315101258603 0 
2.56650670918409 -9.6165230449366 5.75512571609818 6.69565338811169 3.39300922252844 18.5528534135096 0.528384908325219 -0.0771754043536146 19.9770825323309 3.66679412732683 1.89087667804718 0.595608745978963 0.806164592437523 0.113440549901426 1.48790800912208 -0.191552240341693 0.560553998039362 1.78570482816813 1.21922591098548 0.88817023583137 0.0866061290989659 4.51637977013196 0 4.04985858486027 9.08221915638178 -21.5882046992836 16.6679209721358 17.3993106021543 16.1866752375554 6.52482635107582 9.71817587954838 -0.874160631966852 0.0297454405900768 -1.07924685198313 -0.0593000749029685 -0.672353881924578 1.89857760578793 -1.70862130471907 0.581065051635292 -0.0839662442654214 0.892010547636082 
1.57142565333233 -9.6165230449366 5.75512571609818 3.23005655930846 3.39300922252844 22.6080074404171 2.82187173304701 -0.0771754043536146 18.1124276659044 0 14.3290552097974 0.778663264717284 0.806164592437523 1.20186968389986 1.48790800912208 -0.794128951562628 0.79409043040317 1.78570482816813 1.32666692572025 1.21117743209525 0.594697144159441 4.51637977013196 0 5.43270056668329 0 7.20691330647418 17.6326684363338 11.736142372124 16.2473004009562 3.89367877249312 0 -0.874160631966852 0.0297454405900768 -0.230153424074013 0 -0.221321241404545 -0.00347218213764555 -2.01234856421703 0.461214881078906 -0.0839662442654214 -0.044609132243604 
1.57142565333233 -9.6165230449366 2.13387962721003 6.69565338811169 0 12.7497409259201 2.82187173304701 19.0058825253536 22.3340620832211 -1.96301868812322 1.89087667804718 0.595608745978963 0 0.113440549901426 0.860422585560206 0 0.79409043040317 0 1.31061227878119 0.398703834413878 0.0866061290989659 4.51637977013196 13.8948257145913 1.39058398219784 9.08221915638178 15.718997639799 16.6679209721358 13.0460968488111 19.3847518097305 18.4724600017641 12.1851239914937 -0.874160631966852 0 0.173234727332943 -0.0593000749029685 0.368912837034516 1.89857760578793 -1.54860505999467 0.581065051635292 1.74054222448754 0.892010547636082 
2.56819821463191 -8.20008195107807 5.75512571609818 3.23005655930846 0 3.11781161430656 2.82187173304701 -0.0771754043536146 22.3340620832211 -2.06931370341653 11.0606298292105 1.09673194805939 0.0496205396669084 1.20186968389986 0.860422585560206 0.495501579947538 0.79409043040317 1.78570482816813 1.31061227878119 -1.70639345396142 0.921548834732524 4.51637977013196 -3.36397987090236 5.43270056668329 0 -21.5882046992836 3.13085404973517 17.3993106021543 19.3847518097305 10.4032606837355 0.22068421948733 -0.596963967241796 -0.113791921685353 -0.230153424074013 2.26721421987154 -0.672353881924578 -1.81739824908664 -1.70862130471907 0.581065051635292 0.045583046379305 -0.044609132243604 
2.8517153593779 -10.0868849364281 -12.6065675134801 3.23005655930846 0 17.7051188946725 2.82187173304701 -0.0771754043536146 18.1124276659044 0 14.3290552097974 0.34073995715973 0 1.20186968389986 0.860422585560206 0.366502849043581 0.79409043040317 1.78570482816813 1.32666692572025 1.55277195365763 0.962441256419961 0 -1.87978522269045 5.43270056668329 -13.1164008998854 -18.7414049910109 17.6326684363338 19.4777762421769 10.0467394912833 -0.430134157384808 12.1851239914937 1.54672771768026 -0.23258512202305 -0.230153424074013 0 0.0703606859223734 1.50988520317706 -1.46783191220268 -0.00272511171769591 0.1631679539956 0.892010547636082 
2.8517153593779 -9.6165230449366 10.7108050502887 3.23005655930846 3.39300922252844 22.6080074404171 3.82697485749469 -0.0771754043536146 19.9770825323309 -1.96301868812322 14.3290552097974 0.595608745978963 0.493731254899749 1.20186968389986 1.48790800912208 -0.794128951562628 0.867401597927046 1.78570482816813 1.21922591098548 0.398703834413878 0.594697144159441 6.24673527607077 -17.6228249814468 1.39058398219784 9.08221915638178 14.9860957893478 17.6326684363338 20.7742899487839 19.3847518097305 -17.7926458053024 12.1851239914937 -0.856933155915203 0.0310912653948605 0.173234727332943 -0.0593000749029685 0 1.46405320403355 -3.00226242427354 0.581065051635292 -1.56857905900505 0.892010547636082 
2.57009741187275 -8.5880554152597 -12.6065675134801 0 3.39300922252844 17.7051188946725 -4.17879500686135 -0.0771754043536146 18.1124276659044 -2.80035309344547 0.00548789510758961 0.952860246437071 0 -0.550279709692243 1.48790800912208 0.366502849043581 0 1.78570482816813 1.32666692572025 0 0.252594015711264 0.912785321270481 -15.0430522985026 6.3126108834113 -13.1164008998854 -18.7414049910109 20.4858299084407 17.3993106021543 10.0467394912833 7.65148613958223 17.4242149374561 1.97945172897515 0.777818305035037 -0.676888563985419 0 0.0703606859223734 2.16036358673142 -1.70862130471907 -0.00272511171769591 -0.0839662442654214 0 
1.57142565333233 -9.6165230449366 3.94357362014408 3.23005655930846 3.39300922252844 9.27179465944497 1.91597240048739 -0.0771754043536146 18.1124276659044 3.66679412732683 14.3290552097974 0.595608745978963 0 1.20186968389986 1.48790800912208 0 0.79409043040317 1.78570482816813 1.32666692572025 0.88817023583137 0.594697144159441 0.262759531714376 -1.87978522269045 5.43270056668329 -17.7115514211876 -21.5882046992836 17.0318198844473 17.3993106021543 16.2473004009562 2.80304112206355 0 1.97945172897515 -0.23258512202305 -0.230153424074013 -1.52048759140097 -0.672353881924578 1.46405320403355 -1.70862130471907 0.461214881078906 0.176467678168075 -0.044609132243604 
1.57142565333233 -7.88964496626968 6.1105536567562 3.23005655930846 3.39300922252844 18.5528534135096 7.29032523263727 -0.0771754043536146 18.1124276659044 -0.0698750087152584 14.3290552097974 0.595608745978963 0 1.20186968389986 1.48790800912208 -0.191552240341693 -1.13388523669629 1.78570482816813 1.32666692572025 -0.263169920194508 0.594697144159441 3.30415186155781 1.55421874250947 5.43270056668329 -13.1164008998854 -21.5882046992836 3.13085404973517 17.3993106021543 16.2473004009562 -0.430134157384808 8.84818001969167 -0.874160631966852 -0.410449242401146 -0.230153424074013 0 -0.672353881924578 -1.81739824908664 -1.70862130471907 0.461214881078906 0.102783863201171 1.20179758336479 
2.85297785700401 -7.88964496626968 3.94357362014408 14.2524333333841 3.39300922252844 0.422914800873452 7.29032523263727 -0.0771754043536146 22.3340620832211 0 14.3290552097974 0.595608745978963 0 0.557846121330674 1.48790800912208 1.26292353507733 -1.13388523669629 1.78570482816813 1.31061227878119 1.456729500078 0.594697144159441 3.30415186155781 -1.87978522269045 0 -13.1164008998854 -18.7414049910109 2.04711511409707 17.3993106021543 16.2473004009562 -0.430134157384808 12.1851239914937 -0.874160631966852 -0.23258512202305 -0.667678957184627 0 0.168417195248612 -1.60309314721408 -1.70862130471907 0.461214881078906 0.102783863201171 0.892010547636082 
2.85196189212818 -9.6165230449366 10.7108050502887 -2.17944260206047 3.39300922252844 0.422914800873452 2.82187173304701 -0.0771754043536146 22.3340620832211 0.112371983175339 14.3290552097974 0.595608745978963 0.493731254899749 -0.0703306671512922 1.48790800912208 0.389900489700912 0.79409043040317 1.78570482816813 1.31061227878119 1.24312016103096 0.594697144159441 4.51637977013196 -1.87978522269045 0 9.08221915638178 -21.5882046992836 19.5119972246056 17.3993106021543 0 7.65148613958223 0 -0.874160631966852 -0.23258512202305 -0.667678957184627 -0.0593000749029685 -1.3695590271985 1.89857760578793 -1.70862130471907 0.855582403072893 -0.0839662442654214 -0.044609132243604 
2.56650670918409 -7.96469454465653 3.94357362014408 14.2524333333841 2.95717485444954 14.7329414774351 3.84524594240135 -0.0771754043536146 22.3340620832211 -0.0698750087152584 -5.62973323617118 -0.215791586579658 0 0.557846121330674 0.860422585560206 0.366502849043581 0 1.78570482816813 1.31061227878119 -0.263169920194508 -0.555537694387854 4.51637977013196 -1.87978522269045 -16.539486076934 -13.1164008998854 -21.5882046992836 17.6326684363338 19.4777762421769 0 -0.430134157384808 12.1851239914937 -0.874160631966852 -0.23258512202305 0 0 -0.404981171402606 1.50988520317706 -1.46783191220268 0.855582403072893 0.102783863201171 0.892010547636082 
2.85314768722572 -19.6061065236368 -12.6065675134801 0 3.39300922252844 0.422914800873452 5.24386391134181 -0.0771754043536146 22.3340620832211 -2.80035309344547 1.77938435379387 -0.699111080644238 0 -0.550279709692243 1.48790800912208 0.389900489700912 0.79409043040317 1.78570482816813 1.31061227878119 0 -0.58537630092603 4.51637977013196 -1.87978522269045 0.58477505190986 -13.1164008998854 -21.5882046992836 17.6326684363338 17.3993106021543 10.0467394912833 7.65148613958223 0 -0.874160631966852 -0.23258512202305 -0.960433059218541 0 -0.404981171402606 1.50988520317706 -1.70862130471907 -0.00272511171769591 -0.0839662442654214 -0.044609132243604 
2.60016880146408 -4.5343740807075 -12.6065675134801 3.23005655930846 0 17.7051188946725 2.82187173304701 -0.0771754043536146 22.3340620832211 0 0.00548789510758961 -0.381935718973137 0 1.20186968389986 0.860422585560206 0.366502849043581 0.79409043040317 1.78570482816813 1.31061227878119 2.01674147189909 0.252594015711264 3.30415186155781 -1.87978522269045 5.43270056668329 -14.7038870438486 9.34647103284787 17.6326684363338 19.4777762421769 10.0467394912833 7.65148613958223 12.1851239914937 -0.874160631966852 -0.23258512202305 -0.230153424074013 0.432495423980288 -0.289473239509143 1.50988520317706 -1.46783191220268 -0.00272511171769591 0.627150817041821 0.892010547636082 
1.57142565333233 -8.06952989272286 2.93995959958525 -2.59057254744255 3.51764245741891 17.7051188946725 3.82697485749469 -0.0771754043536146 18.1124276659044 -0.125524705287779 14.3290552097974 -0.071687208549905 1.51706056500183 -0.0703306671512922 1.48126034934132 0.366502849043581 0.867401597927046 1.78570482816813 1.32666692572025 0.287503853918753 0.594697144159441 4.51637977013196 -1.87978522269045 -16.539486076934 0 -21.5882046992836 17.6326684363338 19.4777762421769 19.3847518097305 7.65148613958223 0 -0.874160631966852 -0.23258512202305 0 2.26721421987154 -1.3695590271985 1.46405320403355 -1.46783191220268 0.581065051635292 -0.0839662442654214 -0.044609132243604 
2.85314768722572 -7.88964496626968 3.94357362014408 8.0018293219627 3.39300922252844 22.6080074404171 5.24386391134181 -0.0771754043536146 22.3340620832211 -1.18797411468717 14.3290552097974 0.595608745978963 0 0.564712925318029 1.48790800912208 -0.794128951562628 0.79409043040317 1.78570482816813 1.31061227878119 -0.263169920194508 0.594697144159441 3.30415186155781 -1.87978522269045 0.58477505190986 0 -21.5882046992836 17.6326684363338 11.736142372124 8.60062024663231 -0.430134157384808 12.1851239914937 -0.874160631966852 -0.23258512202305 -0.960433059218541 2.26721421987154 -0.404981171402606 1.46405320403355 -2.01234856421703 0.0949900055886199 0.102783863201171 0.892010547636082 
2.85189431548331 -8.06952989272286 10.7108050502887 -2.17944260206047 3.51764245741891 0.422914800873452 2.82187173304701 -0.0771754043536146 18.1124276659044 -1.96301868812322 1.89087667804718 -0.071687208549905 0.493731254899749 -0.0703306671512922 1.48126034934132 0.389900489700912 0.79409043040317 1.78570482816813 1.32666692572025 0.398703834413878 0.0866061290989659 4.51637977013196 -1.87978522269045 0.58477505190986 -13.1164008998854 -21.5882046992836 19.5119972246056 17.3993106021543 19.3847518097305 5.55246178456697 12.1851239914937 -0.874160631966852 -0.23258512202305 -0.355160973647219 0 -1.3695590271985 1.89857760578793 -1.70862130471907 0.581065051635292 0.376858007869151 0.892010547636082 
2.56802859629803 -9.6165230449366 5.75512571609818 14.2524333333841 0 0.422914800873452 2.82187173304701 -0.0771754043536146 22.3340620832211 0.112371983175339 12.1445830739777 0.595608745978963 0.75899016615422 0.475854398424669 1.16322991966886 0.389900489700912 0.79409043040317 1.78570482816813 1.31061227878119 1.24312016103096 1.02763989435399 0.262759531714376 -1.87978522269045 -0.1098511438397 7.43751919543721 7.20691330647418 0 21.2051998741483 19.3847518097305 2.80304112206355 0 1.97945172897515 -0.23258512202305 -0.254479559261575 -0.493103477458052 -0.221321241404545 -1.81739824908664 -1.70862130471907 0.581065051635292 0.481224283432226 -0.044609132243604 
1.57142565333233 -15.1649440523074 7.29248250422184 16.9659098322345 3.39300922252844 18.9134139843348 -4.17879500686135 -0.0771754043536146 17.1238220059889 -2.64093658334619 14.3290552097974 -0.667015781936709 0.493731254899749 0.545840444381274 1.48790800912208 -0.106938016557572 0 1.78570482816813 1.4092535164716 0 0.594697144159441 4.51637977013196 -15.0430522985026 5.43270056668329 5.4091972417241 -20.780959787141 17.6326684363338 0 19.3847518097305 4.63563457468321 0 -0.874160631966852 0.777818305035037 -0.230153424074013 -0.493103477458052 -0.935607305995937 1.46405320403355 -0.699646122753455 0.581065051635292 -0.462485380686114 -0.044609132243604 
1.57142565333233 -8.20008195107807 5.75512571609818 0 3.39300922252844 17.7051188946725 2.82187173304701 12.7032875608202 19.9770825323309 -2.06931370341653 11.0606298292105 1.09673194805939 0.0496205396669084 0.315337148111005 1.48790800912208 0.366502849043581 0.79409043040317 0 1.21922591098548 -1.70639345396142 0.921548834732524 17.8765355828575 -15.0430522985026 -8.34236005900537 -14.4431679363331 14.9860957893478 18.96162224494 0 19.3847518097305 4.63563457468321 0.22068421948733 0.317181885650932 0.777818305035037 -0.034078713047355 -0.259408905370817 0 2.57854126267533 -0.699646122753455 0.581065051635292 -0.462485380686114 -0.044609132243604 
2.85175233168227 -9.6165230449366 5.75512571609818 3.23005655930846 0.560331688663145 9.27179465944497 1.88353217385408 -0.0771754043536146 18.1124276659044 3.66679412732683 1.89087667804718 0.595608745978963 0.806164592437523 1.20186968389986 0.860422585560206 0 0.278607121635511 1.78570482816813 1.32666692572025 0.88817023583137 0.0866061290989659 -17.9936584914074 0.976683238487077 5.43270056668329 -17.7115514211876 14.9860957893478 19.5119972246056 17.3993106021543 11.1529800113072 3.89367877249312 0 -1.77381643269854 0.383926654292236 -0.230153424074013 -1.52048759140097 0 1.89857760578793 -1.70862130471907 0.462349843612103 -0.0839662442654214 -0.044609132243604 
1.57142565333233 -9.6165230449366 2.8344479789885 16.9659098322345 -2.64423923149902 17.7051188946725 -4.17879500686135 -0.0771754043536146 18.1124276659044 -0.125524705287779 12.1445830739777 0.595608745978963 1.6489678213368 0.57008058175914 0.867914221169387 0.366502849043581 0 1.78570482816813 1.32666692572025 0.287503853918753 1.02763989435399 8.84275944765786 -15.0430522985026 6.3126108834113 -13.1164008998854 14.9860957893478 20.4858299084407 21.2051998741483 10.0467394912833 7.65148613958223 9.71817587954838 -0.356071219451759 0.777818305035037 -0.676888563985419 0 0 2.16036358673142 -1.70862130471907 0.443096199246634 0.627150817041821 0.892010547636082 
2.85283533369343 -9.6165230449366 7.29248250422184 14.2524333333841 3.39300922252844 17.7051188946725 -4.17879500686135 -0.0771754043536146 18.1124276659044 -2.64093658334619 -5.62973323617118 0.778663264717284 0.493731254899749 0.557846121330674 1.48790800912208 0.366502849043581 0 1.78570482816813 1.32666692572025 0 -0.555537694387854 4.51637977013196 -1.87978522269045 7.93350558280177 -13.1164008998854 14.9860957893478 20.4858299084407 0 19.3847518097305 3.89367877249312 5.20655095102571 -0.874160631966852 -0.23258512202305 -0.387402305690293 0 0 2.16036358673142 -0.699646122753455 0.581065051635292 -0.0839662442654214 0.421053572102009 
2.61682636567939 -7.88964496626968 -12.6065675134801 6.40022221775736 3.39300922252844 0.422914800873452 3.82697485749469 -0.0771754043536146 22.3340620832211 -0.0698750087152584 14.3290552097974 0.595608745978963 0 0.963090784811923 1.48790800912208 0.389900489700912 0.867401597927046 1.78570482816813 1.31061227878119 -0.263169920194508 0.594697144159441 2.74256187432565 -0.0453521320807531 1.39058398219784 -13.1164008998854 -18.7414049910109 3.13085404973517 17.3993106021543 16.2473004009562 -0.430134157384808 15.4001649952262 -0.874160631966852 -0.131619887278238 0.173234727332943 0 0.168417195248612 -1.75876191552671 -1.70862130471907 0.461214881078906 0.102783863201171 0.77956829406301 
2.85251322763588 -12.1666011978717 7.29248250422184 0 3.39300922252844 -0.309863696973707 3.82697485749469 -0.0771754043536146 22.3340620832211 -3.3400324052619 14.3290552097974 0.706191634119578 0.493731254899749 -0.550279709692243 1.48790800912208 0.679107252261186 0.867401597927046 1.78570482816813 1.31061227878119 -0.0688787104323873 0.594697144159441 4.51637977013196 0 1.39058398219784 3.3398776808008 -23.5621707292097 17.6326684363338 17.3993106021543 8.60062024663231 -19.3184636123099 15.4001649952262 -0.874160631966852 0 0.173234727332943 -0.309161031879094 -0.886556222809737 1.46405320403355 -1.70862130471907 0.0949900055886199 -1.17049035844882 0.77956829406301 
2.85269303993233 -12.1666011978717 -12.6065675134801 0 3.39300922252844 17.7051188946725 2.82187173304701 -0.0771754043536146 18.1124276659044 -2.80035309344547 14.3290552097974 0.706191634119578 0 -0.550279709692243 1.48790800912208 0.366502849043581 0.79409043040317 1.78570482816813 1.32666692572025 0 0.962441256419961 2.74256187432565 -1.87978522269045 -2.04416472785834 0 -18.7414049910109 1.24519768417589 21.2051998741483 19.3847518097305 2.80304112206355 10.6914820638911 -0.874160631966852 -0.23258512202305 -0.716334602244354 2.06864346923709 0.0703606859223734 -2.41878447859026 -1.70862130471907 0.581065051635292 0.176467678168075 0.393495418947887 
1.57142565333233 -8.5880554152597 2.8344479789885 6.69565338811169 0 18.5528534135096 -4.17879500686135 -0.0771754043536146 22.3340620832211 0 1.89087667804718 0.952860246437071 1.6489678213368 0.113440549901426 0.828666320130539 -0.191552240341693 0 1.78570482816813 1.31061227878119 0 0.0866061290989659 4.51637977013196 0.976683238487077 4.04985858486027 9.08221915638178 -18.7414049910109 16.6679209721358 0 10.4699979327479 7.65148613958223 12.1851239914937 -0.874160631966852 0.383926654292236 -1.07924685198313 -0.0593000749029685 0.168417195248612 1.89857760578793 -0.699646122753455 -0.00272511171769591 0.627150817041821 0.892010547636082 
2.85304364239642 -9.6165230449366 10.7108050502887 6.69565338811169 3.51764245741891 17.7051188946725 7.29032523263727 -0.0771754043536146 22.3340620832211 1.83768806752641 14.3290552097974 0.595608745978963 0.493731254899749 0.0944221428010717 1.48126034934132 0.366502849043581 -1.13388523669629 1.78570482816813 1.31061227878119 0.695830386884432 0.594697144159441 4.51637977013196 -1.87978522269045 5.0755332191128 -13.1164008998854 -18.7414049910109 3.13085404973517 17.3993106021543 16.2473004009562 7.65148613958223 12.1851239914937 -0.874160631966852 -0.23258512202305 -1.07924685198313 0 0.0703606859223734 -1.81739824908664 -1.70862130471907 0.461214881078906 -0.0839662442654214 0.892010547636082 
2.85206656194692 -7.96469454465653 3.94357362014408 14.2524333333841 3.39300922252844 0.422914800873452 1.91597240048739 -0.0771754043536146 18.1124276659044 -2.80035309344547 14.3290552097974 -0.809334380849886 0 0.557846121330674 1.48790800912208 0.389900489700912 0.525566171857326 1.78570482816813 1.32666692572025 0 0.594697144159441 0.262759531714376 -1.87978522269045 0.58477505190986 -13.1164008998854 -21.5882046992836 17.6326684363338 17.3993106021543 10.0467394912833 0.0708602927955151 0 1.97945172897515 -0.23258512202305 -0.960433059218541 0 -1.3695590271985 1.50988520317706 -1.70862130471907 -0.00272511171769591 0.176467678168075 -0.044609132243604 
1.57142565333233 -19.6061065236368 -12.6065675134801 3.23005655930846 3.39300922252844 17.7051188946725 5.24386391134181 -0.0771754043536146 18.1124276659044 -1.30612647182128 14.2602092911304 -0.699111080644238 0 1.20186968389986 1.48790800912208 0.366502849043581 0.79409043040317 1.78570482816813 1.32666692572025 0.759274047240277 0.594697144159441 0.912785321270481 -1.87978522269045 0.58477505190986 0 -18.7414049910109 3.13085404973517 11.736142372124 8.60062024663231 7.65148613958223 1.75905532844321 1.97945172897515 -0.23258512202305 -0.960433059218541 2.06864346923709 0.0703606859223734 -1.75876191552671 -2.01234856421703 0.0949900055886199 0.0800315101258603 -0.044609132243604 
2.85252232190791 -9.6165230449366 5.75512571609818 16.9659098322345 3.39300922252844 17.7051188946725 1.88353217385408 -0.0771754043536146 18.1124276659044 3.66679412732683 14.3290552097974 0.595608745978963 0.806164592437523 0.545840444381274 1.48790800912208 0.366502849043581 0.278607121635511 1.78570482816813 1.32666692572025 0.88817023583137 0.594697144159441 -17.9936584914074 -15.0430522985026 7.93350558280177 -17.7115514211876 -21.5882046992836 20.4858299084407 20.1535155434643 11.1529800113072 3.89367877249312 0 -1.77381643269854 0.777818305035037 -0.387402305690293 -1.52048759140097 -0.672353881924578 2.16036358673142 -2.383272355843 0.462349843612103 -0.0839662442654214 -0.044609132243604 
2.85206656194692 -7.96469454465653 1.73438365926705 -2.17944260206047 3.39300922252844 17.7051188946725 3.410206303564 -0.0771754043536146 18.1124276659044 -2.80035309344547 14.3290552097974 -0.632761416571569 0.611240587072093 -0.0703306671512922 1.48790800912208 0.366502849043581 0.271811686834233 1.78570482816813 1.32666692572025 0 0.594697144159441 2.74256187432565 1.69765792542494 0.58477505190986 -13.1164008998854 -18.7414049910109 0.235501334786184 19.4777762421769 0 2.80304112206355 15.4001649952262 -0.874160631966852 -0.23258512202305 -0.355160973647219 0 0.0703606859223734 -1.48536870647472 -1.46783191220268 0.855582403072893 0.176467678168075 0.77956829406301 
2.85206656194692 -7.96469454465653 3.94357362014408 8.0018293219627 3.39300922252844 17.7051188946725 3.84524594240135 -0.0771754043536146 18.1124276659044 -0.0698750087152584 14.3290552097974 -1.12923244310507 0 0.564712925318029 1.48790800912208 0.366502849043581 0 1.78570482816813 1.32666692572025 -0.263169920194508 0.594697144159441 1.5975760122517 -0.0453521320807531 0 -13.1164008998854 7.20691330647418 2.04711511409707 19.4777762421769 16.2473004009562 2.80304112206355 0 1.97945172897515 -0.131619887278238 -0.667678957184627 0 -0.221321241404545 -1.60309314721408 -1.46783191220268 0.461214881078906 0.176467678168075 -0.044609132243604 
2.85189431548331 -9.6165230449366 -13.3281067257412 6.69565338811169 3.39300922252844 0 2.82187173304701 -0.0771754043536146 18.1124276659044 0 14.3290552097974 0.595608745978963 -0.0115807310731992 0.113440549901426 1.48790800912208 0.495501579947538 0.79409043040317 1.78570482816813 1.32666692572025 0 0.594697144159441 4.51637977013196 -2.63655989679348 1.39058398219784 0 -18.7414049910109 3.13085404973517 17.3993106021543 19.3847518097305 5.55246178456697 12.1851239914937 -0.874160631966852 -1.22670822586711 0.173234727332943 1.52201228954923 0.0703606859223734 -1.81739824908664 -1.70862130471907 0.581065051635292 0.376858007869151 0.892010547636082 
2.56983498364486 -8.5880554152597 3.94357362014408 8.0018293219627 0 15.5122106060443 7.29032523263727 -0.0771754043536146 9.48171761707948 -2.80035309344547 0.00548789510758961 0.952860246437071 0 0.564712925318029 1.39173703975591 0.366502849043581 -1.13388523669629 1.78570482816813 1.32205672695397 0 0.252594015711264 3.30415186155781 -1.87978522269045 4.04985858486027 0 9.34647103284787 20.4858299084407 17.3993106021543 10.0467394912833 -0.430134157384808 17.4242149374561 -0.874160631966852 -0.23258512202305 -1.07924685198313 2.26721421987154 -0.289473239509143 2.16036358673142 -1.70862130471907 0.443096199246634 0.102783863201171 0 
1.57142565333233 -9.6165230449366 7.30142838116802 -2.17944260206047 3.39300922252844 0 2.82187173304701 12.7032875608202 18.1124276659044 0 14.3290552097974 0.595608745978963 0.0356107136772995 -0.0703306671512922 1.48790800912208 0.495501579947538 0.79409043040317 0 1.32666692572025 0 0.594697144159441 17.8765355828575 -0.14319507328011 4.75644002943599 0 -18.7414049910109 3.13085404973517 17.3993106021543 0 7.65148613958223 9.71817587954838 0.317181885650932 -1.22670822586711 -0.388893530442796 1.52201228954923 0.0703606859223734 -1.81739824908664 -1.70862130471907 0.855582403072893 -0.0839662442654214 1.35861408496677 
1.57142565333233 -19.6061065236368 -12.6065675134801 3.23005655930846 3.39300922252844 22.6080074404171 5.24386391134181 -0.0771754043536146 18.1124276659044 -3.41742904289506 14.3290552097974 -0.699111080644238 0 1.20186968389986 1.48790800912208 -0.794128951562628 0.79409043040317 1.78570482816813 1.32666692572025 0.331607856234353 0.594697144159441 4.51637977013196 -1.87978522269045 0.58477505190986 5.4091972417241 -21.5882046992836 17.6326684363338 11.736142372124 8.60062024663231 2.80304112206355 0 -0.874160631966852 -0.23258512202305 -0.960433059218541 -0.493103477458052 -0.404981171402606 1.46405320403355 -2.01234856421703 0.0949900055886199 0.176467678168075 -0.044609132243604 
2.8517153593779 -10.0868849364281 3.94357362014408 3.23005655930846 0 17.7051188946725 2.82187173304701 -0.0771754043536146 18.1124276659044 -2.80035309344547 14.3290552097974 0.34073995715973 0 1.20186968389986 0.910377350044612 0.366502849043581 0.79409043040317 1.78570482816813 1.32666692572025 0 0.962441256419961 0 -1.87978522269045 -2.04416472785834 -13.1164008998854 -18.7414049910109 17.6326684363338 21.2051998741483 19.3847518097305 2.80304112206355 10.6914820638911 1.54672771768026 -0.23258512202305 -0.716334602244354 0.581049450426851 0.0703606859223734 1.46405320403355 -1.70862130471907 0.581065051635292 0.176467678168075 0.393495418947887 
1.57142565333233 -19.6061065236368 2.8344479789885 3.23005655930846 3.39300922252844 18.3043850970475 -4.17879500686135 -0.0771754043536146 19.9770825323309 -2.80035309344547 0.00548789510758961 -0.699111080644238 1.6489678213368 1.20186968389986 1.48790800912208 0.366502849043581 0 1.78570482816813 1.21922591098548 0 0.252594015711264 10.0643274118958 -1.87978522269045 0.58477505190986 0 -18.7414049910109 3.13085404973517 11.736142372124 10.4699979327479 7.65148613958223 17.4242149374561 0.230906117218968 -0.23258512202305 -0.960433059218541 2.06864346923709 0.0703606859223734 -1.75876191552671 -2.01234856421703 -0.00272511171769591 0.627150817041821 0 
2.8517153593779 -9.6165230449366 5.75512571609818 3.23005655930846 0 17.7051188946725 -4.17879500686135 -0.0771754043536146 18.1124276659044 -0.125524705287779 12.1445830739777 0.595608745978963 0.75899016615422 1.20186968389986 1.16322991966886 0.366502849043581 0 1.78570482816813 1.32666692572025 0.287503853918753 1.02763989435399 0 -1.87978522269045 5.43270056668329 -13.1164008998854 14.9860957893478 0 21.2051998741483 19.3847518097305 2.80304112206355 9.71817587954838 1.73176888700191 -0.23258512202305 -0.230153424074013 0 0 -1.81739824908664 -1.70862130471907 0.581065051635292 0.481224283432226 0.892010547636082 
2.85154247632257 -7.88964496626968 3.94357362014408 6.40022221775736 3.39300922252844 12.7497409259201 -0.264169320517297 -0.0771754043536146 18.1124276659044 0 14.3201151418593 0.595608745978963 0 0.963090784811923 1.48790800912208 0 0.79409043040317 1.78570482816813 1.32666692572025 1.55277195365763 -0.0626285468799193 0 13.8948257145913 5.43270056668329 -13.1164008998854 -18.7414049910109 2.04711511409707 19.4777762421769 16.2473004009562 -0.430134157384808 9.71817587954838 1.73176888700191 0 -0.230153424074013 0 0.168417195248612 -1.60309314721408 -1.46783191220268 0.461214881078906 0.102783863201171 0.892010547636082 
2.85154247632257 -9.6165230449366 5.75512571609818 3.23005655930846 0 17.7051188946725 2.82187173304701 -0.0771754043536146 18.1124276659044 -0.0698750087152584 12.1445830739777 0.595608745978963 0.75899016615422 1.20186968389986 0.910377350044612 0.366502849043581 0.79409043040317 1.78570482816813 1.32666692572025 -0.263169920194508 1.02763989435399 3.28506491132316 -1.87978522269045 -2.04416472785834 7.43751919543721 -18.7414049910109 0 21.2051998741483 0 2.80304112206355 12.1851239914937 2.0566226785754 -0.23258512202305 -0.716334602244354 -0.493103477458052 0.0703606859223734 -1.81739824908664 -1.70862130471907 0.855582403072893 0.899531756206197 0.892010547636082 
1.57142565333233 -7.96469454465653 -12.6065675134801 3.23005655930846 3.39300922252844 17.7051188946725 3.84524594240135 -0.0771754043536146 18.1124276659044 -2.80035309344547 14.3290552097974 -1.12923244310507 0 1.20186968389986 2.11970384248053 0.366502849043581 0 1.78570482816813 1.32666692572025 0 0.962441256419961 0 -1.87978522269045 0 -13.1164008998854 -18.7414049910109 17.6326684363338 19.4777762421769 19.3847518097305 -0.430134157384808 0 1.54672771768026 -0.23258512202305 -0.667678957184627 0 0.0703606859223734 1.46405320403355 -1.46783191220268 0.581065051635292 0.1631679539956 -0.044609132243604 
2.38448882404085 -9.6165230449366 5.75512571609818 -2.17944260206047 0 0.422914800873452 -4.17879500686135 -0.0771754043536146 18.1124276659044 -2.14455966781571 12.1445830739777 0.595608745978963 0.75899016615422 -0.0703306671512922 1.16322991966886 0.389900489700912 0 1.78570482816813 1.32666692572025 1.24312016103096 1.02763989435399 4.51637977013196 -1.87978522269045 5.43270056668329 -13.1164008998854 -21.5882046992836 0 21.2051998741483 19.3847518097305 5.77653903662066 9.71817587954838 -0.874160631966852 -0.23258512202305 -0.230153424074013 0 -1.3695590271985 -1.81739824908664 -1.70862130471907 0.581065051635292 0.395716705068814 0.892010547636082 
1.57142565333233 -7.96469454465653 3.94357362014408 7.86436607770825 3.39300922252844 22.6080074404171 3.84524594240135 0.472160029072389 18.1124276659044 -0.0698750087152584 14.3290552097974 -0.215791586579658 0 0.963090784811923 1.48790800912208 -0.794128951562628 0 1.40337874299538 1.32666692572025 -0.263169920194508 0.594697144159441 3.30415186155781 -1.87978522269045 0.58477505190986 -13.1164008998854 -19.2798999723885 17.6326684363338 17.3993106021543 10.0467394912833 -0.430134157384808 12.1851239914937 -0.874160631966852 -0.23258512202305 -1.48280597844757 0 -0.100454165707554 1.46405320403355 -1.70862130471907 -0.00272511171769591 0.102783863201171 0.892010547636082 
2.85380961187157 -8.20008195107807 10.7108050502887 6.69565338811169 0.560331688663145 0 2.82187173304701 12.7032875608202 19.9770825323309 -1.96301868812322 11.0606298292105 1.09673194805939 0.493731254899749 0.113440549901426 0.860422585560206 0.495501579947538 0.79409043040317 0 1.21922591098548 0.398703834413878 0.921548834732524 4.51637977013196 -2.63655989679348 -5.22881116407402 11.7437230211653 -21.5882046992836 18.96162224494 17.3993106021543 19.3847518097305 5.55246178456697 0.22068421948733 -0.874160631966852 -1.22670822586711 -0.667678957184627 0.473854490152492 -0.672353881924578 2.57854126267533 -1.70862130471907 0.581065051635292 0.376858007869151 -0.044609132243604 
2.85304364239642 -19.8999924756587 5.15372766144747 8.0018293219627 3.39300922252844 17.7051188946725 2.82187173304701 -0.0771754043536146 18.1124276659044 -0.941491564429128 12.1445830739777 -0.699111080644238 0.458565329782928 0.564712925318029 1.48790800912208 0.366502849043581 0.79409043040317 1.78570482816813 1.32666692572025 0.287503853918753 1.02763989435399 0.912785321270481 -1.87978522269045 -16.539486076934 -1.74817996683911 -20.780959787141 17.6326684363338 17.3724829841976 10.0467394912833 2.80304112206355 0 1.97945172897515 -0.23258512202305 0 -0.0808739939894872 -0.935607305995937 1.46405320403355 -1.70862130471907 -0.00272511171769591 0.481224283432226 -0.044609132243604 
