100
10
2.57109798855871 -9.6165230449366 3.94357362014408 0 0 0 3.84524594240135 19.0058825253536 0 0 14.3290552097974 0.595608745978963 0 0 0.860422585560206 0.495501579947538 0 0 -0.263255857053798 0 0.594697144159441 4.51637977013196 13.8948257145913 0 -13.1164008998854 10.4952098105546 0 13.0460968488111 16.1367461253594 7.65148613958223 0 -0.874160631966852 0 -0.667678957184627 0 0 -1.81739824908664 -1.54860505999467 0 0 -0.044609132243604 
2.57109798855871 -9.6165230449366 3.94357362014408 0 0 0 3.84524594240135 19.0058825253536 0 0 14.3290552097974 0.595608745978963 0 0 0.860422585560206 0.495501579947538 0 0 -0.263255857053798 0 0.594697144159441 4.51637977013196 13.8948257145913 0 -13.1164008998854 10.4952098105546 0 13.0460968488111 16.1367461253594 7.65148613958223 0 -0.874160631966852 0 -0.667678957184627 0 0 -1.81739824908664 -1.54860505999467 0 0 -0.044609132243604 
2.57109798855871 -9.6165230449366 3.94357362014408 0 0 0 3.84524594240135 19.0058825253536 0 0 14.3290552097974 0.595608745978963 0 0 0.860422585560206 0.495501579947538 0 0 -0.263255857053798 0 0.594697144159441 4.51637977013196 13.8948257145913 0 -13.1164008998854 10.4952098105546 0 13.0460968488111 16.1367461253594 7.65148613958223 0 -0.874160631966852 0 -0.667678957184627 0 0 -1.81739824908664 -1.54860505999467 0 0 -0.044609132243604 
0.748595936178965 -15.1649440523074 2.13387962721003 3.97482614218016 4.26274074779951 17.3482750343849 17.6499341893475 -16.7346931792492 13.8610990410024 -2.05170965066725 6.93394487115273 -0.667015781936709 0 0 0.193204499666209 0 0.092221798418193 0.366769787094914 0 1.55277195365763 1.73062504908565 -5.29501771800919 0 4.4710669780481 -3.45425583988161 14.9860957893478 1.9889899739013 19.4777762421769 0 20.1181191223059 9.71817587954838 -1.49015409289401 0.430063707549155 -0.676888563985419 2.26721421987154 0 -1.0288879233547 -1.46783191220268 0 1.74054222448754 0.892010547636082 
0 -15.1649440523074 0 3.97482614218016 7.54104370602455 17.3482750343849 15.0788702420326 -0.0771754043536146 20.0203343896523 0 -4.84609227548171 -0.667015781936709 0 0 0 0 0.092221798418193 1.78570482816813 0.415099159616557 1.55277195365763 -0.555537694387854 -7.97975425980042 0 -13.8402736158298 10.6418154251956 -12.5584815221645 0 -2.05287800014619 -1.51362142293417 -1.55922105608472 12.1851239914937 0 0 0.41138055101567 0 -1.64466012438976 -1.0288879233547 -1.9524874333071 0.249457139638 0.031732575051362 0.892010547636082 
2.56988634506748 -15.1649440523074 0 3.97482614218016 7.54104370602455 17.3482750343849 10.4172108397666 -0.0771754043536146 18.1124276659044 0 -4.84609227548171 -0.667015781936709 0 -0.603521804438681 0 0 -0.354072984398377 1.78570482816813 1.32666692572025 1.55277195365763 -0.555537694387854 -7.97975425980042 0 -16.7508088366831 10.6418154251956 -12.5584815221645 -3.17835217594558 -2.05287800014619 0 -1.55922105608472 12.1851239914937 0 0 0.269323571971303 0 -1.64466012438976 -0.653072283981867 -1.9524874333071 0.249457139638 0.031732575051362 0.892010547636082 
2.56988634506748 -15.1649440523074 0 3.97482614218016 0 17.3482750343849 0 -0.0771754043536146 18.1124276659044 -11.9831124917525 0 -0.667015781936709 0.386276332701685 0 0 0 1.01342390617981 1.78570482816813 1.32666692572025 -0.27368127831895 -0.628737155640841 -7.97975425980042 0 0 5.4091972417241 -18.7414049910109 20.4858299084407 4.87944621819977 0 -3.8763331285102 0 0 0 -1.43275224391034 0 0.0703606859223734 2.16036358673142 0 0.249457139638 0.104108504757336 1.19067444707764 
2.56988634506748 -15.1649440523074 -12.6065675134801 0 7.54104370602455 17.3482750343849 5.79528363691423 -0.0771754043536146 18.1124276659044 0 -4.84609227548171 -0.667015781936709 0 1.47072999340982 0 0 0.487619732766235 1.78570482816813 1.32666692572025 1.55277195365763 -0.555537694387854 0 0 -13.8402736158298 9.08221915638178 -12.5584815221645 -1.67387766611012 -2.05287800014619 0 -1.55922105608472 12.1851239914937 0 0 0.41138055101567 -0.0593000749029685 -1.64466012438976 -1.35672851879929 -1.9524874333071 0.249457139638 0.031732575051362 0.892010547636082 
2.56988634506748 -19.6167465646829 0 3.97482614218016 14.9720461922568 17.3482750343849 10.3223563201364 -0.0771754043536146 18.1124276659044 0 -4.84609227548171 -0.943284793381246 0 0 -0.992810893334826 0 -0.354072984398377 1.78570482816813 1.32666692572025 1.55277195365763 -0.555537694387854 -10.7386995284766 0 4.4710669780481 0 -12.5584815221645 17.6326684363338 19.4777762421769 0 -18.8818193501243 12.1851239914937 0 0 -0.676888563985419 0 -1.64466012438976 1.46405320403355 -1.46783191220268 0.249457139638 -0.828458802899559 0.892010547636082 
0 -9.6165230449366 2.13387962721003 6.71250458781724 0 0 3.84524594240135 19.0058825253536 0 0 16.7769043619637 0.595608745978963 0 0 0.860422585560206 0.495501579947538 0 0 -0.263255857053798 0 0.186574123849428 4.51637977013196 -17.7299109090725 -16.539486076934 0 14.9860957893478 0 13.0460968488111 0 0 9.71817587954838 -0.874160631966852 0 0 2.26721421987154 0 -1.81739824908664 -1.54860505999467 0 -0.462485380686114 0.288980994852717 
2.5694115145838 -9.6165230449366 2.13387962721003 6.71250458781724 0 0 3.84524594240135 19.0058825253536 2.06952411451821 0 14.3290552097974 0.595608745978963 0 0 0.860422585560206 0.495501579947538 0 0 0.0348374208783905 0 0.594697144159441 4.51637977013196 13.8948257145913 5.43270056668329 0 10.4952098105546 0 13.0460968488111 0 19.160583510022 9.71817587954838 -0.874160631966852 0 -0.230153424074013 2.26721421987154 0 -1.81739824908664 -1.54860505999467 0.855582403072893 1.74054222448754 0.892010547636082 
2.36431119505926 -15.1649440523074 -12.6065675134801 0 16.8561923023575 12.7497409259201 5.79528363691423 -0.884963926339971 18.1124276659044 0 0 -0.667015781936709 0 1.47072999340982 -0.109434655434189 0 -0.0382746877513242 1.51713979221747 1.32666692572025 -0.263169920194508 -1.3195076367443 0 0 -13.8402736158298 9.08221915638178 -16.756209813783 -12.6087386163225 16.0251126879943 0 -1.55922105608472 9.71817587954838 0 0 0.41138055101567 -0.0593000749029685 0 0.555237248914892 2.76376695826825 0.249457139638 0.031732575051362 0.892010547636082 
1.57142565333233 17.2969402825911 0 15.6851160692447 17.4451060860628 0 -9.85824882511899 0 0 -19.3594054967907 -4.75414227915655 0 0 1.68346783317787 1.11915983826349 0 0 1.04267997156953 0 0 0 -13.3369285966907 0 -16.539486076934 3.78976121721312 13.0024174940784 -8.43019170147841 0 2.9511073152307 0 3.61207955685075 -1.77381643269854 -0.464818962134802 -0.260609369995356 0.138221178449793 1.06894400299943 0 0 -1.32258408485101 0 0.0347239384589363 
0.748595936178965 -1.94477689601238 17.0452139699111 3.23005655930846 -17.8455007904421 0 2.44386011848406 0 0 1.83790716889217 0 -0.319229468409545 -1.13939879422048 1.20186968389986 1.59412206876749 0 -1.96145468529382 0 -0.584983382646452 1.78994520322883 0 -10.5398833335097 0.0677719060647171 -14.65422294785 0 9.62414941267304 0 -10.2448234754823 18.714143437666 6.40999446914531 13.5468737937263 1.52448077663988 0 -1.93143748395678 -0.415124763927946 1.09351984276135 0 1.72971108077546 0.898857128293653 0 0 
1.57142565333233 7.09937914605224 -3.40227012662323 3.97482614218016 6.48363125812431 0 4.87166967497751 -6.86853452195345 0 0 0 -1.43106898173274 -0.106277667510453 0 0 -0.812091006344227 -1.96145468529382 0.571544080926824 -0.263255857053798 1.55277195365763 -0.477513038775657 -7.97975425980042 8.17426628813812 -13.8402736158298 0 14.9860957893478 -2.65285640757198 0 16.1367461253594 0 0 0 0 0.41138055101567 0 0 -1.81739824908664 1.44560278740041 0 -0.462485380686114 0 
1.57142565333233 -11.0762155262177 0 3.97482614218016 7.54104370602455 0 0 -0.884963926339971 0 0 -14.2017478096307 0.159797254325728 0 0 0 -0.812091006344227 1.13675711356884 1.51713979221747 -0.263255857053798 0 0 -7.97975425980042 0.0677719060647171 2.08576260231704 10.6418154251956 10.4952098105546 -16.2218149454434 13.0460968488111 0 0 0 0 0 0 0 0 0 -1.54860505999467 0.249457139638 -0.462485380686114 -0.044609132243604 
1.57142565333233 0 -1.37710145738772 0 12.8217975310384 -2.47382765616003 -7.64124319250288 2.77723446617705 -13.3775255146332 0 -4.75414227915655 0 0.982731043334459 0 1.50156464024054 0.407039728214517 -0.527438999399282 -0.0900088604958769 -1.5158906315993 1.55277195365763 0 2.06069877457838 -13.0885271237644 7.7265433630564 8.11114053386782 15.718997639799 -2.94343250009391 0 1.03424918886006 2.7954618366414 13.5468737937263 -2.53179981402671 0 -1.50750137935742 0.566886543094593 0.368912837034516 -1.13865786098813 -1.0613520290057 0 0 0 
1.57142565333233 -8.81016282774981 5.98707973304534 -0.053139598599234 -17.8455007904421 -13.9419613843513 0 3.93178126208101 0 0 -14.2017478096307 0.88316143345235 0.446507904886505 0 1.59412206876749 -1.18608774765678 0 0 -0.263255857053798 0 0 -10.5398833335097 2.4187233949633 2.08576260231704 -17.7115514211876 -6.55867586217759 -16.2218149454434 15.068406229079 0 0 0 1.52448077663988 0.0620968378251869 0 -1.52048759140097 0.518661023359122 0 -1.76766268227606 0 -0.462485380686114 -0.044609132243604 
1.57142565333233 -15.1649440523074 1.27554064804015 -21.728738415534 4.26652499626694 0 3.84524594240135 -0.884963926339971 7.17129616400753 0 0 -0.667015781936709 0.75899016615422 1.10923002863733 0.860422585560206 0 0 0.678453534226144 1.27771223947765 0 0 -10.5398833335097 3.29563457534911 8.36626113781997 -19.5029578086468 -6.55867586217759 0.0782188587254935 0 -1.73541534181471 -17.3967204323955 15.1969395462409 1.52448077663988 0.0620968378251869 -0.43053485778651 -1.63787570061995 0.518661023359122 -0.532287718044728 1.44560278740041 -1.39772556507854 1.46104832434144 0 
1.57142565333233 7.09937914605224 5.98707973304534 3.23005655930846 -12.4665150364938 -9.84964745577874 -8.29879307202007 2.77723446617705 -13.3775255146332 0 -4.75414227915655 -1.43106898173274 0.446507904886505 1.20186968389986 1.02557531233205 0 1.64170756174331 -0.350965725393484 -1.5158906315993 0 0 0 2.93969178709187 4.4710669780481 -4.13639658323321 14.9860957893478 -11.2067888531866 -3.2144603618488 1.03424918886006 0 -9.67114824320709 1.97945172897515 0 -0.676888563985419 -0.943802413038817 0 0.420474968077836 1.52526579179115 0 -0.462485380686114 -0.938443573628759 
1.57142565333233 -9.6165230449366 3.34334155502419 3.97482614218016 0 17.3482750343849 0 -0.884963926339971 0 0 -14.2017478096307 0.595608745978963 1.19207314168665 0 0.860422585560206 0 1.13675711356884 1.51713979221747 -0.263255857053798 -0.263169920194508 0 -16.7730637782128 -0.680398627035505 2.08576260231704 -4.13639658323321 10.4952098105546 -16.2218149454434 9.32747975807985 0 7.65148613958223 0 1.89874144224391 0 0 -0.943802413038817 0 0 -1.02589405836812 0 0 -0.044609132243604 
1.57142565333233 -8.81016282774981 0 6.90531302700067 -17.8455007904421 0 0 0 -0.859801859762427 0 -4.84609227548171 0.88316143345235 0 0.307813629977318 1.59412206876749 0.495501579947538 0 0 -0.00701494235872058 0 -0.555537694387854 -10.5398833335097 2.4187233949633 -0.421029264163705 0 14.9860957893478 0 4.74327190655436 16.1367461253594 7.65148613958223 0 1.52448077663988 0.0620968378251869 -2.2669289733688 0 0 -1.81739824908664 -0.715566599767453 0 0 -0.044609132243604 
0.748595936178965 0 -3.42122074655314 13.3577925814585 13.434979332278 -2.47382765616003 0 0.829196220184302 -13.3775255146332 0 -4.75414227915655 0 -0.423143222827065 -0.750603255234008 2.32783074833352 0.407039728214517 0 -0.933520267248862 -1.5158906315993 -1.79228180357827 0 0 -9.13339191476507 7.7265433630564 -19.8002807701939 15.718997639799 -2.94343250009391 -3.45953782217556 1.03424918886006 2.7954618366414 13.5468737937263 1.97945172897515 -0.856620579053005 -1.50750137935742 0 0.368912837034516 -1.13865786098813 1.44560278740041 0 0 0 
1.57142565333233 -15.1649440523074 5.98707973304534 18.9925056225585 -17.8455007904421 13.1122586046868 0 -0.884963926339971 0.306828975215009 0 -14.2017478096307 -0.667015781936709 0.446507904886505 -0.347456954651259 1.59412206876749 0 1.13675711356884 1.51713979221747 -0.584983382646452 -0.263169920194508 0 -16.7730637782128 0.0677719060647171 2.08576260231704 -4.13639658323321 -6.55867586217759 -16.2218149454434 13.0460968488111 1.22173068473196 0 9.71817587954838 1.89874144224391 0 -0.839252281812603 -0.943802413038817 0.13577863584076 0 -1.54860505999467 0 -0.462485380686114 0.892010547636082 
1.57142565333233 -8.81016282774981 5.78293021297219 -10.3638491455297 -17.8455007904421 -13.1433988201401 0 0 0 0 -14.2017478096307 0.88316143345235 -0.155202636837588 0 1.59412206876749 -1.18608774765678 1.13675711356884 -0.939097410961565 -1.27025979537063 0 0 -17.024869810522 -13.0122407213842 0 0 -0.229985965522931 12.204178325927 0 -11.2333667423732 0 -3.57591903003674 1.36856721360635 0.955523612869682 -0.30580772753144 0 0 -1.92587802281877 1.54329143908959 0 -0.462485380686114 0 
1.57142565333233 -9.6165230449366 5.98707973304534 3.97482614218016 -17.8455007904421 17.3482750343849 15.0788702420326 -0.884963926339971 7.17129616400753 0 -14.2017478096307 0.595608745978963 0.446507904886505 0 1.59412206876749 0 0.092221798418193 1.51713979221747 1.27771223947765 -0.263169920194508 0 -10.5398833335097 0.0677719060647171 -3.84543605327859 -4.13639658323321 -6.55867586217759 -14.5335132595308 13.0460968488111 0 0 14.5378714867578 1.52448077663988 0 -1.90735403723426 -0.943802413038817 0.518661023359122 0.247573922801564 -1.54860505999467 0 -0.462485380686114 -0.85473623539076 
1.57142565333233 -9.30949743846874 0 5.91511163204681 -17.8455007904421 0 0 -3.07990086105648 0 5.85671568562124 -0.307288114124578 -0.709902754970781 0 -0.389709701943076 1.59412206876749 0.495501579947538 0 0.892774153534683 -0.263255857053798 1.36826732259629 -0.889872159291931 -10.5398833335097 5.10241917839852 -16.539486076934 10.6418154251956 17.2215254379071 -8.43019170147841 4.74327190655436 -1.73541534181471 7.65148613958223 -4.72408519448903 1.52448077663988 -0.00897023457985847 0 0 -0.351307302350787 0 -0.715566599767453 -1.39772556507854 0 0.438307766326846 
1.57142565333233 3.69465236724105 15.7029531876105 -21.728738415534 0 4.29867561175426 0 2.20622518412127 -16.1604769230636 0 0 0 0 1.10923002863733 0 1.97938650286728 1.01342390617981 0.611881436226834 0 0 -0.355738331170631 -19.5178733018776 0.0677719060647171 8.36626113781997 -16.5644057730978 -18.7414049910109 20.4858299084407 -10.2448234754823 -11.2333667423732 -9.41260127558494 -2.65754351087731 0 0 -0.43053485778651 -1.89358647721521 0.0703606859223734 2.16036358673142 1.72971108077546 0 -0.16224849705689 1.13646579299889 
1.57142565333233 7.09937914605224 0 3.97482614218016 6.29808338968925 0 15.4432157446599 0 0 0 -4.84609227548171 -1.43106898173274 0 0 -0.0799309885035879 -0.812091006344227 0.4187458979286 0 -0.263255857053798 0 -0.555537694387854 -7.97975425980042 2.93969178709187 -14.65422294785 10.2144893354804 -12.5584815221645 0 -6.44157256299703 0 0 0 0 0 -1.93143748395678 0 -1.64466012438976 -1.35821476937654 -1.47500940853497 0.249457139638 -0.462485380686114 0 
1.57142565333233 6.94357738790269 -12.6065675134801 3.97482614218016 7.54104370602455 0 15.0788702420326 0 0 0 0 -0.728484220825361 0 0 0 -0.812091006344227 0.092221798418193 0 -0.263255857053798 0 -0.628737155640841 -7.97975425980042 0 0 5.4091972417241 -18.7414049910109 20.4858299084407 -6.44157256299703 0 0 9.71817587954838 0.21667939322846 0 -1.43275224391034 0 0.0703606859223734 2.16036358673142 -1.47500940853497 0.249457139638 -0.462485380686114 0.892010547636082 
1.57142565333233 -15.1649440523074 0 0.823821632062933 -15.0563635560946 17.3482750343849 15.0788702420326 -16.7346931792492 13.8610990410024 0 0 -0.667015781936709 0 -1.62683788659369 1.02557531233205 0 0.092221798418193 0.366769787094914 0 1.55277195365763 -1.1681418461763 -7.97975425980042 0 -11.1091214557686 0 -12.5584815221645 0 19.4777762421769 0 7.65148613958223 -9.67114824320709 0 0 0.228390412027198 1.41468335381461 -1.64466012438976 0 -1.46783191220268 -1.39772556507854 0 -0.938443573628759 
1.57142565333233 -9.6165230449366 -1.37710145738772 15.6851160692447 -15.5308212784728 4.29867561175426 0 -0.884963926339971 0 0 0 0.595608745978963 1.48228125156941 1.68346783317787 -0.0134386774354794 1.97938650286728 1.01342390617981 1.24032096097261 0 1.55277195365763 -0.975796274438406 -7.97975425980042 0 0 -17.7115514211876 -18.7414049910109 20.4858299084407 14.521650017063 16.1367461253594 -1.55922105608472 0 0 -0.464818962134802 -0.30580772753144 -1.52048759140097 0.0703606859223734 2.16036358673142 -1.0195713002093 0 0.031732575051362 1.03392240551017 
1.57142565333233 -9.6165230449366 3.94357362014408 15.6851160692447 17.4451060860628 0 -9.85824882511899 0 0 -19.3594054967907 14.3290552097974 0.595608745978963 0 1.68346783317787 1.11915983826349 0 0 1.04267997156953 -0.263255857053798 -0.584726865787398 0.594697144159441 -19.5178733018776 13.8948257145913 -16.539486076934 10.6418154251956 10.4952098105546 -8.43019170147841 13.0460968488111 16.1367461253594 3.64089744772804 17.4242149374561 0 0 -0.260609369995356 0 0 0 -1.54860505999467 0 -0.762250583666493 0 
1.57142565333233 -15.1649440523074 -3.60599176194798 0 -17.8455007904421 -13.9419613843513 2.44386011848406 0 0 0 -14.2017478096307 -0.667015781936709 0 0 1.59412206876749 -1.18608774765678 -1.91768329509426 0 -1.27025979537063 1.55277195365763 0 -19.1064242735069 -10.0607482111364 2.08576260231704 8.11114053386782 -15.1671222109194 0 0 0 7.65148613958223 15.1969395462409 1.91697638571122 -1.00884031644503 0 0.566886543094593 1.62565194332304 1.68467097619766 1.44560278740041 0.160673894062952 0 0 
1.57142565333233 -15.1649440523074 0 3.97482614218016 0 -17.07920405901 0 0 18.1124276659044 2.52477385426162 0 -0.667015781936709 0.386276332701685 0 0 -0.965211463419353 1.13675711356884 -0.652485858952853 1.32666692572025 0.465078023478891 0 -7.97975425980042 0 -3.84543605327859 5.4091972417241 -18.7414049910109 20.4858299084407 0 16.1367461253594 7.65148613958223 0 0 0 -1.90735403723426 0 0.0703606859223734 2.16036358673142 1.54329143908959 0 -0.144073570125771 1.19067444707764 
1.57142565333233 -12.0308381933863 13.9554259111432 5.91511163204681 0 0 2.44386011848406 -7.82775693937566 -13.3775255146332 5.85671568562124 -14.2017478096307 -0.536488295782585 -0.612433660594948 -0.389709701943076 0.860422585560206 0.495501579947538 -1.96145468529382 1.98367159906014 -1.5158906315993 1.36826732259629 0.26036008079553 -10.5398833335097 3.7586638632038 -3.84543605327859 0 9.62414941267304 -5.0983895850826 0 -1.73541534181471 -12.316610437034 -4.72408519448903 1.52448077663988 1.82786254390509 -1.90735403723426 0 1.09351984276135 -0.839068591054095 1.44560278740041 -1.39772556507854 1.61979038250623 0.438307766326846 
1.57142565333233 0 0 7.13468860235749 0 0 3.84524594240135 12.7032875608202 -13.3775255146332 5.85671568562124 0.631210145275672 0 0 -0.0655310107700205 0.860422585560206 -0.812091006344227 0 0 -1.5158906315993 1.36826732259629 -1.22979776558922 0 6.24389083415451 4.4710669780481 -19.8002807701939 9.62414941267304 2.28200829694141 0 0 10.3735516618814 15.188975432999 0 0 -0.676888563985419 0 1.09351984276135 1.24938009830629 1.44560278740041 0 -0.522585076486033 -0.0723366123029667 
1.57142565333233 -9.6165230449366 17.0452139699111 -10.3638491455297 -15.5308212784728 1.9378307207198 0 0 0 0.367673253811744 -4.84609227548171 0.595608745978963 -1.13939879422048 0 -0.0134386774354794 1.68603421352153 0 0 0 0.350191515279092 -0.555537694387854 17.0922148214151 -10.0607482111364 0 -17.7115514211876 2.22579926765794 -8.43019170147841 14.521650017063 10.0467394912833 -1.55922105608472 15.1969395462409 0 -1.00884031644503 -0.30580772753144 -1.52048759140097 0 0 -1.0195713002093 -0.00272511171769591 0.031732575051362 0 
1.57142565333233 -15.1649440523074 -3.40227012662323 0 -17.8455007904421 -13.9419613843513 15.0788702420326 -16.7346931792492 4.00537328878668 16.8580064814808 0 -0.667015781936709 -0.106277667510453 0 1.59412206876749 -1.18608774765678 0.092221798418193 0.366769787094914 -1.27025979537063 0 -1.1681418461763 -17.024869810522 -7.80798259603697 2.08576260231704 0 -6.55867586217759 0 0 0 7.65148613958223 -9.67114824320709 1.36856721360635 0.161063560359675 0 1.41468335381461 0.518661023359122 0 0 0.160673894062952 0 -0.938443573628759 
1.57142565333233 -9.6165230449366 -1.37710145738772 -9.1407495872773 -16.9130443068748 7.55045987085926 15.0788702420326 -0.884963926339971 0 0 0 0.595608745978963 1.48228125156941 0.601241291314942 0.422197433385159 0 0.092221798418193 1.24032096097261 0.228766792821124 1.55277195365763 -0.622408810361479 -7.97975425980042 0 0 -15.3847301357355 -15.1671222109194 12.204178325927 13.0460968488111 16.1367461253594 -1.55922105608472 6.35595818986462 0 -0.464818962134802 -0.30580772753144 1.49503452866107 1.62565194332304 -1.44416876204506 -1.54860505999467 0.598833349886738 0.031732575051362 0.0347239384589363 
0.748595936178965 -15.1649440523074 0.749481239984502 3.97482614218016 0 17.3482750343849 15.0788702420326 12.7032875608202 13.8610990410024 5.85671568562124 6.93394487115273 -0.667015781936709 0.662347402489906 0 0 0 0.092221798418193 0 0 1.36826732259629 1.73062504908565 0 -3.02717985772862 -14.65422294785 -19.8002807701939 14.9860957893478 0 19.4777762421769 0 -8.79713112898037 15.188975432999 1.97945172897515 0.430063707549155 -1.93143748395678 0 0 0 -1.46783191220268 0 -0.227854187706417 -0.0723366123029667 
1.57142565333233 -15.1649440523074 0 3.97482614218016 0 0 15.0788702420326 0 -13.3775255146332 -8.54958560715876 0 -0.667015781936709 0 0 1.50219097665613 0 0.092221798418193 -0.813948322466551 -1.5158906315993 0.692188950577839 0 -14.7724474400852 2.4187233949633 4.4710669780481 -22.2382091787356 13.0024174940784 2.28200829694141 -13.2188631376339 16.1367461253594 7.65148613958223 0 1.1936175007809 0.0620968378251869 -0.676888563985419 0.223397870605531 1.06894400299943 1.24938009830629 0.00617582816918186 0 0 -0.044609132243604 
1.57142565333233 0 3.94357362014408 0 0 0 1.1864841319092 12.7032875608202 -13.3775255146332 3.83117235704845 14.3290552097974 0 0 0 0.860422585560206 0.495501579947538 0 0 -1.5158906315993 1.55277195365763 0.594697144159441 -19.5178733018776 13.8948257145913 4.4710669780481 1.37627935338592 9.62414941267304 2.28200829694141 17.3993106021543 16.1367461253594 0 17.4242149374561 0 0 -0.676888563985419 -2.28973030265874 1.09351984276135 1.24938009830629 -1.70862130471907 0 0 0 
1.57142565333233 -15.1649440523074 0 7.13468860235749 0 0 15.0788702420326 19.0058825253536 0 0 14.3290552097974 -0.667015781936709 0 -0.0655310107700205 0 0.4550373406592 0.092221798418193 0 -1.31417429415238 1.55277195365763 0.594697144159441 4.51637977013196 13.8948257145913 0 0 12.6751692708 0 0 18.714143437666 7.65148613958223 0 -0.874160631966852 0 -0.667678957184627 -1.34385550736629 0.74358359585683 -1.81739824908664 1.44560278740041 0.898857128293653 0 -0.044609132243604 
1.57142565333233 -15.1649440523074 0 3.97482614218016 -16.8909725484396 17.3482750343849 0 -0.0771754043536146 0 0 0 -0.667015781936709 0 0 1.59412206876749 0 0 1.78570482816813 -0.263255857053798 0 0 -7.97975425980042 2.4187233949633 -13.8402736158298 6.04001632716508 -6.55867586217759 12.2307142113478 -2.05287800014619 0 -1.55922105608472 0 0 0.0620968378251869 0.41138055101567 -0.661003817758059 0.518661023359122 -1.40987321520684 -1.9524874333071 0.249457139638 0.031732575051362 -0.044609132243604 
1.57142565333233 0 -1.97457490562209 3.23005655930846 17.4451060860628 0 0 2.77723446617705 7.17129616400753 5.85671568562124 14.3290552097974 0 -0.554394196110961 1.20186968389986 1.76842868596708 0.495501579947538 1.20801857263223 -0.0900088604958769 1.27771223947765 1.36826732259629 0.594697144159441 0 16.6753981042539 4.4710669780481 0 9.62414941267304 0 0 18.714143437666 19.160583510022 13.5468737937263 1.97945172897515 0 -0.676888563985419 2.26721421987154 1.09351984276135 0 -0.699646122753455 0.898857128293653 1.74054222448754 0 
1.57142565333233 -9.6165230449366 7.41355854655316 3.61800573026669 0 0 2.44386011848406 19.0058825253536 -6.29895993042689 5.85671568562124 14.3290552097974 0.595608745978963 0 -0.457137314769038 0.860422585560206 0.495501579947538 -1.96145468529382 0 0 1.36826732259629 0.594697144159441 4.51637977013196 13.8948257145913 1.13925397956709 -13.1164008998854 10.4952098105546 0.0782188587254935 0 16.1367461253594 0 0 -0.874160631966852 0 -0.667678957184627 0 0 -0.532287718044728 1.54329143908959 0 -0.462485380686114 -0.044609132243604 
1.57142565333233 -8.81016282774981 -1.37710145738772 -13.2057216671788 -15.5308212784728 11.0030013653464 0 0 -6.29895993042689 0 0 0.88316143345235 1.48228125156941 0.593801865602751 -0.0134386774354794 0 1.13675711356884 -0.939097410961565 0 0 0 -7.97975425980042 -13.0122407213842 -4.31630097972988 -17.7115514211876 -0.229985965522931 12.204178325927 0 -11.2333667423732 0 -3.57591903003674 0 0.0167465479936202 -1.2390024731583 -1.52048759140097 0 -1.44416876204506 1.54329143908959 0 -0.462485380686114 0 
1.57142565333233 -15.1649440523074 3.94357362014408 14.5389298815927 0 -13.9419613843513 0 19.0058825253536 0 0 -4.84609227548171 -0.381027996642994 0 0 0.860422585560206 -1.18608774765678 0 0 -0.263255857053798 1.55277195365763 -0.555537694387854 18.9155071316825 13.8948257145913 0 -13.1164008998854 10.4952098105546 12.2307142113478 -2.05287800014619 16.1367461253594 0 0 0.52622613614715 0 -0.0447364503446672 0 0 -1.40987321520684 -1.9524874333071 0 -0.462485380686114 -0.044609132243604 
1.57142565333233 3.69465236724105 15.7029531876105 -10.3638491455297 0 4.29867561175426 0 2.20622518412127 -16.1604769230636 -11.9831124917525 0 -0.153548902065283 0 0 0 1.97938650286728 1.01342390617981 0.611881436226834 0 -0.27368127831895 -0.628737155640841 -19.5178733018776 0.0677719060647171 0 5.4091972417241 -18.7414049910109 20.4858299084407 4.11026606166748 -11.2333667423732 -9.41260127558494 0 0.618096609952905 0 -1.43275224391034 0 0.0703606859223734 2.16036358673142 0.229446021038781 0 -0.16224849705689 1.19067444707764 
1.57142565333233 -15.1649440523074 3.94357362014408 7.13468860235749 0 0 15.0788702420326 19.0058825253536 0 0 14.3290552097974 -0.667015781936709 0 -0.0655310107700205 0 0.495501579947538 0.092221798418193 0 -1.31417429415238 0 0.594697144159441 4.51637977013196 13.8948257145913 0 -13.1164008998854 10.4952098105546 0 13.0460968488111 16.1367461253594 7.65148613958223 0 -0.874160631966852 0 -0.667678957184627 0 0 -1.81739824908664 -1.54860505999467 0 0 -0.044609132243604 
1.57142565333233 3.69465236724105 15.7029531876105 -10.3638491455297 0 4.29867561175426 3.84524594240135 2.20622518412127 -16.1604769230636 -11.9831124917525 14.3290552097974 0 0 0 0.860422585560206 1.97938650286728 0 0.611881436226834 0 -0.27368127831895 0.594697144159441 4.51637977013196 13.8948257145913 0 5.4091972417241 10.4952098105546 20.4858299084407 13.0460968488111 -11.2333667423732 -9.41260127558494 0 -0.874160631966852 0 -1.43275224391034 0 0 2.16036358673142 -1.54860505999467 0 -0.16224849705689 1.19067444707764 
1.57142565333233 17.2969402825911 3.94357362014408 0 17.4451060860628 0 -9.85824882511899 19.0058825253536 0 0 14.3290552097974 0 0 0 1.11915983826349 0 0 0 -0.263255857053798 0 0.594697144159441 -17.9936584914074 0 -16.539486076934 -13.1164008998854 13.0024174940784 -8.43019170147841 13.0460968488111 2.9511073152307 0 3.61207955685075 -1.77381643269854 -0.464818962134802 -0.260609369995356 0 1.06894400299943 0 -1.54860505999467 -1.32258408485101 0 0.0347239384589363 
0 -15.1649440523074 2.13387962721003 3.97482614218016 0 0 3.84524594240135 -16.7346931792492 13.8610990410024 -2.05170965066725 14.3290552097974 -0.667015781936709 0 0 0.860422585560206 0.495501579947538 0 0.366769787094914 0 1.55277195365763 0.594697144159441 4.51637977013196 0 0 0 14.9860957893478 0 19.4777762421769 16.1367461253594 7.65148613958223 0 -0.874160631966852 0.430063707549155 -0.667678957184627 2.26721421987154 0 -1.81739824908664 -1.46783191220268 0 0 -0.044609132243604 
1.57142565333233 -15.1649440523074 0 3.97482614218016 7.54104370602455 17.3482750343849 2.44386011848406 0 0 0 -14.2017478096307 -0.667015781936709 0 0 0 0 -1.96145468529382 0 -1.27025979537063 1.55277195365763 0 -7.97975425980042 0 2.08576260231704 10.6418154251956 -12.5584815221645 0 -2.05287800014619 0 7.65148613958223 15.1969395462409 0 0 0 0 -1.64466012438976 0.925574626273277 -1.9524874333071 0.160673894062952 0 0 
1.57142565333233 -9.6165230449366 0 -10.3638491455297 7.54104370602455 4.29867561175426 10.4172108397666 0 0 0.367673253811744 -4.84609227548171 0.595608745978963 0 0 0 1.97938650286728 -0.354072984398377 0 0 0.350191515279092 -0.555537694387854 17.0922148214151 0 0 10.6418154251956 -0.229985965522931 -3.17835217594558 14.521650017063 10.0467394912833 -1.55922105608472 15.1969395462409 0 0 -0.30580772753144 0 0 -0.653072283981867 -1.0195713002093 -0.00272511171769591 0.031732575051362 0 
1.57142565333233 -9.6165230449366 5.98707973304534 3.97482614218016 -17.8455007904421 17.3482750343849 15.0788702420326 -0.0771754043536146 18.1124276659044 0 -14.2017478096307 0.595608745978963 0.446507904886505 0 1.59412206876749 0 0.092221798418193 1.78570482816813 1.32666692572025 -0.263169920194508 0 -10.5398833335097 0 -3.84543605327859 5.4091972417241 -18.7414049910109 -16.2218149454434 4.87944621819977 0 -1.55922105608472 0 1.52448077663988 0 -1.90735403723426 0 0.0703606859223734 0 0 0 0.031732575051362 1.19067444707764 
1.57142565333233 -15.1649440523074 -12.6065675134801 0 7.54104370602455 0 5.79528363691423 19.0058825253536 18.1124276659044 0 14.3290552097974 -0.667015781936709 0 1.47072999340982 0 0.495501579947538 -0.277401111306344 0 1.32666692572025 1.55277195365763 0.594697144159441 4.51637977013196 0 -16.539486076934 0 14.9860957893478 0 -2.05287800014619 0 0 12.1851239914937 -0.874160631966852 0 0 2.26721421987154 0 -1.81739824908664 -1.9524874333071 0.249457139638 -0.462485380686114 0.892010547636082 
1.57142565333233 -19.6167465646829 0 3.97482614218016 17.4451060860628 0 10.3223563201364 -0.0771754043536146 18.1124276659044 0 -4.84609227548171 -1.59747300727641 0 0 1.76842868596708 0.495501579947538 -0.354072984398377 1.78570482816813 1.32666692572025 1.55277195365763 -0.555537694387854 0 0 4.4710669780481 0 -12.5584815221645 0 19.4777762421769 18.714143437666 19.160583510022 12.1851239914937 1.97945172897515 0 -0.676888563985419 0 -1.64466012438976 0 -1.46783191220268 0.898857128293653 1.74054222448754 0.892010547636082 
2.56988634506748 -9.6165230449366 2.13387962721003 0 0 0 3.84524594240135 12.7032875608202 0 0 14.3290552097974 0.595608745978963 0 0 0.860422585560206 0.495501579947538 0 0 -0.263255857053798 0 0.594697144159441 4.51637977013196 -17.7299109090725 -16.539486076934 0 14.9860957893478 0 17.3993106021543 16.1367461253594 0 17.4242149374561 -0.874160631966852 0 0 2.26721421987154 0 -1.81739824908664 -1.70862130471907 0 -0.462485380686114 0 
0 0 -1.37710145738772 0 0 -2.47382765616003 -7.64124319250288 2.77723446617705 -13.3775255146332 0 14.3290552097974 0 0.982731043334459 0 0.860422585560206 0.407039728214517 -0.527438999399282 -0.0900088604958769 -1.5158906315993 1.55277195365763 0.594697144159441 2.06069877457838 13.8948257145913 5.43270056668329 8.11114053386782 10.4952098105546 -2.94343250009391 0 0 2.7954618366414 9.71817587954838 -2.53179981402671 0 -0.230153424074013 0.566886543094593 0 -1.13865786098813 -1.0613520290057 0 0 0.892010547636082 
0.748595936178965 -8.81016282774981 -12.6065675134801 -10.3638491455297 16.8561923023575 17.3482750343849 0 -0.884963926339971 18.1124276659044 0 0 0.88316143345235 0 0 -0.109434655434189 0 1.13675711356884 1.51713979221747 1.32666692572025 -0.263169920194508 -1.3195076367443 0 -13.0122407213842 -13.8402736158298 9.08221915638178 -17.8338807159261 12.204178325927 0 0 -1.55922105608472 -3.57591903003674 0 0.955523612869682 0.41138055101567 -0.0593000749029685 0 -1.44416876204506 1.54329143908959 0.249457139638 0.031732575051362 0 
1.57142565333233 17.2969402825911 3.94357362014408 15.6851160692447 0 0 3.84524594240135 0 0 0 14.3290552097974 0 0 1.68346783317787 0.860422585560206 0 0 1.04267997156953 0 0 0.594697144159441 4.51637977013196 0 -16.539486076934 3.78976121721312 13.0024174940784 -8.43019170147841 0 2.9511073152307 0 0 -0.874160631966852 -0.464818962134802 -0.260609369995356 0.138221178449793 1.06894400299943 0 0 -1.32258408485101 0 -0.044609132243604 
1.57142565333233 -1.94477689601238 17.0452139699111 5.91511163204681 -17.8455007904421 0 2.44386011848406 0 0 5.85671568562124 -0.307288114124578 -0.319229468409545 -1.13939879422048 -0.389709701943076 1.59412206876749 0.495501579947538 -1.96145468529382 0 -0.584983382646452 1.36826732259629 -0.889872159291931 -10.5398833335097 0.0677719060647171 -16.539486076934 0 9.62414941267304 0 4.74327190655436 -1.73541534181471 6.44624838069838 -4.72408519448903 1.52448077663988 0 0 -0.415124763927946 1.09351984276135 0 -0.715566599767453 -1.39772556507854 0 0.438307766326846 
1.57142565333233 -9.6165230449366 -3.40227012662323 6.71250458781724 0 0 2.44386011848406 19.0058825253536 0 0 0 0.595608745978963 -0.106277667510453 0 0.860422585560206 -0.812091006344227 -1.96145468529382 0 -0.263255857053798 0 -0.477513038775657 -7.97975425980042 8.17426628813812 -13.8402736158298 0 14.9860957893478 0 13.0460968488111 16.1367461253594 0 0 0 0 0.41138055101567 0 0 -1.81739824908664 -1.54860505999467 0 -0.462485380686114 0 
0 3.69465236724105 0 3.97482614218016 7.54104370602455 0 15.0788702420326 -0.884963926339971 0 0 0 0 0 0 0 -0.812091006344227 0.092221798418193 1.51713979221747 -0.263255857053798 0 -0.628737155640841 -7.97975425980042 0.0677719060647171 2.08576260231704 10.6418154251956 -18.7414049910109 20.4858299084407 13.0460968488111 0 0 0 0 0 0 0 0.0703606859223734 2.16036358673142 -1.54860505999467 0.249457139638 -0.462485380686114 -0.044609132243604 
0 0 0 0 0 0 -7.64124319250288 2.77723446617705 -13.3775255146332 -8.54958560715876 0 0 0 0 0.860422585560206 0 -0.527438999399282 -0.0900088604958769 -1.5158906315993 0.692188950577839 0 2.06069877457838 -13.0885271237644 4.4710669780481 8.11114053386782 15.718997639799 -2.94343250009391 -13.2188631376339 1.03424918886006 2.7954618366414 13.5468737937263 -2.53179981402671 0 -0.676888563985419 0.566886543094593 0.368912837034516 -1.13865786098813 0.00617582816918186 0 0 0 
1.57142565333233 -8.81016282774981 5.98707973304534 3.97482614218016 -17.8455007904421 -13.9419613843513 0 0 18.1124276659044 0 0 0.88316143345235 0.446507904886505 0 1.59412206876749 -1.18608774765678 0 0 1.32666692572025 0 -0.628737155640841 -10.5398833335097 2.4187233949633 2.08576260231704 -17.7115514211876 -18.7414049910109 -16.2218149454434 13.0460968488111 0 0 0 1.52448077663988 0.0620968378251869 0 -1.52048759140097 0.0703606859223734 0 -1.54860505999467 0.249457139638 -0.462485380686114 1.19067444707764 
1.57142565333233 -9.6165230449366 1.27554064804015 -21.728738415534 0 0 3.84524594240135 -0.884963926339971 7.17129616400753 0 0 0.595608745978963 0.75899016615422 1.10923002863733 0.860422585560206 0.495501579947538 0 0.678453534226144 1.27771223947765 0 0 -10.5398833335097 -17.7299109090725 -16.539486076934 -17.7115514211876 -6.55867586217759 0 13.0460968488111 0 -17.3967204323955 9.71817587954838 1.52448077663988 0 0 -1.52048759140097 0.518661023359122 -1.81739824908664 -1.54860505999467 0 1.46104832434144 0.288980994852717 
1.57142565333233 7.09937914605224 -12.6065675134801 0 -12.4665150364938 17.3482750343849 5.79528363691423 -0.0771754043536146 -13.3775255146332 0 -4.75414227915655 -1.43106898173274 0 1.47072999340982 1.02557531233205 0 0.487619732766235 1.78570482816813 -1.5158906315993 1.55277195365763 0 0 2.93969178709187 -13.8402736158298 9.08221915638178 -12.5584815221645 -11.2067888531866 0 0 -1.55922105608472 -9.67114824320709 0 0 0.41138055101567 -0.0593000749029685 -1.64466012438976 0.420474968077836 1.44560278740041 0.249457139638 0.031732575051362 -0.938443573628759 
0 -9.6165230449366 3.94357362014408 3.97482614218016 0 0 0 19.0058825253536 0 0 -14.2017478096307 0.595608745978963 0 0 0.860422585560206 0.495501579947538 1.13675711356884 0 -0.263255857053798 0 0 4.51637977013196 -0.680398627035505 2.08576260231704 -13.1164008998854 10.4952098105546 0 13.0460968488111 16.1367461253594 7.65148613958223 0 -0.874160631966852 0 0 0 0 -1.81739824908664 -1.54860505999467 0 0 -0.044609132243604 
1.57142565333233 -8.81016282774981 0 -21.728738415534 4.26652499626694 0 3.84524594240135 -0.884963926339971 7.17129616400753 0 0 0.88316143345235 0 1.10923002863733 0.860422585560206 0.495501579947538 0 0.678453534226144 1.27771223947765 0 0 -10.5398833335097 2.4187233949633 -3.84543605327859 0 14.9860957893478 0 4.74327190655436 -1.73541534181471 -17.3967204323955 0 1.52448077663988 0.0620968378251869 -1.90735403723426 0 0 -1.81739824908664 -0.715566599767453 -1.39772556507854 1.46104832434144 -0.044609132243604 
1.57142565333233 0 -3.42122074655314 0 13.434979332278 0 0 2.77723446617705 0 0 -4.75414227915655 0 -0.423143222827065 0 2.32783074833352 0.495501579947538 0 -0.0900088604958769 -0.263255857053798 0 0 0 13.8948257145913 0 -19.8002807701939 15.718997639799 0 0 1.03424918886006 2.7954618366414 13.5468737937263 1.97945172897515 0 -0.667678957184627 0 0.368912837034516 -1.81739824908664 1.44560278740041 0 0 0 
0.748595936178965 -15.1649440523074 0 3.97482614218016 14.9720461922568 17.3482750343849 0 -0.884963926339971 18.1124276659044 0 -14.2017478096307 -0.667015781936709 0 0 -0.992810893334826 0 1.13675711356884 1.51713979221747 1.32666692572025 1.55277195365763 0 -16.7730637782128 0 4.4710669780481 0 -6.55867586217759 -16.2218149454434 19.4777762421769 0 0 12.1851239914937 1.89874144224391 0 -0.676888563985419 0 0.13577863584076 0 -1.46783191220268 0 -0.462485380686114 0.892010547636082 
1.57142565333233 -15.1649440523074 0 3.97482614218016 -17.8455007904421 17.3482750343849 0 0 0 0 -14.2017478096307 -0.667015781936709 0 0 1.59412206876749 0 1.13675711356884 -0.939097410961565 -1.27025979537063 0 0 -7.97975425980042 -13.0122407213842 -13.8402736158298 0 -0.229985965522931 12.2307142113478 0 -11.2333667423732 0 0 0 0.955523612869682 0.41138055101567 0 0 -1.40987321520684 1.54329143908959 0 -0.462485380686114 -0.044609132243604 
1.57142565333233 -9.6165230449366 2.13387962721003 3.97482614218016 -17.8455007904421 0 3.84524594240135 19.0058825253536 7.17129616400753 0 -14.2017478096307 0.595608745978963 0 0 1.59412206876749 0.495501579947538 0 0 1.27771223947765 0 0 -10.5398833335097 -17.7299109090725 -3.84543605327859 0 -6.55867586217759 -16.2218149454434 13.0460968488111 0 0 14.5378714867578 1.52448077663988 0 -1.90735403723426 2.26721421987154 0.518661023359122 0 -1.54860505999467 0 -0.462485380686114 -0.85473623539076 
1.57142565333233 -12.0308381933863 0 3.97482614218016 -17.8455007904421 0 0 -3.07990086105648 0 5.85671568562124 -14.2017478096307 -0.536488295782585 0 0 1.59412206876749 -0.812091006344227 0 0.892774153534683 -0.263255857053798 1.36826732259629 0 -10.5398833335097 0.0677719060647171 -16.539486076934 10.6418154251956 10.4952098105546 -8.43019170147841 4.74327190655436 0 0 0 1.52448077663988 0 0 0 0 0 -0.715566599767453 0.249457139638 -0.462485380686114 -0.044609132243604 
1.57142565333233 3.69465236724105 0 3.97482614218016 -17.8455007904421 4.29867561175426 0 -0.0771754043536146 -16.1604769230636 0 0 0 0 0 1.59412206876749 1.97938650286728 0 1.78570482816813 0 0 0 -19.5178733018776 0.0677719060647171 8.36626113781997 -16.5644057730978 -6.55867586217759 20.4858299084407 -2.05287800014619 -11.2333667423732 -9.41260127558494 0 0 0 -0.43053485778651 -1.89358647721521 0.518661023359122 2.16036358673142 -1.9524874333071 0 -0.16224849705689 1.19067444707764 
0.748595936178965 -15.1649440523074 0 3.97482614218016 7.54104370602455 0 0 0 0 0 0 -0.667015781936709 0 0 0 -0.812091006344227 0 0 -0.263255857053798 0 0 -7.97975425980042 2.4187233949633 -14.65422294785 10.6418154251956 -6.55867586217759 0 -2.05287800014619 0 -1.55922105608472 0 0 0.0620968378251869 -1.93143748395678 0 0.518661023359122 -1.35821476937654 -1.9524874333071 0.249457139638 0.031732575051362 -0.044609132243604 
0 -15.1649440523074 0 3.97482614218016 -17.8455007904421 0 15.0788702420326 0 0 0 0 -0.667015781936709 0 0 1.59412206876749 -0.812091006344227 0.092221798418193 0 -0.263255857053798 0 -0.628737155640841 -7.97975425980042 2.4187233949633 0 10.6418154251956 -6.55867586217759 20.4858299084407 -2.05287800014619 0 -1.55922105608472 0 0 0.0620968378251869 -1.43275224391034 0 0.518661023359122 2.16036358673142 -1.9524874333071 0.249457139638 0.031732575051362 -0.044609132243604 
1.57142565333233 -15.1649440523074 0 0 -17.8455007904421 17.3482750343849 0 -16.7346931792492 0 5.85671568562124 0 -0.667015781936709 0 -1.74925549502916 1.59412206876749 0 0 0.366769787094914 -0.263255857053798 1.36826732259629 -1.1681418461763 -7.97975425980042 0 -16.539486076934 10.6418154251956 -12.5584815221645 0 19.4777762421769 -1.73541534181471 7.65148613958223 -9.67114824320709 0 0 0 0 -1.64466012438976 0 -1.46783191220268 -1.39772556507854 0 -0.938443573628759 
1.57142565333233 -9.6165230449366 -1.37710145738772 15.6851160692447 -15.5308212784728 0 0 19.0058825253536 0 0 0 0.595608745978963 1.48228125156941 1.68346783317787 -0.0134386774354794 0.495501579947538 1.01342390617981 0 -0.263255857053798 1.55277195365763 -0.628737155640841 4.51637977013196 13.8948257145913 0 -13.1164008998854 10.4952098105546 0 14.521650017063 16.1367461253594 -1.55922105608472 0 -0.874160631966852 0 -0.30580772753144 0 0 -1.81739824908664 -1.0195713002093 0 0.031732575051362 -0.044609132243604 
1.57142565333233 -15.1649440523074 2.13387962721003 15.6851160692447 17.4451060860628 17.3482750343849 17.6499341893475 0 0 -2.05170965066725 14.3290552097974 -0.667015781936709 0 1.68346783317787 1.11915983826349 0 0.092221798418193 1.04267997156953 -0.263255857053798 1.55277195365763 0.594697144159441 -5.29501771800919 13.8948257145913 4.4710669780481 10.6418154251956 10.4952098105546 -8.43019170147841 13.0460968488111 16.1367461253594 0 17.4242149374561 -1.49015409289401 0 -0.676888563985419 0 0 0 -1.54860505999467 0 0 0 
1.57142565333233 -15.1649440523074 -3.60599176194798 0 -17.8455007904421 -13.9419613843513 2.44386011848406 0 -13.3775255146332 0 14.3290552097974 -0.667015781936709 0 0 1.59412206876749 -1.18608774765678 -1.96145468529382 0 -1.5158906315993 1.55277195365763 0.594697144159441 -19.5178733018776 13.8948257145913 4.4710669780481 8.11114053386782 -15.1671222109194 2.28200829694141 17.3993106021543 0 7.65148613958223 15.1969395462409 0 0 -0.676888563985419 0.566886543094593 1.62565194332304 1.24938009830629 -1.70862130471907 0.160673894062952 0 0 
1.57142565333233 -15.1649440523074 1.27554064804015 3.97482614218016 4.26652499626694 -17.07920405901 0 0 18.1124276659044 2.52477385426162 0 -0.667015781936709 0.75899016615422 0 0.860422585560206 -0.965211463419353 1.13675711356884 -0.652485858952853 1.32666692572025 0.465078023478891 0 -7.97975425980042 3.29563457534911 8.36626113781997 5.4091972417241 -6.55867586217759 20.4858299084407 0 -1.73541534181471 -17.3967204323955 0 0 0.0620968378251869 -0.43053485778651 0 0.518661023359122 2.16036358673142 1.54329143908959 -1.39772556507854 1.46104832434144 1.19067444707764 
1.57142565333233 -12.0308381933863 18.5357060742265 5.91511163204681 0 0 2.44386011848406 -7.82775693937566 -13.3775255146332 5.85671568562124 -14.2017478096307 -0.536488295782585 0 -0.389709701943076 0.860422585560206 0.495501579947538 -1.96145468529382 1.98367159906014 -1.5158906315993 1.36826732259629 0.26036008079553 -10.5398833335097 0.00863527879521031 -3.84543605327859 0 9.62414941267304 -5.0983895850826 0 -1.73541534181471 -12.316610437034 -4.72408519448903 1.52448077663988 1.82786254390509 -1.90735403723426 0 1.09351984276135 -0.839068591054095 1.44560278740041 -1.39772556507854 1.61979038250623 0.438307766326846 
0.748595936178965 0 0 7.13468860235749 0 17.3482750343849 3.84524594240135 12.7032875608202 0 5.85671568562124 0 0 0 -0.0655310107700205 0.860422585560206 0 0 0 -0.263255857053798 1.36826732259629 0 0 6.24389083415451 4.4710669780481 10.6418154251956 -6.55867586217759 12.2307142113478 0 0 -1.55922105608472 15.188975432999 0 0 -0.676888563985419 0 0.518661023359122 -1.40987321520684 1.44560278740041 0 0.031732575051362 -0.0723366123029667 
0.748595936178965 -15.1649440523074 -12.6065675134801 -10.3638491455297 -15.5308212784728 4.29867561175426 5.79528363691423 -0.0771754043536146 0 0.367673253811744 -4.84609227548171 -0.667015781936709 0 0 -0.0134386774354794 1.97938650286728 0.487619732766235 1.78570482816813 0 0.350191515279092 -0.555537694387854 0 -10.0607482111364 -13.8402736158298 9.08221915638178 -12.5584815221645 -8.43019170147841 14.521650017063 0 -1.55922105608472 15.1969395462409 0 -1.00884031644503 0.41138055101567 -0.0593000749029685 -1.64466012438976 0 -1.0195713002093 0.249457139638 0.031732575051362 0 
1.57142565333233 -15.1649440523074 -3.40227012662323 0 -17.8455007904421 -13.9419613843513 3.84524594240135 -16.7346931792492 7.17129616400753 0 0 -0.667015781936709 -0.106277667510453 0 1.59412206876749 -1.18608774765678 0 0.366769787094914 1.27771223947765 0 0 -17.024869810522 -7.80798259603697 8.36626113781997 0 -6.55867586217759 0 0 0 7.65148613958223 15.1969395462409 1.36856721360635 0.161063560359675 -0.43053485778651 1.41468335381461 0.518661023359122 0 0 0.160673894062952 0 0 
0.748595936178965 -9.30949743846874 0 5.91511163204681 -16.9130443068748 7.55045987085926 15.0788702420326 -3.07990086105648 0 5.85671568562124 -0.307288114124578 -0.709902754970781 0 -0.389709701943076 0.422197433385159 0 0.092221798418193 0.892774153534683 -0.263255857053798 1.36826732259629 -0.889872159291931 -7.97975425980042 5.10241917839852 0 10.6418154251956 -15.1671222109194 12.204178325927 13.0460968488111 -1.73541534181471 -1.55922105608472 6.35595818986462 0 -0.00897023457985847 -0.30580772753144 0 1.62565194332304 -1.44416876204506 -1.54860505999467 -1.39772556507854 0.031732575051362 0.0347239384589363 
1.57142565333233 -15.1649440523074 2.13387962721003 0 -17.8455007904421 -13.9419613843513 2.44386011848406 12.7032875608202 13.8610990410024 0 -14.2017478096307 -0.667015781936709 0 0 1.59412206876749 -1.18608774765678 -1.91768329509426 0 0 1.55277195365763 0 -19.1064242735069 -10.0607482111364 2.08576260231704 8.11114053386782 14.9860957893478 0 19.4777762421769 0 7.65148613958223 15.188975432999 1.91697638571122 -1.00884031644503 0 0.566886543094593 0 1.68467097619766 -1.46783191220268 0.160673894062952 0 -0.0723366123029667 
1.57142565333233 -15.1649440523074 0 0 -17.8455007904421 -13.9419613843513 15.0788702420326 -16.7346931792492 -13.3775255146332 16.8580064814808 0 -0.667015781936709 0 0 1.59412206876749 -1.18608774765678 0.092221798418193 0.366769787094914 -1.5158906315993 0 0 -14.7724474400852 -7.80798259603697 4.4710669780481 0 13.0024174940784 2.28200829694141 0 0 7.65148613958223 -9.67114824320709 1.1936175007809 0.161063560359675 -0.676888563985419 1.41468335381461 1.06894400299943 1.24938009830629 0 0.160673894062952 0 -0.938443573628759 
0 -15.1649440523074 5.98707973304534 18.9925056225585 -17.8455007904421 13.1122586046868 0 -0.884963926339971 -13.3775255146332 0 -14.2017478096307 -0.667015781936709 0.446507904886505 -0.347456954651259 1.59412206876749 0 1.13675711356884 1.51713979221747 -1.5158906315993 -0.263169920194508 0 -19.5178733018776 13.8948257145913 2.08576260231704 1.37627935338592 -6.55867586217759 2.28200829694141 17.3993106021543 16.1367461253594 0 9.71817587954838 0 0 -0.839252281812603 -2.28973030265874 0.13577863584076 1.24938009830629 -1.70862130471907 0 0 0.892010547636082 
1.57142565333233 -15.1649440523074 -12.6065675134801 0 0 0 5.79528363691423 19.0058825253536 0 0 -4.84609227548171 -0.667015781936709 0 1.47072999340982 0 0.495501579947538 0.487619732766235 0 -1.31417429415238 1.55277195365763 -0.555537694387854 4.51637977013196 13.8948257145913 0 9.08221915638178 -12.5584815221645 0 0 0 7.65148613958223 12.1851239914937 -0.874160631966852 0 -0.667678957184627 -0.0593000749029685 -1.64466012438976 -1.81739824908664 1.44560278740041 0.249457139638 0 0.892010547636082 
0.748595936178965 -15.1649440523074 0 3.97482614218016 0 17.3482750343849 15.0788702420326 0 -13.3775255146332 0 0 -0.667015781936709 0 0 1.50219097665613 0 0.092221798418193 -0.813948322466551 -1.5158906315993 0 0 -14.7724474400852 2.4187233949633 4.4710669780481 10.6418154251956 -6.55867586217759 12.2307142113478 -13.2188631376339 0 -1.55922105608472 0 1.1936175007809 0.0620968378251869 -0.676888563985419 0 0.518661023359122 -1.40987321520684 0.00617582816918186 0.249457139638 0.031732575051362 -0.044609132243604 
0 0 13.9554259111432 5.91511163204681 0 0 0 -7.82775693937566 7.17129616400753 5.85671568562124 -14.2017478096307 0 -0.612433660594948 -0.389709701943076 0.860422585560206 0.495501579947538 1.20801857263223 1.98367159906014 1.27771223947765 1.36826732259629 0.26036008079553 -10.5398833335097 13.8948257145913 4.4710669780481 0 9.62414941267304 -5.0983895850826 0 18.714143437666 19.160583510022 -4.72408519448903 1.52448077663988 0 -0.676888563985419 2.26721421987154 1.09351984276135 -0.839068591054095 -0.699646122753455 0.898857128293653 1.74054222448754 0.438307766326846 
1.57142565333233 7.09937914605224 -3.40227012662323 0 6.48363125812431 0 2.44386011848406 19.0058825253536 0 0 14.3290552097974 -1.43106898173274 -0.106277667510453 0 0 0.495501579947538 -1.96145468529382 0 -0.263255857053798 1.55277195365763 0.594697144159441 -7.97975425980042 8.17426628813812 0 0 14.9860957893478 -2.65285640757198 0 16.1367461253594 0 0 0 0 -0.667678957184627 0 0 -1.81739824908664 1.44560278740041 0 -0.462485380686114 -0.044609132243604 
0 -1.94477689601238 17.0452139699111 -10.3638491455297 -17.8455007904421 0 0 0 0 0 0 -0.319229468409545 -1.13939879422048 0 1.59412206876749 0 1.13675711356884 0 -0.584983382646452 0 0 -7.97975425980042 0.0677719060647171 -14.65422294785 -17.7115514211876 -0.229985965522931 12.204178325927 0 18.714143437666 0 -3.57591903003674 0 0 -1.93143748395678 -1.52048759140097 0 -1.44416876204506 1.54329143908959 0.898857128293653 -0.462485380686114 0 
1.57142565333233 -15.1649440523074 3.94357362014408 19.0996843013445 0 -13.9419613843513 0 3.93178126208101 0 0 -14.2017478096307 -0.381027996642994 0 0 0.860422585560206 -1.18608774765678 0 0 -0.263255857053798 1.55277195365763 0 18.9155071316825 2.4187233949633 2.08576260231704 -17.7115514211876 -6.55867586217759 -16.2218149454434 15.068406229079 0 0 0 0.52622613614715 0.0620968378251869 0 -1.52048759140097 0.518661023359122 0 -1.76766268227606 0 -0.462485380686114 -0.044609132243604 
1.57142565333233 -9.6165230449366 15.7029531876105 0 0 4.29867561175426 3.84524594240135 2.20622518412127 -16.1604769230636 0 0 0.595608745978963 0 0 0 1.97938650286728 0 0.611881436226834 0 0 -0.628737155640841 -19.5178733018776 13.8948257145913 0 5.4091972417241 10.4952098105546 20.4858299084407 4.11026606166748 -11.2333667423732 7.65148613958223 0 0 0 -1.43275224391034 0 0 2.16036358673142 0.229446021038781 0 0 -0.044609132243604 
