100
10
2.85465390065902 -12.1666011978717 2.748681126837 3.53618742734482 3.51764245741891 0.422914800873452 3.82697485749469 -0.0771754043536146 22.3340620832211 0.112371983175339 -2.78108200627895 0.706191634119578 0 0.0944221428010717 1.48126034934132 1.26292353507733 0.867401597927046 1.78570482816813 1.31061227878119 1.24312016103096 -0.555537694387854 4.51637977013196 -2.63655989679348 5.0755332191128 -13.1164008998854 -18.7414049910109 3.13085404973517 19.4777762421769 19.3847518097305 7.65148613958223 0 -0.874160631966852 -1.22670822586711 -1.25197365129458 0 0.0703606859223734 -1.81739824908664 -1.46783191220268 0.581065051635292 -0.0839662442654214 -0.044609132243604 
2.85465390065902 -12.1666011978717 2.748681126837 3.53618742734482 3.51764245741891 0.422914800873452 3.82697485749469 -0.0771754043536146 22.3340620832211 0.112371983175339 -2.78108200627895 0.706191634119578 0 0.0944221428010717 1.48126034934132 1.26292353507733 0.867401597927046 1.78570482816813 1.31061227878119 1.24312016103096 -0.555537694387854 4.51637977013196 -2.63655989679348 5.0755332191128 -13.1164008998854 -18.7414049910109 3.13085404973517 19.4777762421769 19.3847518097305 7.65148613958223 0 -0.874160631966852 -1.22670822586711 -1.25197365129458 0 0.0703606859223734 -1.81739824908664 -1.46783191220268 0.581065051635292 -0.0839662442654214 -0.044609132243604 
2.85436689897359 -9.6165230449366 5.75512571609818 0 3.39300922252844 0.422914800873452 2.82187173304701 -0.0771754043536146 22.3340620832211 0.112371983175339 12.0852898874717 0.595608745978963 0.75899016615422 -0.550279709692243 1.48790800912208 0.389900489700912 0.79409043040317 1.78570482816813 1.31061227878119 1.24312016103096 1.02763989435399 0 -1.87978522269045 -0.1098511438397 0 7.20691330647418 0.235501334786184 17.3993106021543 0 7.65148613958223 14.8171766717998 1.97945172897515 -0.23258512202305 -0.254479559261575 2.06864346923709 -0.221321241404545 -1.58524416192679 -1.70862130471907 0.855582403072893 -0.0839662442654214 0.38823505671147 
1.57142565333233 -12.1666011978717 7.29248250422184 14.2524333333841 3.39300922252844 0.422914800873452 3.79692160738489 -0.0771754043536146 22.3340620832211 -3.3400324052619 14.3290552097974 0.706191634119578 0.493731254899749 0.557846121330674 1.48790800912208 1.26292353507733 1.37937639316515 1.78570482816813 1.31061227878119 -0.0688787104323873 0.594697144159441 4.51637977013196 0 1.39058398219784 3.3398776808008 -16.4030669781394 17.2248736231471 17.3993106021543 16.2473004009562 -19.3184636123099 12.1851239914937 -0.874160631966852 0 0.173234727332943 -0.309161031879094 -0.0874332195042786 1.43034488619321 -1.70862130471907 0.461214881078906 -1.17049035844882 0.892010547636082 
1.57142565333233 -9.6165230449366 5.75512571609818 0 3.39300922252844 0.422914800873452 2.82187173304701 -0.0771754043536146 22.3340620832211 1.57381643502685 12.1445830739777 0.595608745978963 0.75899016615422 -0.550279709692243 1.48790800912208 0.389900489700912 0.79409043040317 1.78570482816813 1.31061227878119 1.24312016103096 1.02763989435399 4.51637977013196 0 -0.1098511438397 0 7.20691330647418 0.235501334786184 17.3993106021543 1.67189872354357 7.65148613958223 12.1851239914937 -0.874160631966852 0 -0.254479559261575 2.06864346923709 -0.221321241404545 -1.58524416192679 -1.70862130471907 0.855582403072893 -0.0839662442654214 0.892010547636082 
1.57142565333233 -9.6165230449366 10.7108050502887 0 3.08568740097605 17.7051188946725 2.82187173304701 -0.0771754043536146 22.3340620832211 1.83768806752641 12.1445830739777 0.595608745978963 0.493731254899749 -1.03048995739803 1.55733495083048 0.654347718523046 0.79409043040317 1.78570482816813 1.31061227878119 0.695830386884432 1.02763989435399 3.00281728899703 0 0.58477505190986 -11.755219654881 -19.8868149399929 20.1627476529743 0 16.2473004009562 7.65148613958223 12.1851239914937 -0.556049525763863 0 -0.915476819214167 0.522442168738899 -0.213647198962815 1.72830990844793 -0.699646122753455 0.461214881078906 -0.0839662442654214 1.21145036951706 
2.85189431548331 -9.88237599245383 10.2442529279712 14.2524333333841 3.51764245741891 17.7051188946725 2.82187173304701 -0.0771754043536146 22.3340620832211 2.74427106315003 14.2602092911304 0.965145351535243 0.998231116844449 0.557846121330674 1.48126034934132 0.648290609674663 0.79409043040317 1.78570482816813 1.31061227878119 0.776114509229602 0.594697144159441 4.51637977013196 -1.87978522269045 5.0755332191128 -13.1164008998854 -19.8868149399929 20.1627476529743 0 16.2473004009562 7.65148613958223 12.1851239914937 -0.542001265954227 -0.722278398453387 -1.25197365129458 0 -0.213647198962815 1.72830990844793 -0.699646122753455 0.461214881078906 -0.0839662442654214 0.892010547636082 
1.57142565333233 -12.1666011978717 -12.6065675134801 3.61385716573049 -1.29196204943208 17.7051188946725 2.0324203958653 -0.0771754043536146 18.1124276659044 -2.80035309344547 14.3290552097974 0.706191634119578 0 1.47202940256895 0.843232846708611 0.366502849043581 0.79409043040317 1.78570482816813 1.32666692572025 0 0.962441256419961 1.0774882979819 -0.924675390694605 6.28202075817716 -12.0957458302359 -18.7414049910109 11.4979870832283 19.4777762421769 19.3847518097305 2.90394675620084 10.6914820638911 1.8741623808882 -0.122661313546198 -0.771499312609201 -0.548035830626281 0.0703606859223734 1.86722393654623 -1.46783191220268 0.581065051635292 -0.0646332532049312 0.393495418947887 
2.85409588747419 -9.6165230449366 10.7108050502887 16.4148814729019 3.39300922252844 17.7051188946725 3.87830645131334 -0.0771754043536146 18.1124276659044 -0.854091183493886 -2.78108200627895 0.778663264717284 0.493731254899749 0.912615414565715 1.48790800912208 0.366502849043581 0.678744244002153 1.78570482816813 1.32666692572025 0.518720122295767 -0.555537694387854 2.74256187432565 -1.87978522269045 5.5547055578114 0 -16.4030669781394 20.1627476529743 0 19.3847518097305 7.65148613958223 9.71817587954838 -0.874160631966852 -0.475487350297853 -1.25197365129458 2.06864346923709 -0.0874332195042786 1.72830990844793 -0.699646122753455 0.581065051635292 -0.0839662442654214 1.35861408496677 
2.64917210227366 -12.1666011978717 0.566189455504619 8.0018293219627 4.72041367824208 0.422914800873452 3.82697485749469 -0.0771754043536146 24.7021864239137 -2.40971728363527 -2.78108200627895 0.706191634119578 0.136328559921276 0.564712925318029 1.41793987141826 1.26292353507733 0.867401597927046 1.78570482816813 1.31061227878119 0.0269420755919731 -0.555537694387854 4.51637977013196 1.69765792542494 0 0.689426984330372 7.20691330647418 3.13085404973517 19.4777762421769 0.109013718091423 2.46681678468213 0 -0.874160631966852 -0.75356473039536 -0.667678957184627 2.00257975313001 -0.221321241404545 -1.81739824908664 -1.46783191220268 1.074596213789 0.623644842446616 -0.044609132243604 
1.57142565333233 -7.06250800784329 10.7108050502887 0.634459227479276 3.39300922252844 17.7051188946725 2.82187173304701 -0.0771754043536146 22.3340620832211 -3.3400324052619 14.3290552097974 0.595608745978963 0.493731254899749 -0.462095648484349 1.48790800912208 0.366502849043581 1.38752867923003 1.78570482816813 1.31061227878119 -0.0688787104323873 0.594697144159441 0.831867150930628 -1.87978522269045 1.38156475896554 -1.74817996683911 -18.7414049910109 20.1627476529743 0 19.3847518097305 7.65148613958223 12.1851239914937 -0.874160631966852 -0.23258512202305 -0.960433059218541 -0.0808739939894872 0.0703606859223734 1.72830990844793 -0.699646122753455 0.581065051635292 -0.0839662442654214 0.892010547636082 
2.85370589749573 -9.6165230449366 6.02149024134105 3.23005655930846 0.560331688663145 0 1.25116983368116 -0.0771754043536146 17.5846971689652 0 0.859344329386645 0.75073004968964 0.0356107136772995 1.20186968389986 1.0263784263173 0.495501579947538 1.19178966805422 1.78570482816813 1.32666692572025 1.21117743209525 -0.753377507251397 2.28181713217954 3.38473182515461 1.39058398219784 11.1574549105519 14.9860957893478 19.4030165241812 11.736142372124 0 3.89367877249312 16.2750659271493 -0.874160631966852 0.439793381863177 0.173234727332943 -0.170326258680004 0 2.40272347116504 -2.01234856421703 1.01310846174746 -0.0839662442654214 0.828189631369053 
2.85370589749573 -7.88964496626968 10.7108050502887 3.23005655930846 0 17.7051188946725 2.82187173304701 -0.0771754043536146 22.3340620832211 0 17.0164821041126 0.948098686713771 0.493731254899749 1.20186968389986 0.860422585560206 0.366502849043581 0.79409043040317 1.78570482816813 1.31061227878119 0.516565257434996 0.594697144159441 0.846743584865119 -5.16352909829632 5.0755332191128 -13.1164008998854 -18.7414049910109 16.6679209721358 0 10.0467394912833 -0.430134157384808 12.1851239914937 1.0796778375002 0.0727693303920185 -1.25197365129458 0 0.168417195248612 1.89857760578793 -0.699646122753455 -0.00272511171769591 0.1631679539956 1.18609184725028 
2.85314768722572 -9.6165230449366 -15.2835830421111 0.634459227479276 3.39300922252844 0.422914800873452 2.82187173304701 -0.0771754043536146 22.5535605690226 1.83768806752641 14.3290552097974 0.595608745978963 0.433359479435421 -0.462095648484349 1.48790800912208 1.26292353507733 0.79409043040317 1.78570482816813 1.31061227878119 0.695830386884432 0.594697144159441 3.00281728899703 -4.3862743760628 1.38156475896554 0 -17.3283675970409 3.13085404973517 21.2051998741483 17.5796595206622 7.65148613958223 12.1851239914937 -0.556049525763863 -0.23258512202305 -0.960433059218541 2.06864346923709 -0.218893633949986 -1.81739824908664 -1.70862130471907 0.960959317270182 -0.0839662442654214 0.892010547636082 
2.85360211041643 -9.6165230449366 -14.9463756514231 0.634459227479276 3.39300922252844 0.422914800873452 2.82187173304701 -0.0771754043536146 22.5535605690226 1.83768806752641 14.3290552097974 0.595608745978963 -0.0115807310731992 -0.462095648484349 1.48790800912208 1.26292353507733 0.79409043040317 1.78570482816813 1.31061227878119 0.695830386884432 0.594697144159441 4.51637977013196 -3.04678725388217 -0.1098511438397 0 -19.8868149399929 20.1627476529743 0 17.0349677846697 7.65148613958223 12.1851239914937 -0.874160631966852 0.359429379161181 -0.571840838804767 1.52201228954923 -0.213647198962815 1.72830990844793 -0.699646122753455 0.581065051635292 -0.0839662442654214 0.892010547636082 
2.85349825055944 -12.1666011978717 9.98777341439285 1.63787080766069 3.39300922252844 0 7.29032523263727 -0.0771754043536146 22.3340620832211 0 -0.420181627068752 0.465848313908022 0.240474139601213 0.0944221428010717 1.48790800912208 0.495501579947538 -1.13388523669629 1.78570482816813 1.31061227878119 1.21117743209525 -0.58537630092603 2.28181713217954 -0.59676650599426 -4.74607243421304 11.1574549105519 -16.4030669781394 19.5119972246056 11.736142372124 0 -19.3184636123099 10.6914820638911 -0.874160631966852 0.383926654292236 -1.07454350298948 -0.170326258680004 -0.0874332195042786 1.89857760578793 -2.01234856421703 0.855582403072893 -1.17049035844882 0.393495418947887 
2.57251523508209 -9.6165230449366 7.29248250422184 14.2524333333841 3.51764245741891 0 7.29032523263727 -0.0771754043536146 22.8807388662271 -0.0698750087152584 -0.342669868931485 0.75073004968964 0.493731254899749 0.557846121330674 1.04881207045578 0.495501579947538 -1.13388523669629 1.78570482816813 1.31061227878119 -0.263169920194508 -0.58537630092603 2.74256187432565 -1.87978522269045 1.38156475896554 0 -15.6663152360899 19.5119972246056 21.2051998741483 0 -19.3184636123099 12.1851239914937 -0.819485240913688 -0.23258512202305 -0.960433059218541 1.62198481357749 -0.218893633949986 1.89857760578793 -1.70862130471907 0.855582403072893 -1.17049035844882 0.56399447998218 
2.85366681912642 -12.1666011978717 8.31972297100337 0 3.39300922252844 17.7051188946725 2.58083875418214 -0.0771754043536146 22.3340620832211 2.95429646189059 12.1445830739777 0.465848313908022 0.236463706547611 -1.03048995739803 1.48790800912208 0.654347718523046 0.17646877542905 1.78570482816813 1.31061227878119 0.695830386884432 1.02763989435399 4.51637977013196 2.78980048358897 0.58477505190986 0 -19.8868149399929 17.2311919893283 14.3139317407803 0 3.89367877249312 10.6914820638911 -0.874160631966852 0 -0.915476819214167 2.06864346923709 -0.213647198962815 1.72830990844793 -1.70862130471907 0.855582403072893 -0.0839662442654214 0.393495418947887 
2.85331688798802 -12.1666011978717 2.748681126837 3.53618742734482 3.51764245741891 0.422914800873452 3.82697485749469 -0.0771754043536146 22.3340620832211 -3.3400324052619 14.3290552097974 0.706191634119578 0 0.0944221428010717 1.48126034934132 1.26292353507733 0.867401597927046 1.78570482816813 1.31061227878119 -0.0688787104323873 0.594697144159441 4.51637977013196 -2.63655989679348 5.0755332191128 0 -18.7414049910109 3.13085404973517 17.3993106021543 0 7.65148613958223 10.6914820638911 -0.874160631966852 -1.22670822586711 -1.25197365129458 2.06864346923709 0.0703606859223734 -1.81739824908664 -1.70862130471907 0.855582403072893 -0.0839662442654214 0.393495418947887 
2.5687219191683 -9.6165230449366 5.75512571609818 0 1.26821355922996 20.2661975590355 7.29032523263727 -0.0771754043536146 22.3340620832211 -2.34404940944819 12.1445830739777 0.595608745978963 0.75899016615422 -0.550279709692243 1.48126034934132 -0.163160931013134 -1.13388523669629 1.78570482816813 1.31061227878119 -0.804981097581322 1.02763989435399 4.51637977013196 -1.87978522269045 1.38156475896554 -15.1529432856259 -18.7414049910109 0.235501334786184 17.3993106021543 1.67189872354357 6.6672008574089 12.1851239914937 -0.874160631966852 -0.23258512202305 -0.960433059218541 0 0.0703606859223734 -1.58524416192679 -1.70862130471907 0.855582403072893 0.43232772468232 0.892010547636082 
2.85252232190791 -6.48989549679211 3.94357362014408 3.53618742734482 3.39300922252844 20.2661975590355 3.87830645131334 -0.0771754043536146 22.3340620832211 -0.249586676200659 15.0419494207911 0.849124694615195 0 0.0944221428010717 1.48790800912208 -0.163160931013134 0.678744244002153 1.78570482816813 1.31061227878119 -0.794886108243319 0.78154386921392 2.74256187432565 -2.50014811721637 1.39058398219784 -13.1164008998854 -18.7414049910109 3.13085404973517 14.3139317407803 17.5796595206622 3.89367877249312 9.02986745952157 -0.874160631966852 -0.23258512202305 0.173234727332943 0 0.0703606859223734 -1.81739824908664 -1.70862130471907 0.960959317270182 -0.0839662442654214 0.393495418947887 
2.85269303993233 -9.6165230449366 10.7108050502887 14.944825664882 3.39300922252844 17.7051188946725 2.82187173304701 -0.0771754043536146 22.524857254012 -1.07376052365813 -2.78108200627895 0.595608745978963 0.493731254899749 0.557846121330674 1.48790800912208 0.366502849043581 0.79409043040317 1.78570482816813 1.31061227878119 -0.669753721724149 -0.555537694387854 4.51637977013196 -1.87978522269045 0.58477505190986 0 -16.4030669781394 20.1627476529743 14.3139317407803 16.2473004009562 7.65148613958223 9.71817587954838 -0.874160631966852 -0.23258512202305 -0.915476819214167 2.06864346923709 -0.0874332195042786 1.72830990844793 -1.70862130471907 -0.11069143493692 -0.0839662442654214 1.35861408496677 
1.57142565333233 -9.6165230449366 4.42037009427807 -2.17944260206047 3.51764245741891 15.4665359556053 7.29032523263727 -0.0771754043536146 22.3340620832211 0.112371983175339 1.89087667804718 0.595608745978963 -0.199254959732878 -0.0703306671512922 1.48126034934132 -0.165960995110665 -1.13388523669629 1.78570482816813 1.63018975975932 1.24312016103096 0.0866061290989659 4.51637977013196 -2.37720805289094 5.0755332191128 9.08221915638178 -21.8126627009887 16.6679209721358 17.3993106021543 19.3847518097305 7.65148613958223 12.1851239914937 -0.874160631966852 -1.22670822586711 -1.25197365129458 -0.0593000749029685 0.0703606859223734 1.89857760578793 -1.70862130471907 0.581065051635292 -0.0839662442654214 0.892010547636082 
1.57142565333233 -9.6165230449366 10.7108050502887 17.1198475661314 5.31468154832939 17.7051188946725 2.82187173304701 -0.0771754043536146 22.3340620832211 2.74427106315003 12.1445830739777 0.595608745978963 0.493731254899749 0.302996948316226 1.48790800912208 0.654347718523046 0.79409043040317 1.78570482816813 1.31061227878119 0.776114509229602 1.02763989435399 3.00281728899703 -1.87978522269045 4.60485686159453 -11.4834090556174 -19.8868149399929 3.13085404973517 17.3993106021543 16.2473004009562 6.39618085161605 12.1851239914937 -0.556049525763863 -0.23258512202305 -1.69972563868841 -0.341387951216375 -0.213647198962815 -1.81739824908664 -1.70862130471907 0.461214881078906 0.276314886178036 1.21145036951706 
0 -9.6165230449366 9.87974431772239 -2.17944260206047 3.51764245741891 0.422914800873452 -4.17879500686135 -0.0771754043536146 22.3340620832211 -0.854091183493886 1.89087667804718 0.778663264717284 0.493731254899749 -0.0703306671512922 1.48126034934132 0.389900489700912 -0.164135479682188 2.34100742959464 1.31061227878119 0.518720122295767 0.0866061290989659 2.74256187432565 -1.87978522269045 5.75811444814695 -13.1164008998854 -19.8868149399929 17.6326684363338 19.4777762421769 19.3847518097305 3.89367877249312 0 -0.874160631966852 -0.475487350297853 -1.25197365129458 0 -0.213647198962815 1.50988520317706 -1.46783191220268 0.581065051635292 -0.15493773585881 -0.044609132243604 
2.85314768722572 -6.48989549679211 3.94357362014408 3.53618742734482 3.39300922252844 0 0.900061611621671 -0.0771754043536146 22.3340620832211 -3.3400324052619 12.8991375851674 0.849124694615195 0 0.0944221428010717 1.48790800912208 0.495501579947538 0.867401597927046 1.78570482816813 1.31061227878119 -0.0688787104323873 0.481079847538415 4.51637977013196 -1.87978522269045 1.38156475896554 -13.1164008998854 -16.4030669781394 17.6326684363338 17.3993106021543 0 -19.3184636123099 12.1851239914937 -0.395347612414205 -0.23258512202305 -0.960433059218541 0 -0.0874332195042786 1.50988520317706 -1.70862130471907 0.855582403072893 -1.17049035844882 0.892010547636082 
2.85314768722572 -9.6165230449366 9.87974431772239 14.2524333333841 3.39300922252844 17.7051188946725 -4.17879500686135 -0.0771754043536146 18.1124276659044 2.74427106315003 12.1445830739777 0.595608745978963 0.493731254899749 0.557846121330674 1.48790800912208 0.366502849043581 -0.164135479682188 1.78570482816813 1.32666692572025 0.776114509229602 1.02763989435399 4.98609058735244 2.03205918466302 1.38156475896554 -13.1164008998854 -19.8868149399929 0.235501334786184 21.2051998741483 19.3847518097305 1.96472470195253 0 -1.14434545644761 -0.0874955385446062 -0.960433059218541 0 -0.213647198962815 -1.2714512768022 -1.70862130471907 0.581065051635292 0.364780485040871 -0.044609132243604 
1.57142565333233 -12.1666011978717 10.7108050502887 0 3.39300922252844 17.7051188946725 2.82187173304701 0.59741868288136 22.3340620832211 2.95429646189059 1.77938435379387 0.465848313908022 0.493731254899749 -1.03048995739803 1.48790800912208 0.366502849043581 0.79409043040317 2.34180068048732 1.31061227878119 0.695830386884432 -0.58537630092603 4.51637977013196 0 0.58477505190986 0 -19.8868149399929 20.1627476529743 -2.69204116451649 1.67189872354357 7.65148613958223 12.1851239914937 -0.874160631966852 0 -0.915476819214167 2.06864346923709 -0.213647198962815 1.72830990844793 -0.699646122753455 0.855582403072893 -0.0839662442654214 0.892010547636082 
2.85269303993233 -8.5210065119532 3.94357362014408 3.53618742734482 3.51764245741891 20.2661975590355 7.29032523263727 -0.0771754043536146 22.3340620832211 -0.249586676200659 14.3290552097974 0.849124694615195 0 0.0944221428010717 1.48126034934132 -0.163160931013134 -1.13388523669629 1.78570482816813 1.31061227878119 -0.794886108243319 0.594697144159441 2.74256187432565 -1.87978522269045 1.38156475896554 -13.1164008998854 -18.7414049910109 17.6326684363338 19.4777762421769 17.5796595206622 4.89101188045042 0 -0.874160631966852 -0.23258512202305 -0.960433059218541 0 0.0703606859223734 1.50988520317706 -1.46783191220268 0.960959317270182 0.43232772468232 -0.044609132243604 
2.85307086116648 -6.48989549679211 3.94357362014408 2.38585161484585 3.51764245741891 20.2661975590355 7.29032523263727 -0.0771754043536146 22.3340620832211 -0.0698750087152584 12.8991375851674 0.849124694615195 0 -0.199159909728523 1.48126034934132 -0.163160931013134 -1.13388523669629 1.78570482816813 1.31061227878119 -0.181233272222445 0.614833663769455 4.51637977013196 -1.87978522269045 0.648153900121411 -13.1164008998854 -21.8072595648967 17.6326684363338 17.3993106021543 17.5796595206622 5.55246178456697 0 -0.395347612414205 -0.23258512202305 -0.475964052419162 0 -0.37548392534977 1.50988520317706 -1.70862130471907 0.960959317270182 0.376858007869151 -0.222859324125042 
2.85307086116648 -6.48989549679211 3.94357362014408 4.07541130903429 3.51764245741891 20.2661975590355 3.84524594240135 -0.0771754043536146 22.3340620832211 -0.0698750087152584 14.3290552097974 0.849124694615195 0 0.254543046655386 1.48126034934132 -0.163160931013134 0 1.78570482816813 1.31061227878119 -0.263169920194508 0.594697144159441 2.74256187432565 -1.87978522269045 -0.124588234291685 -13.1164008998854 -21.5882046992836 17.6326684363338 19.4777762421769 17.5796595206622 5.55246178456697 12.1851239914937 -0.874160631966852 -0.23258512202305 -1.13422238672349 0 -0.672353881924578 1.50988520317706 -1.46783191220268 0.960959317270182 0.376858007869151 0.892010547636082 
2.85304364239642 -8.49179961173413 10.7108050502887 0 3.39300922252844 0.422914800873452 7.29032523263727 -0.0771754043536146 22.3340620832211 -1.91388419615751 -5.62973323617118 -0.622732090653261 0.493731254899749 -0.489680075994544 1.48790800912208 0.0446554263050928 -1.13388523669629 1.78570482816813 1.31061227878119 -0.507482554520239 -0.555537694387854 4.51637977013196 -1.87978522269045 1.39058398219784 0 -18.7414049910109 19.5119972246056 17.3993106021543 0 5.98963785727492 12.1851239914937 -0.874160631966852 -0.23258512202305 0.173234727332943 2.06864346923709 0.596201033334341 1.89857760578793 -1.70862130471907 0.855582403072893 -0.508200835743081 0.892010547636082 
2.85304364239642 -9.6165230449366 3.94357362014408 2.17267678548707 3.39300922252844 0.451351733296808 7.29032523263727 -0.0771754043536146 22.3340620832211 0 1.77938435379387 0.0702399513545634 0 0.0944221428010717 1.48790800912208 0.106729423304428 -0.684171465870073 1.78570482816813 1.31061227878119 1.21117743209525 -0.58537630092603 2.28181713217954 -1.87978522269045 5.0755332191128 -13.1164008998854 -13.3947139872213 22.5517815854641 17.3993106021543 0 5.55246178456697 10.6914820638911 -0.874160631966852 -0.23258512202305 -1.25197365129458 0 0.386139446402033 1.42540974037042 -1.70862130471907 0.855582403072893 0.376858007869151 0.393495418947887 
0 -9.6165230449366 -12.6065675134801 -2.17944260206047 3.39300922252844 17.7051188946725 2.82187173304701 -3.09763634626178 22.3340620832211 -0.0698750087152584 14.3290552097974 0.595608745978963 0 -0.0703306671512922 1.48790800912208 0.366502849043581 0.79409043040317 2.3046293885748 1.31061227878119 -0.263169920194508 0.594697144159441 1.0774882979819 -1.87978522269045 5.0755332191128 -12.0957458302359 -19.8868149399929 17.6326684363338 17.3993106021543 17.5796595206622 5.55246178456697 12.1851239914937 1.8741623808882 -0.23258512202305 -1.25197365129458 -0.548035830626281 -0.213647198962815 1.50988520317706 -1.31401972653531 0.960959317270182 0.376858007869151 0.892010547636082 
1.57142565333233 -8.49179961173413 9.98777341439285 2.17267678548707 3.39300922252844 0 1.76384459427271 0.417689423853387 22.3340620832211 0 1.77938435379387 -0.622732090653261 0.240474139601213 0.0944221428010717 1.48790800912208 0.495501579947538 0.867401597927046 2.04211838895088 1.31061227878119 1.21117743209525 -0.58537630092603 2.28181713217954 -1.87978522269045 -2.04416472785834 0 -16.4030669781394 0.235501334786184 17.3993106021543 0 -19.3184636123099 12.1851239914937 -0.874160631966852 -0.23258512202305 -0.716334602244354 2.06864346923709 -0.0874332195042786 -1.29480241333824 -1.34322701169328 0.855582403072893 -1.17049035844882 0.892010547636082 
1.57142565333233 -6.48989549679211 10.7108050502887 14.944825664882 3.39300922252844 17.7051188946725 2.20554616104604 -0.0771754043536146 22.3340620832211 -0.0698750087152584 14.3290552097974 0.849124694615195 0.493731254899749 0.557846121330674 1.48790800912208 0.654347718523046 0.773135842058405 1.2338326832344 1.31061227878119 -0.263169920194508 0.594697144159441 4.51637977013196 -1.87978522269045 5.0755332191128 9.08221915638178 7.20691330647418 3.13085404973517 14.3139317407803 0 3.89367877249312 10.6914820638911 -0.874160631966852 -0.23258512202305 -1.07924685198313 -0.0593000749029685 -0.221321241404545 -1.86093035605779 -1.70862130471907 0.855582403072893 -0.0839662442654214 0.393495418947887 
2.85304364239642 -9.6165230449366 13.3815245399398 3.53618742734482 3.51764245741891 0.451351733296808 7.29032523263727 -0.0771754043536146 22.3340620832211 0 -2.78108200627895 0.0702399513545634 0.341346108122425 0.0944221428010717 1.48126034934132 0.106729423304428 -1.13388523669629 1.78570482816813 1.31061227878119 1.21117743209525 -0.555537694387854 2.28181713217954 -2.46673376723972 5.0755332191128 -13.1164008998854 -16.4030669781394 3.13085404973517 19.4777762421769 0 6.88848361686733 9.71817587954838 -0.874160631966852 -0.591752454681207 -1.07924685198313 0 -0.0874332195042786 -1.81739824908664 -1.46783191220268 0.855582403072893 -0.435759634974301 1.35861408496677 
1.57142565333233 -12.1666011978717 -15.2835830421111 0 3.01644093078395 0.422914800873452 3.82697485749469 -0.0771754043536146 24.7021864239137 -2.40971728363527 -2.78108200627895 0.706191634119578 -0.0115807310731992 -0.0463373335247568 1.65932412440391 1.26292353507733 0.867401597927046 1.78570482816813 1.31061227878119 0.0269420755919731 -0.555537694387854 4.51637977013196 -1.87978522269045 -0.1098511438397 2.93695536369316 -18.7414049910109 3.13085404973517 19.4777762421769 0.109013718091423 2.46681678468213 0 -0.874160631966852 -0.23258512202305 -0.571840838804767 0.944115139075609 0.0703606859223734 -1.81739824908664 -1.46783191220268 1.074596213789 0.623644842446616 -0.044609132243604 
2.85304364239642 -12.1666011978717 -15.2835830421111 4.64021689553755 3.39300922252844 0 0.900061611621671 -0.0771754043536146 22.3340620832211 -3.3400324052619 14.3290552097974 0.465848313908022 -0.0115807310731992 -0.168345284880299 1.48790800912208 0.495501579947538 0.867401597927046 1.78570482816813 1.31061227878119 -0.0688787104323873 0.594697144159441 4.51637977013196 0 4.61511006556223 11.1574549105519 -16.4030669781394 21.8171540489267 17.3993106021543 0 -19.3184636123099 12.1851239914937 -0.874160631966852 -0.294904928675343 -1.25197365129458 -0.170326258680004 -0.0874332195042786 1.89857760578793 -1.70862130471907 0.855582403072893 -1.17049035844882 0.892010547636082 
2.85349825055944 -9.6165230449366 7.29248250422184 14.2524333333841 3.39300922252844 17.7051188946725 7.29032523263727 -0.0771754043536146 22.3340620832211 -0.0698750087152584 -5.62973323617118 0.75073004968964 0.493731254899749 0.835357821451201 1.48790800912208 0.648290609674663 -1.13388523669629 1.78570482816813 1.31061227878119 -0.263169920194508 -0.555537694387854 4.51637977013196 -1.87978522269045 1.9397132244146 0 -15.6663152360899 19.5119972246056 17.3993106021543 16.2473004009562 6.39618085161605 12.1851239914937 -0.874160631966852 -0.23258512202305 0.173234727332943 2.06864346923709 -0.218893633949986 1.89857760578793 -1.70862130471907 0.461214881078906 0.276314886178036 0.892010547636082 
2.85154247632257 -7.88964496626968 7.29248250422184 14.2524333333841 3.39300922252844 17.7051188946725 3.87830645131334 -0.0771754043536146 22.3340620832211 -2.80035309344547 14.2602092911304 0.595608745978963 0.493731254899749 0.557846121330674 1.48790800912208 0.654347718523046 0.678744244002153 1.78570482816813 1.31061227878119 0.351133980318501 0.0437772078131223 2.74256187432565 -2.50014811721637 1.39058398219784 9.08221915638178 7.20691330647418 3.13085404973517 14.3139317407803 0 3.89367877249312 9.12378967589409 -0.874160631966852 -0.23258512202305 0.173234727332943 -0.0593000749029685 -0.221321241404545 -1.81739824908664 -1.70862130471907 0.855582403072893 -0.0839662442654214 0.947945618772854 
1.57142565333233 -9.88237599245383 9.87974431772239 14.2524333333841 3.39300922252844 17.7051188946725 -4.17879500686135 -0.0771754043536146 23.3850478280499 2.74427106315003 12.1445830739777 0.965145351535243 0.493731254899749 0.557846121330674 1.48790800912208 0.648290609674663 -0.164135479682188 1.78570482816813 1.67000947226771 0.776114509229602 1.02763989435399 3.73000614909921 -1.87978522269045 5.0755332191128 -13.1164008998854 -19.8868149399929 20.1627476529743 17.3993106021543 18.4196215419656 6.39618085161605 12.1851239914937 -0.874160631966852 -0.23258512202305 -1.25197365129458 0 -0.213647198962815 1.72830990844793 -1.70862130471907 0.461214881078906 0.276314886178036 0.892010547636082 
3.45941009159105 -10.6720878624227 2.748681126837 14.2524333333841 3.39300922252844 17.7051188946725 3.82697485749469 -0.0771754043536146 22.3340620832211 0.112371983175339 14.3290552097974 0.40581917302954 0 0.557846121330674 1.48790800912208 0.366502849043581 0.867401597927046 1.78570482816813 1.31061227878119 1.26911378693726 0.594697144159441 5.95894033303901 1.48886464593879 5.0755332191128 9.08221915638178 7.20691330647418 0.235501334786184 17.3993106021543 0 8.70853921752821 12.1851239914937 -0.811705651074511 0.383926654292236 -1.07924685198313 -0.0593000749029685 -0.221321241404545 -1.58524416192679 -1.70862130471907 0.855582403072893 -0.447767321117114 0.892010547636082 
2.56536575693701 -9.6165230449366 3.94357362014408 -2.17944260206047 3.39300922252844 0.422914800873452 -4.17879500686135 -0.0771754043536146 15.3179348364789 -4.25753941354693 1.89087667804718 0.778663264717284 0 -0.0703306671512922 1.48790800912208 0.389900489700912 -0.164135479682188 1.78570482816813 1.32666692572025 -0.804981097581322 0.0866061290989659 4.51637977013196 -1.87978522269045 5.0755332191128 -13.1164008998854 -19.8868149399929 17.6326684363338 0 17.5796595206622 5.32185433342674 0 -0.874160631966852 -0.23258512202305 -1.25197365129458 0 -0.213647198962815 1.50988520317706 -0.699646122753455 0.960959317270182 0.207353303193745 -0.044609132243604 
2.85283533369343 -7.88964496626968 -9.94904817601156 14.2524333333841 3.39300922252844 17.7051188946725 7.29032523263727 -0.0771754043536146 18.1124276659044 -2.80035309344547 -7.09575911974337 -0.0163247035985459 0.964322587072068 0.557846121330674 1.48790800912208 0.366502849043581 -1.67016754278455 1.78570482816813 1.32666692572025 0 -0.555537694387854 5.54852111043805 -1.87978522269045 0 -13.1164008998854 -18.7414049910109 17.913320666162 0 16.5177043778206 -0.430134157384808 14.0293018569375 -1.41875641216466 -0.475487350297853 -0.667678957184627 0 0.0703606859223734 1.50988520317706 -0.699646122753455 0.0196413580745654 0.102783863201171 0.466269140437371 
1.57142565333233 -12.1666011978717 4.7425328896579 -1.04420767342402 3.39300922252844 17.7051188946725 3.87830645131334 0.826924791059887 19.7874267145467 -5.68955626771299 14.3290552097974 0.762968314794343 0.493731254899749 -0.550279709692243 1.48790800912208 0.366502849043581 0.867401597927046 2.10829787385571 1.29985156995237 0 0.962441256419961 4.98609058735244 2.03205918466302 1.38156475896554 0 -18.7414049910109 0.235501334786184 20.3312199668638 18.4555918217197 1.96472470195253 0 -1.14434545644761 -0.0874955385446062 -0.960433059218541 2.06864346923709 0.0703606859223734 -1.48536870647472 -1.70862130471907 1.04674169772153 0.364780485040871 -0.044609132243604 
0 -9.6165230449366 3.94357362014408 -2.17944260206047 3.39300922252844 17.7051188946725 2.82187173304701 -2.64983091652385 18.1124276659044 -2.34404940944819 1.89087667804718 0.778663264717284 0 -0.0703306671512922 1.48790800912208 0.366502849043581 0.79409043040317 1.78570482816813 1.32666692572025 -0.804981097581322 0.0866061290989659 2.74256187432565 -1.87978522269045 1.38156475896554 -13.1164008998854 -19.8868149399929 17.6326684363338 -0.856716038708908 19.3847518097305 7.65148613958223 12.1851239914937 -0.874160631966852 -0.23258512202305 -0.960433059218541 0 -0.213647198962815 1.50988520317706 -0.699646122753455 0.581065051635292 -0.0839662442654214 0.892010547636082 
2.85283533369343 -12.1666011978717 -17.3526182393323 3.53618742734482 3.39300922252844 17.7051188946725 3.87830645131334 -0.0771754043536146 18.1124276659044 -5.63965193032736 14.3290552097974 0.762968314794343 -0.405802584460844 0.0944221428010717 1.48790800912208 0.366502849043581 0.678744244002153 1.78570482816813 1.32666692572025 0.32721106263679 0.594697144159441 2.74256187432565 2.03205918466302 1.38156475896554 0 -18.7414049910109 3.13085404973517 21.2051998741483 0 3.8228161036376 10.6914820638911 -0.874160631966852 -0.0874955385446062 -0.960433059218541 2.06864346923709 0.0703606859223734 -1.81739824908664 -1.70862130471907 0.855582403072893 -0.017908822972285 0.393495418947887 
0 -12.1666011978717 -15.2835830421111 -2.17944260206047 3.51764245741891 17.7051188946725 2.82187173304701 -1.33902122477955 18.1124276659044 -0.0698750087152584 1.89087667804718 0.706191634119578 -0.0115807310731992 -0.0703306671512922 1.48126034934132 0.366502849043581 0.79409043040317 1.78570482816813 1.32666692572025 -0.263169920194508 0.0866061290989659 2.74256187432565 -1.87978522269045 8.86150918871234 0 -18.7414049910109 20.4858299084407 21.9878985391873 10.0467394912833 1.96472470195253 0 -0.874160631966852 -0.23258512202305 -0.420620802054471 2.06864346923709 0.0703606859223734 2.16036358673142 -1.73446921247731 -0.00272511171769591 0.364780485040871 -0.044609132243604 
2.85283533369343 -7.88964496626968 10.7108050502887 3.53618742734482 3.51764245741891 17.7051188946725 2.82187173304701 -0.0771754043536146 22.3340620832211 -3.78634356606581 14.2602092911304 0.948098686713771 0.493731254899749 0.0944221428010717 1.48126034934132 0.366502849043581 1.06379770354079 1.78570482816813 1.31061227878119 -0.286709440120826 0.594697144159441 4.51637977013196 -1.87978522269045 5.0755332191128 -13.1164008998854 -19.8868149399929 20.2593803911048 0 19.3847518097305 7.65148613958223 12.1851239914937 -0.542001265954227 -0.23258512202305 -1.25197365129458 0 -0.213647198962815 0.549251931681881 -0.699646122753455 0.581065051635292 -0.0839662442654214 0.892010547636082 
2.5713066427972 -12.1666011978717 2.748681126837 3.53618742734482 0 0.422914800873452 3.82697485749469 -0.0771754043536146 22.3340620832211 0 -2.78108200627895 0.706191634119578 0 0.0944221428010717 0.860422585560206 1.26292353507733 0.867401597927046 1.78570482816813 1.31061227878119 0.516565257434996 -0.555537694387854 4.51637977013196 -5.16352909829632 5.0755332191128 -13.1164008998854 -18.7414049910109 3.13085404973517 19.4777762421769 10.0467394912833 -0.430134157384808 12.1851239914937 -0.874160631966852 0.0727693303920185 -1.25197365129458 0 0.0703606859223734 -1.81739824908664 -1.46783191220268 -0.00272511171769591 0.1631679539956 0.892010547636082 
2.85409588747419 -9.6165230449366 2.748681126837 16.3220977098318 3.51764245741891 17.7051188946725 3.82697485749469 -0.0771754043536146 18.1124276659044 -0.854091183493886 -2.78108200627895 0.778663264717284 0 0.912615414565715 1.48126034934132 0.366502849043581 0.867401597927046 1.78570482816813 1.32666692572025 0.518720122295767 -0.555537694387854 4.51637977013196 -2.63655989679348 5.0755332191128 -13.1164008998854 -16.4030669781394 3.13085404973517 0 19.3847518097305 7.65148613958223 0 -0.874160631966852 -1.22670822586711 -1.25197365129458 0 -0.0874332195042786 -1.81739824908664 -0.699646122753455 0.581065051635292 -0.0839662442654214 -0.044609132243604 
2.62496008365314 -9.6165230449366 -15.2835830421111 0 3.39300922252844 0.422914800873452 2.82187173304701 -0.0771754043536146 22.5535605690226 0.112371983175339 14.3290552097974 0.595608745978963 -0.0115807310731992 -0.550279709692243 1.48790800912208 1.26292353507733 0.79409043040317 1.78570482816813 1.31061227878119 1.24312016103096 0.594697144159441 0 -1.87978522269045 1.38156475896554 0 7.20691330647418 0.235501334786184 17.3993106021543 0 7.65148613958223 14.8171766717998 1.97945172897515 -0.23258512202305 -0.960433059218541 2.06864346923709 -0.221321241404545 -1.58524416192679 -1.70862130471907 0.855582403072893 -0.0839662442654214 0.38823505671147 
2.57036047570913 -12.1666011978717 7.29248250422184 14.2524333333841 0 0.422914800873452 3.82697485749469 -0.0771754043536146 22.3340620832211 -3.3400324052619 14.2602092911304 0.706191634119578 0.493731254899749 0.557846121330674 0.860422585560206 1.26292353507733 0.867401597927046 1.78570482816813 1.31061227878119 -0.0688787104323873 0.594697144159441 4.51637977013196 0 5.0755332191128 3.3398776808008 -18.7414049910109 17.6326684363338 17.3993106021543 16.2473004009562 -0.430134157384808 12.1851239914937 -0.874160631966852 0 -1.25197365129458 -0.309161031879094 0.168417195248612 1.46405320403355 -1.70862130471907 0.461214881078906 0.1631679539956 0.892010547636082 
2.85265509800914 -9.6165230449366 7.29248250422184 0 3.39300922252844 17.7051188946725 2.82187173304701 -0.0771754043536146 22.3340620832211 -2.80035309344547 14.2602092911304 0.595608745978963 0.493731254899749 -0.550279709692243 1.48790800912208 0.654347718523046 0.79409043040317 1.78570482816813 1.31061227878119 0.351133980318501 0.594697144159441 4.51637977013196 0 1.39058398219784 9.08221915638178 7.20691330647418 0.235501334786184 14.3139317407803 1.67189872354357 3.89367877249312 12.1851239914937 -0.874160631966852 0 0.173234727332943 -0.0593000749029685 -0.221321241404545 -1.58524416192679 -1.70862130471907 0.855582403072893 -0.0839662442654214 0.892010547636082 
2.56893598292203 -9.88237599245383 10.7108050502887 0 3.39300922252844 17.7051188946725 2.82187173304701 -0.0771754043536146 22.3340620832211 1.83768806752641 14.2602092911304 0.965145351535243 0.493731254899749 -1.03048995739803 1.48790800912208 0.654347718523046 0.79409043040317 1.78570482816813 1.31061227878119 0.695830386884432 0.594697144159441 3.00281728899703 0 0.58477505190986 -13.1164008998854 -19.8868149399929 20.1627476529743 0 16.2473004009562 7.65148613958223 12.1851239914937 -0.556049525763863 0 -0.915476819214167 0 -0.213647198962815 1.72830990844793 -0.699646122753455 0.461214881078906 -0.0839662442654214 1.21145036951706 
2.57225002648302 -9.88237599245383 10.7108050502887 -2.17944260206047 3.51764245741891 0.422914800873452 -4.17879500686135 -0.0771754043536146 22.3340620832211 2.74427106315003 1.89087667804718 0.965145351535243 0.493731254899749 -0.0703306671512922 1.48126034934132 0.389900489700912 -0.164135479682188 1.78570482816813 1.31061227878119 0.776114509229602 0.0866061290989659 2.74256187432565 -1.87978522269045 5.0755332191128 -13.1164008998854 -19.8868149399929 17.6326684363338 19.4777762421769 19.3847518097305 7.65148613958223 12.1851239914937 -0.874160631966852 -0.23258512202305 -1.25197365129458 0 -0.213647198962815 1.50988520317706 -1.46783191220268 0.581065051635292 -0.0839662442654214 0.892010547636082 
2.56962366136775 -12.1666011978717 10.7108050502887 0.634459227479276 -1.29196204943208 17.7051188946725 2.0324203958653 -0.0771754043536146 18.1124276659044 -3.3400324052619 14.3290552097974 0.706191634119578 0.493731254899749 -0.462095648484349 0.843232846708611 0.366502849043581 0.79409043040317 1.78570482816813 1.32666692572025 -0.0688787104323873 0.962441256419961 2.74256187432565 -0.924675390694605 1.38156475896554 -12.0957458302359 -18.7414049910109 11.4979870832283 0 19.3847518097305 7.65148613958223 12.1851239914937 -0.874160631966852 -0.122661313546198 -0.960433059218541 -0.548035830626281 0.0703606859223734 1.86722393654623 -0.699646122753455 0.581065051635292 -0.0839662442654214 0.892010547636082 
2.8523801306885 -9.6165230449366 10.7108050502887 0.634459227479276 3.39300922252844 0.422914800873452 3.87830645131334 -0.0771754043536146 18.1124276659044 -0.854091183493886 14.3290552097974 0.778663264717284 0.493731254899749 -0.462095648484349 1.48790800912208 1.26292353507733 0.678744244002153 1.78570482816813 1.32666692572025 0.518720122295767 0.594697144159441 4.51637977013196 -1.87978522269045 -0.1098511438397 0 -16.4030669781394 20.1627476529743 0 17.0349677846697 7.65148613958223 9.71817587954838 -0.874160631966852 -0.475487350297853 -0.571840838804767 1.52201228954923 -0.0874332195042786 1.72830990844793 -0.699646122753455 0.581065051635292 -0.0839662442654214 1.35861408496677 
2.85304364239642 -12.1666011978717 -15.2835830421111 0 3.51764245741891 0.422914800873452 3.82697485749469 -0.0771754043536146 24.7021864239137 -2.40971728363527 -2.78108200627895 0.706191634119578 -0.0115807310731992 -0.0463373335247568 1.48126034934132 1.26292353507733 0.867401597927046 1.78570482816813 1.31061227878119 0.0269420755919731 -0.555537694387854 4.51637977013196 -1.87978522269045 -0.1098511438397 0 7.20691330647418 3.13085404973517 19.4777762421769 0.109013718091423 2.46681678468213 0 -0.874160631966852 -0.23258512202305 -0.571840838804767 2.06864346923709 -0.221321241404545 -1.81739824908664 -1.46783191220268 1.074596213789 0.623644842446616 -0.044609132243604 
1.57142565333233 -9.6165230449366 10.7108050502887 14.2524333333841 3.39300922252844 17.7051188946725 2.82187173304701 -0.0771754043536146 22.3340620832211 2.74427106315003 14.3290552097974 0.595608745978963 0.493731254899749 0.557846121330674 1.48790800912208 0.366502849043581 1.38752867923003 1.78570482816813 1.31061227878119 0.776114509229602 0.594697144159441 2.74256187432565 -1.87978522269045 1.38156475896554 -13.1164008998854 -18.7414049910109 20.1627476529743 0 16.2473004009562 7.65148613958223 12.1851239914937 -0.874160631966852 -0.23258512202305 -0.960433059218541 0 0.0703606859223734 1.72830990844793 -0.699646122753455 0.461214881078906 -0.0839662442654214 0.892010547636082 
2.8517153593779 -9.6165230449366 10.7108050502887 3.23005655930846 0.560331688663145 0 2.20554616104604 -0.0771754043536146 22.3340620832211 -0.0698750087152584 14.3290552097974 0.75073004968964 0.493731254899749 1.20186968389986 1.0263784263173 0.495501579947538 0.773135842058405 1.78570482816813 1.31061227878119 -0.263169920194508 0.594697144159441 4.51637977013196 3.38473182515461 5.0755332191128 9.08221915638178 14.9860957893478 19.4030165241812 11.736142372124 0 3.89367877249312 10.6914820638911 -0.874160631966852 0.439793381863177 -1.07924685198313 -0.0593000749029685 0 2.40272347116504 -2.01234856421703 1.01310846174746 -0.0839662442654214 0.393495418947887 
2.85252232190791 -6.48989549679211 3.94357362014408 3.53618742734482 3.39300922252844 17.7051188946725 3.87830645131334 -0.0771754043536146 22.3340620832211 -0.249586676200659 14.2602092911304 0.849124694615195 0 0.0944221428010717 1.48790800912208 0.366502849043581 0.678744244002153 1.78570482816813 1.31061227878119 -0.794886108243319 0.594697144159441 0.846743584865119 -2.50014811721637 1.39058398219784 -13.1164008998854 -18.7414049910109 3.13085404973517 14.3139317407803 17.5796595206622 -0.430134157384808 12.1851239914937 1.0796778375002 -0.23258512202305 0.173234727332943 0 0.0703606859223734 -1.81739824908664 -1.70862130471907 0.960959317270182 0.1631679539956 0.892010547636082 
1.57142565333233 -7.06250800784329 10.7108050502887 0.634459227479276 3.39300922252844 0.422914800873452 2.82187173304701 -0.0771754043536146 22.5535605690226 1.83768806752641 14.3290552097974 0.595608745978963 0.493731254899749 -0.462095648484349 1.48790800912208 1.26292353507733 1.38752867923003 1.78570482816813 1.31061227878119 0.695830386884432 0.594697144159441 0.831867150930628 -1.87978522269045 1.38156475896554 -1.74817996683911 -17.3283675970409 3.13085404973517 21.2051998741483 19.3847518097305 7.65148613958223 12.1851239914937 -0.874160631966852 -0.23258512202305 -0.960433059218541 -0.0808739939894872 -0.218893633949986 -1.81739824908664 -1.70862130471907 0.581065051635292 -0.0839662442654214 0.892010547636082 
2.85185714873173 -9.6165230449366 -15.2835830421111 14.2524333333841 3.39300922252844 0.422914800873452 7.29032523263727 -0.0771754043536146 22.5535605690226 -2.80035309344547 -5.62973323617118 0.595608745978963 -0.0115807310731992 0.557846121330674 1.48790800912208 1.26292353507733 -1.67016754278455 1.78570482816813 1.31061227878119 0 -0.555537694387854 5.54852111043805 -1.87978522269045 0 0 -19.8868149399929 20.1627476529743 0 16.5177043778206 -0.430134157384808 12.1851239914937 -1.41875641216466 -0.475487350297853 -0.667678957184627 1.52201228954923 -0.213647198962815 1.72830990844793 -0.699646122753455 0.0196413580745654 0.102783863201171 0.892010547636082 
2.85401682280935 -9.6165230449366 -15.2835830421111 0.634459227479276 3.39300922252844 0.422914800873452 7.29032523263727 -0.0771754043536146 22.5535605690226 0 14.3290552097974 0.595608745978963 0.433359479435421 -0.462095648484349 1.48790800912208 1.26292353507733 -1.13388523669629 1.78570482816813 1.31061227878119 1.21117743209525 0.594697144159441 3.00281728899703 -4.3862743760628 -4.74607243421304 0 -16.4030669781394 3.13085404973517 11.736142372124 0 7.65148613958223 10.6914820638911 -0.556049525763863 -0.23258512202305 -1.07454350298948 2.06864346923709 -0.0874332195042786 -1.81739824908664 -2.01234856421703 0.855582403072893 -0.0839662442654214 0.393495418947887 
2.85216340300209 -9.6165230449366 3.94357362014408 14.2524333333841 3.51764245741891 0 -4.17879500686135 -0.0771754043536146 22.8807388662271 -0.0698750087152584 1.89087667804718 0.75073004968964 0 0.557846121330674 1.48126034934132 0.495501579947538 -0.164135479682188 1.78570482816813 1.31061227878119 -0.263169920194508 0.0866061290989659 2.74256187432565 -1.87978522269045 5.0755332191128 0 -15.6663152360899 19.5119972246056 21.2051998741483 0 5.32185433342674 12.1851239914937 -0.819485240913688 -0.23258512202305 -1.25197365129458 2.06864346923709 -0.218893633949986 1.89857760578793 -1.70862130471907 0.855582403072893 0.207353303193745 0.56399447998218 
2.85189431548331 -9.88237599245383 10.2442529279712 14.2524333333841 3.39300922252844 17.7051188946725 2.82187173304701 -0.0771754043536146 22.3340620832211 2.95429646189059 14.2602092911304 0.965145351535243 0.998231116844449 0.557846121330674 1.48790800912208 0.654347718523046 0.79409043040317 1.78570482816813 1.31061227878119 0.695830386884432 0.594697144159441 4.51637977013196 -1.87978522269045 5.0755332191128 -13.1164008998854 -19.8868149399929 20.1627476529743 14.3139317407803 16.2473004009562 7.65148613958223 12.1851239914937 -0.542001265954227 -0.722278398453387 -1.25197365129458 0 -0.213647198962815 1.72830990844793 -1.70862130471907 0.461214881078906 -0.0839662442654214 0.892010547636082 
2.8523801306885 -12.1666011978717 10.7108050502887 0 3.39300922252844 0.422914800873452 7.29032523263727 -0.0771754043536146 22.3340620832211 -3.3400324052619 14.3290552097974 0.706191634119578 0.493731254899749 -0.489680075994544 1.48790800912208 0.0446554263050928 -1.13388523669629 1.78570482816813 1.31061227878119 -0.0688787104323873 0.594697144159441 4.51637977013196 -1.87978522269045 5.0755332191128 0 -18.7414049910109 3.13085404973517 17.3993106021543 0 7.65148613958223 12.1851239914937 -0.874160631966852 -0.23258512202305 -1.25197365129458 2.06864346923709 0.596201033334341 -1.81739824908664 -1.70862130471907 0.855582403072893 -0.0839662442654214 0.892010547636082 
2.85275914795274 -9.6165230449366 8.31972297100337 0 3.39300922252844 20.2661975590355 7.29032523263727 -0.0771754043536146 22.3340620832211 -2.34404940944819 12.1445830739777 0.595608745978963 0.236463706547611 -0.550279709692243 1.48790800912208 -0.163160931013134 -1.13388523669629 1.78570482816813 1.31061227878119 -0.804981097581322 1.02763989435399 4.51637977013196 2.78980048358897 0.58477505190986 0 -19.8868149399929 17.2311919893283 14.3139317407803 1.67189872354357 3.89367877249312 12.1851239914937 -0.874160631966852 0 -0.915476819214167 2.06864346923709 -0.213647198962815 1.72830990844793 -1.70862130471907 0.855582403072893 -0.0839662442654214 0.892010547636082 
2.85314768722572 -6.48989549679211 3.94357362014408 3.53618742734482 3.39300922252844 20.2661975590355 3.87830645131334 -0.0771754043536146 22.3340620832211 -0.249586676200659 14.3290552097974 0.849124694615195 0 0.0944221428010717 1.48790800912208 -0.163160931013134 0.678744244002153 1.78570482816813 1.31061227878119 -0.794886108243319 0.594697144159441 2.74256187432565 -2.50014811721637 1.39058398219784 -13.1164008998854 -18.7414049910109 3.13085404973517 14.3139317407803 17.5796595206622 3.89367877249312 10.6914820638911 -0.874160631966852 -0.23258512202305 0.173234727332943 0 0.0703606859223734 -1.81739824908664 -1.70862130471907 0.960959317270182 -0.0839662442654214 0.393495418947887 
2.85314768722572 -9.6165230449366 -14.9463756514231 14.944825664882 3.39300922252844 0.422914800873452 2.82187173304701 -0.0771754043536146 22.3340620832211 -1.07376052365813 14.3290552097974 0.595608745978963 -0.0115807310731992 0.557846121330674 1.48790800912208 1.26292353507733 0.79409043040317 1.78570482816813 1.31061227878119 -0.669753721724149 0.594697144159441 4.51637977013196 -3.04678725388217 0.58477505190986 0 -19.8868149399929 20.1627476529743 14.3139317407803 17.0349677846697 7.65148613958223 12.1851239914937 -0.874160631966852 0.359429379161181 -0.915476819214167 2.06864346923709 -0.213647198962815 1.72830990844793 -1.70862130471907 0.581065051635292 -0.0839662442654214 0.892010547636082 
2.85304364239642 -12.1666011978717 10.7108050502887 -2.17944260206047 3.51764245741891 17.7051188946725 7.29032523263727 -0.0771754043536146 22.3340620832211 2.95429646189059 1.77938435379387 0.465848313908022 0.493731254899749 -0.0703306671512922 1.48126034934132 0.366502849043581 -1.13388523669629 1.78570482816813 1.31061227878119 0.695830386884432 -0.58537630092603 4.51637977013196 0 5.0755332191128 9.08221915638178 -19.8868149399929 20.1627476529743 17.3993106021543 19.3847518097305 7.65148613958223 12.1851239914937 -0.874160631966852 0 -1.25197365129458 -0.0593000749029685 -0.213647198962815 1.72830990844793 -1.70862130471907 0.581065051635292 -0.0839662442654214 0.892010547636082 
2.85244677936796 -9.6165230449366 10.7108050502887 17.1198475661314 3.39300922252844 0.422914800873452 2.82187173304701 -0.0771754043536146 22.3340620832211 2.74427106315003 12.1445830739777 0.595608745978963 0.493731254899749 0.302996948316226 1.48790800912208 0.389900489700912 0.79409043040317 1.78570482816813 1.31061227878119 0.776114509229602 1.02763989435399 0 -1.87978522269045 4.60485686159453 -13.1164008998854 7.20691330647418 3.13085404973517 17.3993106021543 16.2473004009562 6.39618085161605 12.1851239914937 1.97945172897515 -0.23258512202305 -1.69972563868841 0 -0.221321241404545 -1.81739824908664 -1.70862130471907 0.461214881078906 0.276314886178036 1.21145036951706 
2.85282505739307 -9.6165230449366 9.87974431772239 3.23005655930846 0 17.7051188946725 2.82187173304701 -0.0771754043536146 22.3340620832211 0 17.0164821041126 0.778663264717284 0.493731254899749 1.20186968389986 0.860422585560206 0.366502849043581 0.79409043040317 1.78570482816813 1.31061227878119 0.516565257434996 0.594697144159441 2.74256187432565 -1.87978522269045 5.75811444814695 -13.1164008998854 -19.8868149399929 16.6679209721358 0 19.3847518097305 -0.430134157384808 12.1851239914937 -0.874160631966852 -0.475487350297853 -1.25197365129458 0 -0.213647198962815 1.89857760578793 -0.699646122753455 0.581065051635292 0.1631679539956 1.18609184725028 
2.85283533369343 -9.6165230449366 3.94357362014408 -2.17944260206047 3.39300922252844 0.422914800873452 -4.17879500686135 -0.0771754043536146 18.1124276659044 -3.3400324052619 1.89087667804718 0.778663264717284 0 -0.0703306671512922 1.48790800912208 0.389900489700912 -0.164135479682188 1.78570482816813 1.32666692572025 -0.0688787104323873 0.0866061290989659 4.51637977013196 -1.87978522269045 5.0755332191128 -13.1164008998854 -19.8868149399929 17.6326684363338 17.3993106021543 17.5796595206622 5.32185433342674 12.1851239914937 -0.395347612414205 -0.23258512202305 -1.25197365129458 0 -0.213647198962815 1.50988520317706 -1.70862130471907 0.960959317270182 0.207353303193745 0.892010547636082 
2.85290128070377 -9.88237599245383 9.87974431772239 14.2524333333841 3.39300922252844 17.7051188946725 -4.17879500686135 -0.0771754043536146 22.3340620832211 2.74427106315003 12.1445830739777 0.965145351535243 0.493731254899749 0.557846121330674 1.48790800912208 0.648290609674663 -0.164135479682188 1.78570482816813 1.31061227878119 0.776114509229602 1.02763989435399 4.98609058735244 -1.87978522269045 1.38156475896554 -13.1164008998854 -19.8868149399929 20.1627476529743 21.2051998741483 16.2473004009562 1.96472470195253 0 -1.14434545644761 -0.23258512202305 -0.960433059218541 0 -0.213647198962815 1.72830990844793 -1.70862130471907 0.461214881078906 0.364780485040871 -0.044609132243604 
2.85251322763588 -7.88964496626968 -9.94904817601156 14.2524333333841 3.39300922252844 17.7051188946725 2.82187173304701 -0.0771754043536146 22.3340620832211 2.95429646189059 -5.62973323617118 -0.0163247035985459 0.964322587072068 0.557846121330674 1.48790800912208 0.366502849043581 0.79409043040317 1.78570482816813 1.31061227878119 0.695830386884432 -0.555537694387854 4.51637977013196 0 0.58477505190986 0 -19.8868149399929 20.1627476529743 0 16.5177043778206 -0.430134157384808 12.1851239914937 -0.874160631966852 0 -0.915476819214167 2.06864346923709 -0.213647198962815 1.72830990844793 -0.699646122753455 0.0196413580745654 0.102783863201171 0.892010547636082 
2.85395263447097 -6.48989549679211 -15.2835830421111 -2.17944260206047 3.51764245741891 17.7051188946725 7.29032523263727 -0.0771754043536146 18.1124276659044 -0.249586676200659 1.89087667804718 0.849124694615195 -0.0115807310731992 -0.0703306671512922 1.48126034934132 0.366502849043581 -1.13388523669629 1.78570482816813 1.32666692572025 -0.794886108243319 0.0866061290989659 2.74256187432565 -1.87978522269045 1.38156475896554 -13.1164008998854 -18.7414049910109 17.6326684363338 19.4777762421769 10.0467394912833 1.96472470195253 0 -0.874160631966852 -0.23258512202305 -0.960433059218541 0 0.0703606859223734 1.50988520317706 -1.46783191220268 -0.00272511171769591 0.364780485040871 -0.044609132243604 
2.85297785700401 -9.6165230449366 3.94357362014408 2.38585161484585 3.51764245741891 0.422914800873452 7.29032523263727 -0.0771754043536146 22.5535605690226 1.83768806752641 14.3290552097974 0.595608745978963 0 -0.199159909728523 1.48126034934132 1.26292353507733 -1.13388523669629 1.78570482816813 1.31061227878119 0.695830386884432 0.594697144159441 3.00281728899703 -1.87978522269045 0.648153900121411 0 -21.8072595648967 3.13085404973517 17.3993106021543 17.5796595206622 7.65148613958223 0 -0.556049525763863 -0.23258512202305 -0.475964052419162 2.06864346923709 -0.37548392534977 -1.81739824908664 -1.70862130471907 0.960959317270182 -0.0839662442654214 -0.222859324125042 
2.85304364239642 -9.6165230449366 3.94357362014408 -2.17944260206047 3.39300922252844 17.7051188946725 3.84524594240135 -0.0771754043536146 22.3340620832211 -0.0698750087152584 14.3290552097974 0.595608745978963 0 -0.0703306671512922 1.48790800912208 0.366502849043581 0 1.78570482816813 1.31061227878119 -0.263169920194508 0.594697144159441 1.0774882979819 -1.87978522269045 1.38156475896554 -12.0957458302359 -21.5882046992836 17.6326684363338 17.3993106021543 17.5796595206622 5.55246178456697 12.1851239914937 1.8741623808882 -0.23258512202305 -0.960433059218541 -0.548035830626281 -0.672353881924578 1.50988520317706 -1.70862130471907 0.960959317270182 0.376858007869151 0.892010547636082 
2.85307086116648 -6.48989549679211 3.94357362014408 2.38585161484585 3.51764245741891 0.422914800873452 7.29032523263727 -0.0771754043536146 22.3340620832211 -0.0698750087152584 12.8991375851674 0.849124694615195 0 -0.199159909728523 1.48126034934132 0.0446554263050928 -1.13388523669629 1.78570482816813 1.31061227878119 -0.263169920194508 0.614833663769455 4.51637977013196 -1.87978522269045 1.39058398219784 -13.1164008998854 -18.7414049910109 19.5119972246056 17.3993106021543 17.5796595206622 5.55246178456697 0 -0.395347612414205 -0.23258512202305 0.173234727332943 0 0.596201033334341 1.89857760578793 -1.70862130471907 0.960959317270182 0.376858007869151 -0.222859324125042 
2.85296702945728 -9.6165230449366 0.566189455504619 2.17267678548707 4.72041367824208 0.451351733296808 7.29032523263727 -0.0771754043536146 24.7021864239137 0 -2.78108200627895 0.0702399513545634 0.136328559921276 0.0944221428010717 1.41793987141826 0.106729423304428 -1.13388523669629 1.78570482816813 1.31061227878119 1.21117743209525 -0.555537694387854 2.28181713217954 1.69765792542494 5.0755332191128 0.689426984330372 -13.3947139872213 19.5119972246056 19.4777762421769 0.109013718091423 5.55246178456697 0 -0.874160631966852 -0.75356473039536 -1.25197365129458 2.00257975313001 0.386139446402033 1.89857760578793 -1.46783191220268 1.074596213789 0.376858007869151 -0.044609132243604 
2.85045309561873 -12.1666011978717 2.748681126837 3.53618742734482 3.51764245741891 0.422914800873452 2.82187173304701 -0.0771754043536146 22.3340620832211 -0.0698750087152584 14.3290552097974 0.706191634119578 0 0.0944221428010717 1.48126034934132 1.26292353507733 0.79409043040317 1.78570482816813 1.31061227878119 -0.263169920194508 0.594697144159441 1.0774882979819 -1.87978522269045 5.0755332191128 -12.0957458302359 -18.7414049910109 17.6326684363338 17.3993106021543 17.5796595206622 7.65148613958223 12.1851239914937 1.8741623808882 -0.23258512202305 -1.25197365129458 -0.548035830626281 0.0703606859223734 1.50988520317706 -1.70862130471907 0.960959317270182 -0.0839662442654214 0.892010547636082 
2.85196189212818 -12.1666011978717 4.7425328896579 -1.04420767342402 3.39300922252844 17.7051188946725 3.87830645131334 -0.0771754043536146 22.3340620832211 0 14.3290552097974 0.762968314794343 0.493731254899749 -0.550279709692243 1.48790800912208 0.366502849043581 0.867401597927046 1.78570482816813 1.31061227878119 1.21117743209525 0.962441256419961 2.28181713217954 2.03205918466302 1.38156475896554 0 -16.4030669781394 0.235501334786184 21.2051998741483 18.4555918217197 -19.3184636123099 12.1851239914937 -0.874160631966852 -0.0874955385446062 -0.960433059218541 2.06864346923709 -0.0874332195042786 -1.29480241333824 -1.70862130471907 1.04674169772153 -1.17049035844882 0.892010547636082 
2.85366681912642 -9.6165230449366 -14.9463756514231 0.634459227479276 3.39300922252844 0.422914800873452 2.82187173304701 -0.0771754043536146 22.3340620832211 1.83768806752641 14.3290552097974 0.595608745978963 -0.0115807310731992 -0.462095648484349 1.48790800912208 1.26292353507733 0.79409043040317 1.78570482816813 1.31061227878119 0.695830386884432 0.594697144159441 4.51637977013196 -3.04678725388217 5.0755332191128 0 -19.8868149399929 20.1627476529743 0 0 7.65148613958223 10.6914820638911 -0.874160631966852 0.359429379161181 -1.07924685198313 1.52201228954923 -0.213647198962815 1.72830990844793 -0.699646122753455 0.855582403072893 -0.0839662442654214 0.393495418947887 
1.57142565333233 -9.6165230449366 0.566189455504619 3.53618742734482 3.51764245741891 0.422914800873452 3.82697485749469 -0.0771754043536146 24.7021864239137 -2.40971728363527 -2.78108200627895 0.0702399513545634 0.136328559921276 0.0944221428010717 1.48126034934132 1.26292353507733 0.867401597927046 1.78570482816813 1.31061227878119 0.0269420755919731 -0.555537694387854 4.51637977013196 1.69765792542494 0 -13.1164008998854 7.20691330647418 3.13085404973517 19.4777762421769 0.109013718091423 2.46681678468213 0 -0.874160631966852 -0.75356473039536 -0.667678957184627 0 -0.221321241404545 -1.81739824908664 -1.46783191220268 1.074596213789 0.623644842446616 -0.044609132243604 
2.85269303993233 -6.48989549679211 -15.2835830421111 0 3.51764245741891 20.2661975590355 7.29032523263727 -0.0771754043536146 22.3340620832211 -2.40971728363527 -2.78108200627895 0.849124694615195 -0.0115807310731992 -0.0463373335247568 1.48126034934132 -0.163160931013134 -1.13388523669629 1.78570482816813 1.31061227878119 0.0269420755919731 -0.555537694387854 4.51637977013196 -1.87978522269045 -0.1098511438397 0 -21.8072595648967 3.13085404973517 17.3993106021543 17.5796595206622 5.55246178456697 0 -0.395347612414205 -0.23258512202305 -0.571840838804767 1.52201228954923 -0.37548392534977 -1.81739824908664 -1.70862130471907 0.960959317270182 0.376858007869151 -0.044609132243604 
2.85304364239642 -12.1666011978717 3.94357362014408 3.53618742734482 3.39300922252844 0 0.900061611621671 -0.0771754043536146 22.3340620832211 -3.3400324052619 12.8991375851674 0.465848313908022 0 0.0944221428010717 1.48790800912208 0.495501579947538 0.867401597927046 1.78570482816813 1.31061227878119 -0.0688787104323873 0.481079847538415 4.51637977013196 -1.87978522269045 5.0755332191128 -13.1164008998854 -16.4030669781394 21.8171540489267 17.3993106021543 0 -19.3184636123099 12.1851239914937 -0.395347612414205 -0.23258512202305 -1.25197365129458 0 -0.0874332195042786 1.89857760578793 -1.70862130471907 0.855582403072893 -1.17049035844882 0.892010547636082 
2.85370589749573 -12.1666011978717 -15.2835830421111 14.2524333333841 3.39300922252844 17.7051188946725 7.29032523263727 -0.0771754043536146 24.7021864239137 -0.0698750087152584 -2.78108200627895 0.706191634119578 -0.0115807310731992 0.557846121330674 1.48790800912208 0.648290609674663 -1.13388523669629 1.78570482816813 1.31061227878119 -0.263169920194508 -0.555537694387854 4.51637977013196 -1.87978522269045 1.39058398219784 0 -18.7414049910109 19.5119972246056 19.4777762421769 16.2473004009562 2.46681678468213 0 -0.874160631966852 -0.23258512202305 0.173234727332943 2.06864346923709 0.0703606859223734 1.89857760578793 -1.46783191220268 0.461214881078906 0.623644842446616 -0.044609132243604 
2.85325165913957 -12.1666011978717 2.748681126837 14.2524333333841 3.39300922252844 0.422914800873452 3.87830645131334 -0.0771754043536146 22.3340620832211 0.112371983175339 -2.78108200627895 0.706191634119578 0 0.557846121330674 1.48790800912208 1.26292353507733 0.678744244002153 1.78570482816813 1.31061227878119 1.24312016103096 -0.555537694387854 2.74256187432565 -2.50014811721637 5.0755332191128 9.08221915638178 -18.7414049910109 3.13085404973517 14.3139317407803 0 7.65148613958223 10.6914820638911 -0.874160631966852 -0.23258512202305 -1.25197365129458 -0.0593000749029685 0.0703606859223734 -1.81739824908664 -1.70862130471907 0.855582403072893 -0.0839662442654214 0.393495418947887 
2.56867406407972 -9.88237599245383 -9.94904817601156 14.2524333333841 3.39300922252844 17.7051188946725 -4.17879500686135 -0.0771754043536146 18.1124276659044 -2.80035309344547 12.1445830739777 0.965145351535243 0.964322587072068 0.557846121330674 1.48790800912208 0.366502849043581 -0.164135479682188 1.78570482816813 1.32666692572025 0 1.02763989435399 5.54852111043805 -1.87978522269045 5.0755332191128 -13.1164008998854 -18.7414049910109 17.913320666162 0 16.2473004009562 6.39618085161605 12.1851239914937 -1.41875641216466 -0.475487350297853 -1.25197365129458 0 0.0703606859223734 1.50988520317706 -0.699646122753455 0.461214881078906 0.276314886178036 0.892010547636082 
2.85307086116648 -9.6165230449366 10.7108050502887 14.2524333333841 3.39300922252844 17.7051188946725 3.82697485749469 -0.0771754043536146 22.3340620832211 0.112371983175339 14.3290552097974 0.595608745978963 0.493731254899749 0.557846121330674 1.48790800912208 0.366502849043581 0.867401597927046 1.78570482816813 1.31061227878119 1.26911378693726 0.594697144159441 4.51637977013196 1.48886464593879 5.0755332191128 -13.1164008998854 7.20691330647418 0.235501334786184 0 0 7.65148613958223 12.1851239914937 -0.874160631966852 0.383926654292236 -1.07924685198313 0 -0.221321241404545 -1.58524416192679 -0.699646122753455 0.855582403072893 -0.0839662442654214 0.892010547636082 
0 -9.6165230449366 3.94357362014408 -2.17944260206047 3.39300922252844 0.422914800873452 2.82187173304701 -3.09763634626178 22.3340620832211 -0.0698750087152584 1.89087667804718 0.595608745978963 0 -0.0703306671512922 1.48790800912208 0.389900489700912 0.79409043040317 2.3046293885748 1.31061227878119 -0.263169920194508 0.0866061290989659 4.51637977013196 -1.87978522269045 5.0755332191128 -13.1164008998854 -19.8868149399929 17.6326684363338 0 17.5796595206622 5.32185433342674 0 -0.874160631966852 -0.23258512202305 -1.25197365129458 0 -0.213647198962815 1.50988520317706 -0.699646122753455 0.960959317270182 0.207353303193745 -0.044609132243604 
2.85314768722572 -12.1666011978717 -9.94904817601156 1.63787080766069 3.39300922252844 0 7.29032523263727 -0.0771754043536146 22.3340620832211 -2.80035309344547 -5.62973323617118 0.465848313908022 0.964322587072068 0.0944221428010717 1.48790800912208 0.495501579947538 -1.67016754278455 1.78570482816813 1.31061227878119 0 -0.555537694387854 2.28181713217954 -1.87978522269045 0 -13.1164008998854 -16.4030669781394 17.913320666162 11.736142372124 16.5177043778206 -19.3184636123099 12.1851239914937 -0.874160631966852 -0.475487350297853 -0.667678957184627 0 -0.0874332195042786 1.50988520317706 -2.01234856421703 0.0196413580745654 -1.17049035844882 0.892010547636082 
2.85283533369343 -12.1666011978717 4.7425328896579 -2.17944260206047 3.51764245741891 17.7051188946725 2.82187173304701 -0.0771754043536146 19.7874267145467 -5.68955626771299 14.3290552097974 0.706191634119578 0.493731254899749 -0.0703306671512922 1.48126034934132 0.366502849043581 0.79409043040317 1.78570482816813 1.29985156995237 0 0.962441256419961 4.98609058735244 -1.87978522269045 1.38156475896554 0 -18.7414049910109 0.235501334786184 19.4777762421769 18.4555918217197 1.96472470195253 0 -1.14434545644761 -0.23258512202305 -0.960433059218541 2.06864346923709 0.0703606859223734 -1.48536870647472 -1.46783191220268 1.04674169772153 0.364780485040871 -0.044609132243604 
1.57142565333233 -9.6165230449366 -12.6065675134801 3.61385716573049 3.39300922252844 17.7051188946725 2.0324203958653 -0.0771754043536146 18.1124276659044 -2.34404940944819 1.89087667804718 0.778663264717284 0 1.47202940256895 1.48790800912208 0.366502849043581 0.79409043040317 1.78570482816813 1.32666692572025 -0.804981097581322 0.0866061290989659 1.0774882979819 -1.87978522269045 6.28202075817716 -12.0957458302359 -19.8868149399929 11.4979870832283 0 19.3847518097305 2.90394675620084 10.6914820638911 1.8741623808882 -0.23258512202305 -0.771499312609201 -0.548035830626281 -0.213647198962815 1.86722393654623 -0.699646122753455 0.581065051635292 -0.0646332532049312 0.393495418947887 
2.85206656194692 -7.88964496626968 -17.3526182393323 14.2524333333841 3.39300922252844 17.7051188946725 3.87830645131334 -0.0771754043536146 18.1124276659044 -2.80035309344547 14.3290552097974 0.595608745978963 -0.405802584460844 0.557846121330674 1.48790800912208 0.366502849043581 0.678744244002153 1.78570482816813 1.32666692572025 0.351133980318501 0.594697144159441 2.74256187432565 2.03205918466302 1.39058398219784 9.08221915638178 -18.7414049910109 3.13085404973517 21.2051998741483 0 3.89367877249312 9.12378967589409 -0.874160631966852 -0.0874955385446062 0.173234727332943 -0.0593000749029685 0.0703606859223734 -1.81739824908664 -1.70862130471907 0.855582403072893 -0.0839662442654214 0.947945618772854 
2.85283533369343 -12.1666011978717 -15.2835830421111 -2.17944260206047 3.39300922252844 17.7051188946725 2.82187173304701 -0.0771754043536146 18.1124276659044 -0.0698750087152584 1.89087667804718 0.706191634119578 -0.0115807310731992 -0.0703306671512922 1.48790800912208 0.366502849043581 0.79409043040317 1.78570482816813 1.32666692572025 -0.263169920194508 0.0866061290989659 2.74256187432565 2.03205918466302 1.38156475896554 0 -19.8868149399929 0.235501334786184 19.4777762421769 19.3847518097305 1.96472470195253 0 -0.874160631966852 -0.0874955385446062 -0.960433059218541 2.06864346923709 -0.213647198962815 -1.2714512768022 -1.46783191220268 0.581065051635292 0.364780485040871 -0.044609132243604 
2.85283533369343 -7.88964496626968 10.7108050502887 0.634459227479276 3.51764245741891 17.7051188946725 2.82187173304701 -0.0771754043536146 22.5535605690226 -3.78634356606581 14.3290552097974 0.948098686713771 0.493731254899749 -0.462095648484349 1.48126034934132 0.366502849043581 0.79409043040317 1.78570482816813 1.31061227878119 -0.286709440120826 0.594697144159441 4.51637977013196 -3.04678725388217 5.0755332191128 0 -19.8868149399929 20.2593803911048 0 17.0349677846697 7.65148613958223 12.1851239914937 -0.874160631966852 0.359429379161181 -1.25197365129458 1.52201228954923 -0.213647198962815 1.1033777646969 -0.699646122753455 0.581065051635292 -0.0839662442654214 0.892010547636082 
