100
10
2.85465390065902 -12.1666011978717 2.748681126837 3.53618742734482 3.51764245741891 0.422914800873452 3.82697485749469 -0.0771754043536146 22.3340620832211 0.112371983175339 -2.78108200627895 0.706191634119578 0 0.0944221428010717 1.48126034934132 1.26292353507733 0.867401597927046 1.78570482816813 1.31061227878119 1.24312016103096 -0.555537694387854 4.51637977013196 -2.63655989679348 5.0755332191128 -13.1164008998854 -18.7414049910109 3.13085404973517 19.4777762421769 19.3847518097305 7.65148613958223 0 -0.874160631966852 -1.22670822586711 -1.25197365129458 0 0.0703606859223734 -1.81739824908664 -1.46783191220268 0.581065051635292 -0.0839662442654214 -0.044609132243604 
2.85436689897359 -12.1666011978717 7.29248250422184 14.2524333333841 3.39300922252844 0.422914800873452 3.82697485749469 -0.0771754043536146 22.3340620832211 -3.3400324052619 14.3290552097974 0.706191634119578 0.493731254899749 0.557846121330674 1.48790800912208 1.26292353507733 0.867401597927046 1.78570482816813 1.31061227878119 -0.0688787104323873 0.594697144159441 4.51637977013196 0 1.39058398219784 3.3398776808008 -16.4030669781394 17.6326684363338 17.3993106021543 16.2473004009562 -19.3184636123099 12.1851239914937 -0.874160631966852 0 0.173234727332943 -0.309161031879094 -0.0874332195042786 1.46405320403355 -1.70862130471907 0.461214881078906 -1.17049035844882 0.892010547636082 
2.85436689897359 -9.6165230449366 5.75512571609818 0 3.39300922252844 0.422914800873452 2.82187173304701 -0.0771754043536146 22.3340620832211 0.112371983175339 12.1445830739777 0.595608745978963 0.75899016615422 -0.550279709692243 1.48790800912208 0.389900489700912 0.79409043040317 1.78570482816813 1.31061227878119 1.24312016103096 1.02763989435399 0 -1.87978522269045 -0.1098511438397 0 7.20691330647418 0.235501334786184 17.3993106021543 0 7.65148613958223 14.8171766717998 1.97945172897515 -0.23258512202305 -0.254479559261575 2.06864346923709 -0.221321241404545 -1.58524416192679 -1.70862130471907 0.855582403072893 -0.0839662442654214 0.48456446357284 
2.85405630948257 -9.6165230449366 10.7108050502887 14.944825664882 3.39300922252844 17.7051188946725 2.82187173304701 -0.0771754043536146 22.3340620832211 2.74427106315003 12.1445830739777 0.595608745978963 0.493731254899749 0.557846121330674 1.48790800912208 0.654347718523046 0.79409043040317 1.78570482816813 1.31061227878119 0.776114509229602 1.02763989435399 3.00281728899703 -1.87978522269045 5.0755332191128 -13.1164008998854 -19.8868149399929 3.13085404973517 17.3993106021543 16.2473004009562 6.39618085161605 12.1851239914937 -0.556049525763863 -0.23258512202305 -1.25197365129458 0 -0.213647198962815 -1.81739824908664 -1.70862130471907 0.461214881078906 0.276314886178036 0.892010547636082 
2.8539132536181 -9.6165230449366 7.30142838116802 0 0 0 2.82187173304701 12.7032875608202 1.18992964191825 1.55927486571449 14.3290552097974 0.595608745978963 -0.0198035883995721 -0.350463444455743 0.860422585560206 0.495501579947538 0.79409043040317 0 0.510160379144438 -0.560845573437794 0.594697144159441 17.8765355828575 19.5161355920677 4.75644002943599 -13.1164008998854 8.74422812601283 3.13085404973517 17.3993106021543 19.3847518097305 8.68963892079873 0 0.317181885650932 0.72311685530614 -0.388893530442796 0 -0.594654094937562 -1.81739824908664 -1.70862130471907 0.581065051635292 0.452561166930274 -0.044609132243604 
2.85244677936796 -11.7351329671848 -14.9357068406119 0 3.39300922252844 17.7051188946725 3.87830645131334 -0.0771754043536146 22.3340620832211 0.112371983175339 12.1445830739777 0.739193856315312 0.226143059407427 -0.550279709692243 1.48790800912208 0.366502849043581 0.678744244002153 1.78570482816813 1.31061227878119 1.24312016103096 1.02763989435399 5.4586761239258 -2.63655989679348 1.39058398219784 3.3398776808008 -23.5621707292097 3.13085404973517 17.3993106021543 0 -19.3184636123099 15.4001649952262 -0.988407496636923 -1.22670822586711 0.173234727332943 -0.309161031879094 -0.886556222809737 -1.81739824908664 -1.70862130471907 0.855582403072893 -1.17049035844882 0.77956829406301 
2.85366681912642 -9.6165230449366 7.30142838116802 3.23005655930846 0.560331688663145 0 1.25116983368116 -0.0771754043536146 18.1124276659044 0 1.77938435379387 0.75073004968964 0.0356107136772995 1.20186968389986 1.0263784263173 0.495501579947538 1.19178966805422 1.78570482816813 1.32666692572025 1.21117743209525 -0.58537630092603 2.28181713217954 0.976683238487077 1.39058398219784 11.1574549105519 14.9860957893478 19.4030165241812 11.736142372124 0 3.89367877249312 15.4001649952262 -0.874160631966852 0.383926654292236 0.173234727332943 -0.170326258680004 0 2.40272347116504 -2.01234856421703 0.855582403072893 -0.0839662442654214 0.77956829406301 
2.85360211041643 -12.1666011978717 10.7108050502887 14.944825664882 3.39300922252844 17.7051188946725 3.87830645131334 -0.0771754043536146 22.3340620832211 -1.07376052365813 12.1445830739777 0.465848313908022 0.493731254899749 0.557846121330674 1.48790800912208 0.654347718523046 0.678744244002153 1.78570482816813 1.31061227878119 -0.669753721724149 1.02763989435399 2.74256187432565 0 5.0755332191128 0 -19.8868149399929 3.13085404973517 14.3139317407803 0 3.89367877249312 10.6914820638911 -0.874160631966852 0 -1.25197365129458 2.06864346923709 -0.213647198962815 -1.81739824908664 -1.70862130471907 0.855582403072893 -0.0839662442654214 0.393495418947887 
2.85342060810471 -12.1666011978717 7.29248250422184 -2.17944260206047 3.39300922252844 0.422914800873452 2.82187173304701 -0.0771754043536146 22.3340620832211 -3.3400324052619 17.4969118464258 0.706191634119578 0.493731254899749 -0.0703306671512922 1.48790800912208 1.26292353507733 0.79409043040317 1.78570482816813 1.31061227878119 -0.0688787104323873 0.594697144159441 4.51637977013196 0 1.39058398219784 0 -19.8868149399929 3.13085404973517 17.3993106021543 16.2473004009562 7.65148613958223 11.0420697133253 -0.874160631966852 0 0.173234727332943 1.52201228954923 -0.213647198962815 -1.81739824908664 -1.70862130471907 0.461214881078906 -0.0839662442654214 1.85737288701691 
2.56841277967297 -9.90302672395624 3.94357362014408 14.2524333333841 3.39300922252844 17.7051188946725 2.82187173304701 -0.0771754043536146 20.1063769478846 -0.0698750087152584 14.3290552097974 -0.979031119942213 0 0.0330732370135717 1.48790800912208 0.366502849043581 0.79409043040317 1.78570482816813 0.920375878792431 -0.263169920194508 0.594697144159441 3.30415186155781 -1.87978522269045 0.58477505190986 0 -21.5882046992836 17.6326684363338 17.3993106021543 16.2473004009562 7.65148613958223 9.71817587954838 -0.322852900844465 -0.23258512202305 -0.355160973647219 2.26721421987154 -0.404981171402606 1.46405320403355 -1.70862130471907 -0.392434844608621 -0.0839662442654214 1.35861408496677 
2.85314768722572 -6.48989549679211 10.7108050502887 3.53618742734482 3.51764245741891 17.7051188946725 7.29032523263727 -0.0771754043536146 22.3340620832211 3.80318042221627 14.3290552097974 0.849124694615195 0.493731254899749 0.0944221428010717 1.48126034934132 -0.165230952047385 -1.13388523669629 1.78570482816813 1.31061227878119 0.268351837707848 0.594697144159441 4.51637977013196 0.334026669121359 5.0755332191128 -13.1164008998854 -21.8072595648967 3.13085404973517 17.3993106021543 16.2473004009562 8.3259712900156 12.1851239914937 -0.395347612414205 -0.354539850444784 -1.25197365129458 0 0.013592410261553 -1.81739824908664 -1.70862130471907 0.461214881078906 0.513352474203963 0.892010547636082 
2.85307086116648 -7.88964496626968 7.29248250422184 14.2524333333841 3.39300922252844 17.7051188946725 2.82187173304701 -0.0771754043536146 18.1124276659044 -2.80035309344547 14.2602092911304 0.595608745978963 0.493731254899749 0.557846121330674 1.48790800912208 0.648290609674663 0.79409043040317 1.78570482816813 1.32666692572025 0.351133980318501 0.594697144159441 2.74256187432565 -2.50014811721637 1.39058398219784 -13.1164008998854 -19.8173522925551 17.6326684363338 21.2051998741483 10.0467394912833 -0.361441472946405 12.1851239914937 -0.874160631966852 -0.23258512202305 0.173234727332943 0 -0.000736920442775291 1.46405320403355 -1.70862130471907 -0.00272511171769591 0.478631184757049 0.892010547636082 
2.56793731455563 -7.05117729043177 10.7108050502887 3.53618742734482 3.51764245741891 17.7051188946725 3.48930942508826 -0.0771754043536146 22.3340620832211 -3.3400324052619 14.2602092911304 1.02146475589902 0.493731254899749 0.0944221428010717 1.48126034934132 0.366502849043581 0.867401597927046 1.78570482816813 1.31061227878119 -0.0688787104323873 0.594697144159441 1.45084833905606 -1.87978522269045 1.39058398219784 -13.1164008998854 -18.7414049910109 20.2593803911048 17.3993106021543 10.0467394912833 7.65148613958223 12.1851239914937 -0.338416788167514 -0.23258512202305 0.173234727332943 0 0.0703606859223734 1.1033777646969 -1.70862130471907 -0.00272511171769591 -0.0839662442654214 0.892010547636082 
1.57142565333233 -8.49179961173413 10.7108050502887 10.6926602036192 3.39300922252844 0.422914800873452 3.410206303564 -0.0771754043536146 22.3340620832211 -2.40971728363527 14.3290552097974 -0.622732090653261 0.493731254899749 0.985110791286039 1.48790800912208 0.389900489700912 0.271811686834233 1.78570482816813 1.31061227878119 0.0269420755919731 0.594697144159441 28.432138362309 1.69765792542494 0 0 7.20691330647418 0.235501334786184 19.4777762421769 0 2.46681678468213 0 1.03065258613352 -0.23258512202305 -1.27484740961103 2.06864346923709 -0.221321241404545 -1.29480241333824 -1.46783191220268 0.855582403072893 0.623644842446616 -0.044609132243604 
2.85307086116648 -6.48989549679211 3.94357362014408 3.53618742734482 3.51764245741891 20.2661975590355 7.29032523263727 -0.0771754043536146 22.3340620832211 -0.0698750087152584 14.3290552097974 0.849124694615195 0 0.0944221428010717 1.48126034934132 -0.163160931013134 -1.13388523669629 1.78570482816813 1.31061227878119 -0.263169920194508 0.594697144159441 4.51637977013196 -1.87978522269045 1.38156475896554 -13.1164008998854 -21.8072595648967 17.6326684363338 17.3993106021543 17.5796595206622 5.55246178456697 0 -0.395347612414205 -0.23258512202305 -0.960433059218541 0 -0.37548392534977 1.50988520317706 -1.70862130471907 0.960959317270182 0.376858007869151 -0.044609132243604 
0 -9.6165230449366 7.29248250422184 3.23005655930846 0.560331688663145 22.6080074404171 -0.237130987824466 -0.0771754043536146 16.6595197110714 0 14.3290552097974 0.75073004968964 0.493731254899749 1.20186968389986 0.860422585560206 -0.794128951562628 0.79409043040317 1.78570482816813 0.855913208972622 1.55277195365763 0.962441256419961 4.51637977013196 -1.87978522269045 5.43270056668329 3.3398776808008 -21.5882046992836 17.6326684363338 17.3993106021543 11.2536178022873 7.65148613958223 12.1851239914937 -0.874160631966852 -0.23258512202305 -0.230153424074013 -0.309161031879094 -0.672353881924578 -0.00347218213764555 -1.70862130471907 0.275619471029201 -0.0839662442654214 0.892010547636082 
2.85307086116648 -9.6165230449366 7.29248250422184 3.23005655930846 0.560331688663145 22.6080074404171 7.29032523263727 -0.0771754043536146 18.1124276659044 0 11.7239166340436 0.75073004968964 1.05502135856777 1.20186968389986 0.860422585560206 -0.794128951562628 -1.13388523669629 1.78570482816813 1.32666692572025 1.21117743209525 0.616840074498598 4.51637977013196 -1.93899116476019 5.43270056668329 3.3398776808008 -21.5882046992836 17.6326684363338 17.3993106021543 8.60062024663231 7.65148613958223 12.1851239914937 -0.874160631966852 -0.361844548681678 -0.230153424074013 -0.309161031879094 -0.672353881924578 -0.00347218213764555 -1.70862130471907 0.0949900055886199 -0.0839662442654214 0.656698610492376 
2.85307086116648 -12.1666011978717 10.7108050502887 3.23005655930846 -1.29196204943208 -6.29134674677222 7.29032523263727 -0.0771754043536146 18.1124276659044 1.83768806752641 14.3290552097974 0.706191634119578 0.493731254899749 1.20186968389986 0.843232846708611 0.565669955129582 -1.13388523669629 1.78570482816813 1.32666692572025 0.695830386884432 0.962441256419961 2.74256187432565 0 5.0755332191128 0 -20.0257914938153 0.235501334786184 19.4777762421769 0 7.65148613958223 12.1851239914937 -0.874160631966852 0 -1.25197365129458 2.06864346923709 0.0859257904141796 -1.29480241333824 -1.46783191220268 0.855582403072893 -0.0839662442654214 0.892010547636082 
2.85304364239642 -12.1666011978717 3.94357362014408 14.2524333333841 3.51764245741891 1.95724877722433 3.84524594240135 -0.0771754043536146 22.8807388662271 -0.0698750087152584 -5.62973323617118 0.706191634119578 0 0.557846121330674 1.48126034934132 -0.212614389822173 0 1.78570482816813 1.31061227878119 -0.263169920194508 -0.555537694387854 2.74256187432565 -1.87978522269045 1.38156475896554 0 -17.3283675970409 17.6326684363338 21.2051998741483 17.5796595206622 5.55246178456697 0 -0.874160631966852 -0.23258512202305 -0.960433059218541 2.06864346923709 -0.218893633949986 1.50988520317706 -1.70862130471907 0.960959317270182 0.376858007869151 -0.044609132243604 
2.85296702945728 -12.1666011978717 7.62295585205916 0 3.39300922252844 0.422914800873452 3.87830645131334 -0.0771754043536146 22.3340620832211 1.83768806752641 1.77938435379387 0.465848313908022 0.994414827425226 -0.550279709692243 1.48790800912208 0.389900489700912 0.678744244002153 1.78570482816813 1.31061227878119 0.695830386884432 -0.58537630092603 2.74256187432565 0 0.58477505190986 0 -18.7414049910109 0.235501334786184 19.4777762421769 1.67189872354357 5.93990393646057 10.6914820638911 -0.874160631966852 -0.615886028099752 -0.355160973647219 2.06864346923709 0.168417195248612 -1.48536870647472 -1.46783191220268 0.855582403072893 0.176467678168075 0.393495418947887 
2.85216340300209 -9.6165230449366 10.7108050502887 3.53618742734482 3.51764245741891 17.7051188946725 7.29032523263727 -0.0771754043536146 22.3340620832211 3.81605740548859 14.3290552097974 0.595608745978963 -0.0205542260178148 0.0944221428010717 1.48126034934132 0.366502849043581 -1.13388523669629 1.78570482816813 1.31061227878119 0.109624558025797 0.594697144159441 4.51637977013196 -4.47643634736372 5.0755332191128 -13.1164008998854 -18.7414049910109 3.13085404973517 17.3993106021543 16.2473004009562 6.44619007312981 12.1851239914937 -0.874160631966852 0.225755644620282 -1.25197365129458 0 0.0703606859223734 -1.81739824908664 -1.70862130471907 0.461214881078906 -0.596446054422504 0.892010547636082 
1.57142565333233 -9.6165230449366 2.8344479789885 0 1.15475121694838 18.3043850970475 2.82187173304701 1.39297716663823 9.48171761707948 -0.0698750087152584 1.77938435379387 0.595608745978963 1.6489678213368 -0.550279709692243 0.828666320130539 0.366502849043581 0.79409043040317 1.50328751130183 1.27771223947765 -0.263169920194508 -0.58537630092603 17.8765355828575 0 6.3126108834113 -12.6659467175677 -23.5621707292097 3.13085404973517 17.4396554603426 10.4699979327479 -19.3184636123099 17.4242149374561 0.317181885650932 0.1322658138919 -0.676888563985419 0 -0.886556222809737 -1.81739824908664 -1.83940082177492 -0.00272511171769591 -1.17049035844882 0 
2.85304364239642 -9.6165230449366 10.7108050502887 0.634459227479276 3.39300922252844 17.7051188946725 2.82187173304701 -0.0771754043536146 22.3340620832211 1.83768806752641 -5.62973323617118 0.595608745978963 0.493731254899749 -0.462095648484349 1.48790800912208 0.366502849043581 0.79409043040317 1.78570482816813 1.31061227878119 0.695830386884432 -0.555537694387854 4.51637977013196 -1.87978522269045 2.26220656992505 -13.1164008998854 -19.8868149399929 20.1627476529743 0 19.3847518097305 7.65148613958223 12.1851239914937 -0.874160631966852 -0.23258512202305 -1.25197365129458 0 -0.213647198962815 1.72830990844793 -0.699646122753455 0.581065051635292 -0.0839662442654214 0.892010547636082 
2.85304364239642 -8.5880554152597 2.8344479789885 16.9659098322345 0 18.3043850970475 3.84524594240135 -0.0771754043536146 9.48171761707948 -2.80035309344547 -0.00818946352609873 0.69390264552734 1.6489678213368 0.57008058175914 0.188620502095959 0.366502849043581 0 1.78570482816813 1.27771223947765 0 0.463183945330411 2.74256187432565 -1.87978522269045 1.38156475896554 -14.9255823972288 -18.7414049910109 20.9840854494758 0 17.5796595206622 7.65148613958223 17.4242149374561 -0.874160631966852 -0.23258512202305 -0.960433059218541 0 0.0703606859223734 2.13836172201594 -0.699646122753455 0.960959317270182 0.627150817041821 0 
1.57142565333233 -9.6165230449366 2.748681126837 3.53618742734482 3.51764245741891 17.7051188946725 6.59285837157762 -0.0771754043536146 22.3340620832211 0 -2.78108200627895 0.595608745978963 0 0.0944221428010717 1.48126034934132 0.366502849043581 1.34979814713811 1.78570482816813 1.31061227878119 0 -0.555537694387854 4.51637977013196 1.48886464593879 5.0755332191128 9.08221915638178 -19.9626072462241 3.13085404973517 19.4777762421769 16.2473004009562 7.65148613958223 12.1851239914937 -0.874160631966852 0.383926654292236 -1.07924685198313 -0.0593000749029685 0.406489702247311 -2.04929005412817 -1.46783191220268 0.461214881078906 -0.0839662442654214 0.892010547636082 
2.85119071104135 -12.1666011978717 -15.2835830421111 3.53618742734482 3.39300922252844 0.422914800873452 0.987137620168338 -0.0771754043536146 22.3340620832211 -3.3400324052619 14.3290552097974 0.706191634119578 -0.0115807310731992 0.0944221428010717 1.48790800912208 1.26292353507733 0.867401597927046 1.78570482816813 1.31061227878119 -0.0688787104323873 0.594697144159441 2.74256187432565 -1.87978522269045 1.38156475896554 -1.74817996683911 -18.7414049910109 -2.63362297477835 17.3993106021543 10.0467394912833 3.36377615656879 12.1851239914937 -0.874160631966852 -0.23258512202305 -0.960433059218541 -0.0808739939894872 0.0703606859223734 -1.35174548042554 -1.70862130471907 -0.00272511171769591 0.554064407499537 0.892010547636082 
2.85154247632257 -9.68660576352226 7.29248250422184 14.2524333333841 3.39300922252844 17.7051188946725 2.82187173304701 -0.0771754043536146 22.3340620832211 -2.80035309344547 14.2602092911304 0.595608745978963 0.493731254899749 0.557846121330674 1.48790800912208 0.648290609674663 0.79409043040317 1.78570482816813 1.31061227878119 0 0.594697144159441 2.69721603027881 -1.87978522269045 1.39058398219784 -13.1164008998854 -19.8868149399929 3.13085404973517 17.3993106021543 16.2473004009562 6.39618085161605 12.1851239914937 -0.877973053333337 -0.23258512202305 0.173234727332943 0 -0.213647198962815 -1.81739824908664 -1.70862130471907 0.461214881078906 0.276314886178036 0.892010547636082 
2.85296702945728 -12.1666011978717 -15.2835830421111 4.34419893868929 3.39300922252844 0.422914800873452 3.82697485749469 -0.0771754043536146 22.3340620832211 -3.3400324052619 14.3290552097974 0.706191634119578 -0.0115807310731992 0.0944221428010717 1.48790800912208 1.26292353507733 0.867401597927046 1.78570482816813 1.31061227878119 -0.0688787104323873 0.594697144159441 4.51637977013196 0 5.0755332191128 0 -18.7414049910109 17.6326684363338 17.3993106021543 8.60062024663231 -19.3184636123099 12.1851239914937 -0.874160631966852 -0.294904928675343 -1.25197365129458 1.52201228954923 0.0703606859223734 1.46405320403355 -1.70862130471907 0.0949900055886199 -1.17049035844882 0.892010547636082 
2.85154247632257 -9.6165230449366 5.75512571609818 14.2524333333841 3.39300922252844 0.422914800873452 3.82697485749469 -0.0771754043536146 22.3340620832211 0.112371983175339 15.8507014195671 0.595608745978963 0.75899016615422 0.557846121330674 1.48790800912208 0.389900489700912 0.867401597927046 1.78570482816813 1.31061227878119 1.24312016103096 0.176540661089374 0 0 -0.1098511438397 0 7.20691330647418 0.235501334786184 17.3993106021543 0 -19.3184636123099 14.8171766717998 1.97945172897515 0 -0.254479559261575 2.06864346923709 -0.221321241404545 -1.58524416192679 -1.70862130471907 0.855582403072893 -1.17049035844882 0.199433185104017 
2.85290128070377 -12.1666011978717 -14.666138500006 14.2524333333841 3.39300922252844 17.7051188946725 3.82697485749469 -0.0771754043536146 18.1124276659044 -3.3400324052619 14.3290552097974 0.465848313908022 0.602525338084681 0.557846121330674 1.48790800912208 0.366502849043581 0.867401597927046 1.78570482816813 1.32666692572025 -0.0688787104323873 0.594697144159441 2.74256187432565 -1.90341556458893 -2.04416472785834 3.3398776808008 -16.4030669781394 1.24519768417589 21.2051998741483 16.2473004009562 -19.3184636123099 10.6914820638911 -1.04390310914437 0.528967596240792 -0.716334602244354 -0.309161031879094 -0.0874332195042786 -2.41878447859026 -1.70862130471907 0.461214881078906 -1.17049035844882 0.393495418947887 
2.85380961187157 -9.6165230449366 9.87974431772239 16.3220977098318 3.39300922252844 17.7051188946725 -4.17879500686135 -0.0771754043536146 18.1124276659044 0.642773102243791 -5.62973323617118 0.778663264717284 0.493731254899749 0.912615414565715 1.48790800912208 0.366502849043581 -0.164135479682188 1.78570482816813 1.32666692572025 0.621063917289052 -0.555537694387854 4.51637977013196 -1.87978522269045 5.0755332191128 -13.1164008998854 -19.8868149399929 20.1627476529743 0 19.3847518097305 3.89367877249312 12.1851239914937 -0.874160631966852 -0.475487350297853 -1.25197365129458 0 -0.213647198962815 1.72830990844793 -0.699646122753455 0.581065051635292 -0.15493773585881 0.892010547636082 
2.85227568115202 -9.6165230449366 9.87974431772239 14.2524333333841 3.39300922252844 0.422914800873452 3.87830645131334 -0.0771754043536146 17.9489103412018 1.83768806752641 -5.62973323617118 0.778663264717284 0.493731254899749 0.557846121330674 1.48790800912208 0.389900489700912 0.678744244002153 1.78570482816813 1.32666692572025 0.695830386884432 -0.555537694387854 4.51637977013196 0 1.39058398219784 -13.1164008998854 -18.7414049910109 20.1627476529743 17.3993106021543 4.60677932577989 5.93990393646057 12.1851239914937 -0.874160631966852 0 0.173234727332943 0 0.0703606859223734 1.72830990844793 -1.70862130471907 0.53119158265702 0.176467678168075 0.892010547636082 
2.85283533369343 -7.88964496626968 -9.94904817601156 14.2524333333841 3.39300922252844 17.7051188946725 7.29032523263727 -0.0771754043536146 18.1124276659044 -2.80035309344547 -5.62973323617118 0.595608745978963 0.964322587072068 0.557846121330674 1.48790800912208 0.366502849043581 -1.13388523669629 1.78570482816813 1.32666692572025 0 -0.555537694387854 3.30415186155781 -1.87978522269045 0 -13.1164008998854 -18.7414049910109 17.6326684363338 0 16.5177043778206 -0.430134157384808 12.1851239914937 -0.874160631966852 -0.475487350297853 -0.667678957184627 0 0.0703606859223734 1.50988520317706 -0.699646122753455 0.0196413580745654 0.102783863201171 0.892010547636082 
2.85283533369343 -7.88964496626968 -9.94904817601156 14.2524333333841 3.39300922252844 17.7051188946725 7.29032523263727 -0.0771754043536146 18.1124276659044 -1.88019176380718 16.4981575824777 0.595608745978963 0.964322587072068 0.557846121330674 1.48790800912208 0.366502849043581 -1.13388523669629 1.78570482816813 1.32666692572025 -0.0631188014443585 0.0875800714304581 3.30415186155781 -2.0694721698386 0 -13.1164008998854 -18.7414049910109 17.6326684363338 17.3993106021543 16.2473004009562 -0.430134157384808 0 -0.874160631966852 -0.434866177348823 -0.667678957184627 0 0.0703606859223734 1.50988520317706 -1.68741140699825 0.461214881078906 0.650782336802586 0.420571477464666 
1.57142565333233 -9.6165230449366 10.7108050502887 14.2524333333841 3.39300922252844 19.7822532336611 3.82697485749469 -0.0771754043536146 22.3340620832211 1.83768806752641 14.3290552097974 0.595608745978963 0.493731254899749 0.557846121330674 1.48790800912208 1.214073784777 0.867401597927046 1.78570482816813 1.31061227878119 0.695830386884432 0.594697144159441 4.51637977013196 -1.87978522269045 5.0755332191128 3.3398776808008 -16.4030669781394 17.6326684363338 17.3993106021543 16.2473004009562 7.65148613958223 9.71817587954838 -0.874160631966852 -0.23258512202305 -1.06363389056811 -0.309161031879094 -0.056207190391704 1.46405320403355 -1.70862130471907 0.461214881078906 -0.0839662442654214 1.35861408496677 
1.57142565333233 -7.25477113318852 -12.6065675134801 3.23005655930846 -3.55011231405666 17.7051188946725 -0.237130987824466 -0.0771754043536146 18.1124276659044 0 14.3290552097974 0.34073995715973 0 1.48167813288126 0.843232846708611 0.366502849043581 0.79409043040317 1.78570482816813 1.32666692572025 1.55277195365763 0.962441256419961 1.0774882979819 -1.87978522269045 4.25346137054891 -11.0953307912198 -18.7414049910109 14.3112060420733 19.4777762421769 10.0467394912833 -0.430134157384808 12.1851239914937 1.8741623808882 -0.23258512202305 0.310411018752684 -0.98749443931854 0.0703606859223734 1.51153566519801 -1.46783191220268 -0.00272511171769591 0.1631679539956 0.892010547636082 
2.56988634506748 -12.1666011978717 -12.6065675134801 0 3.39300922252844 0.422914800873452 3.87830645131334 -0.0771754043536146 22.3340620832211 -1.07376052365813 1.77938435379387 0.706191634119578 0 -0.550279709692243 1.32741519456609 0.389900489700912 0.678744244002153 1.78570482816813 1.31061227878119 -0.669753721724149 -0.58537630092603 2.74256187432565 0 1.3336129184736 1.82885377045202 -18.7414049910109 0.235501334786184 17.3993106021543 0 8.18259643529663 15.4001649952262 -0.874160631966852 0 0.0753270364344711 2.05753702940305 0.0703606859223734 -1.58524416192679 -1.70862130471907 0.855582403072893 -0.142793770783019 0.77956829406301 
2.85269303993233 -8.62833085184839 3.94357362014408 -2.17944260206047 3.51764245741891 0.422914800873452 3.84524594240135 -0.0771754043536146 22.8807388662271 -2.34404940944819 1.89087667804718 -0.119127552285384 0 -0.0703306671512922 1.48126034934132 0.389900489700912 0 1.78570482816813 1.31061227878119 -0.804981097581322 0.0866061290989659 2.74256187432565 -1.87978522269045 1.38156475896554 -13.1164008998854 -18.7414049910109 17.6326684363338 19.4777762421769 17.5796595206622 6.6672008574089 0 -0.874160631966852 -0.23258512202305 -0.960433059218541 0 0.0703606859223734 1.50988520317706 -1.46783191220268 0.960959317270182 0.43232772468232 -0.044609132243604 
2.85269303993233 -12.4060433347738 10.7108050502887 3.23005655930846 0 18.5528534135096 7.29032523263727 -0.0771754043536146 18.1124276659044 0 1.89087667804718 0.595608745978963 0.940650173365441 1.20186968389986 0.860422585560206 -0.191552240341693 -1.13388523669629 1.78570482816813 1.32666692572025 0.516565257434996 0.0866061290989659 -1.16977351031721 -5.16352909829632 5.0755332191128 9.08221915638178 -18.7414049910109 16.6679209721358 19.4777762421769 10.0467394912833 -0.430134157384808 12.1851239914937 1.54672771768026 0.0727693303920185 -1.07924685198313 -0.0593000749029685 0.168417195248612 1.89857760578793 -0.878480962104388 -0.00272511171769591 0.1631679539956 0.892010547636082 
2.85314768722572 -9.6165230449366 10.7108050502887 -2.17944260206047 3.39300922252844 17.7051188946725 2.82187173304701 -0.0771754043536146 22.3340620832211 1.83768806752641 12.0703892238766 0.0702399513545634 0.493731254899749 -0.0703306671512922 1.48790800912208 0.366502849043581 0.79409043040317 1.78570482816813 1.31061227878119 0.695830386884432 -0.036629433499942 4.51637977013196 -1.87978522269045 5.0755332191128 -13.1164008998854 -18.7414049910109 3.13085404973517 17.3993106021543 16.2473004009562 7.65148613958223 12.1851239914937 -0.388497327495598 -0.23258512202305 -1.25197365129458 0 0.0703606859223734 -1.81739824908664 -1.70862130471907 0.461214881078906 -0.0839662442654214 1.14145472609506 
2.85265509800914 -12.1666011978717 7.29248250422184 -1.04420767342402 3.39300922252844 17.7051188946725 2.82187173304701 -0.0771754043536146 18.1124276659044 -5.68955626771299 14.3290552097974 0.706191634119578 0.493731254899749 -0.550279709692243 1.48790800912208 0.366502849043581 0.79409043040317 1.78570482816813 1.32666692572025 0 0.962441256419961 4.98609058735244 -0.924675390694605 10.9072252784889 0 -18.7414049910109 20.4858299084407 21.2051998741483 19.3847518097305 1.96472470195253 10.6914820638911 -1.14434545644761 -0.122661313546198 -0.702594700633825 2.06864346923709 0.0703606859223734 2.16036358673142 -1.70862130471907 0.581065051635292 0.364780485040871 0.393495418947887 
0 -12.1666011978717 -12.6065675134801 -3.24420138948792 3.39300922252844 0.422914800873452 3.87830645131334 -0.587096517247658 22.3340620832211 -3.1488930660062 1.77938435379387 0.706191634119578 -0.129110263720672 -0.607407605670116 1.48790800912208 0.389900489700912 0.678744244002153 1.78570482816813 1.31061227878119 0.211430093236933 -0.58537630092603 2.74256187432565 0 1.3336129184736 0 -18.7414049910109 0.235501334786184 17.8914305181668 0 8.18259643529663 15.4001649952262 -0.874160631966852 -0.610613191156002 0.0753270364344711 2.06864346923709 0.0703606859223734 -1.58524416192679 -1.25159427421707 0.855582403072893 -0.142793770783019 0.77956829406301 
2.85384888674517 -12.1666011978717 -12.6065675134801 3.23005655930846 -1.29196204943208 17.7051188946725 2.82187173304701 -0.0771754043536146 18.1124276659044 -2.80035309344547 14.3290552097974 0.706191634119578 0 1.22512995456584 0.843232846708611 0.366502849043581 0.79409043040317 1.78570482816813 1.32666692572025 0 0.962441256419961 1.0774882979819 -0.924675390694605 7.93350558280177 -12.0957458302359 -18.7414049910109 14.3112060420733 19.4777762421769 19.3847518097305 2.80304112206355 10.6914820638911 1.8741623808882 -0.122661313546198 -0.461197766783274 -0.548035830626281 0.0703606859223734 1.51153566519801 -1.46783191220268 0.581065051635292 0.176467678168075 0.393495418947887 
2.85196189212818 -12.1666011978717 -14.9357068406119 -3.15747390659874 3.39300922252844 18.9366461939349 2.82187173304701 -0.0771754043536146 18.1124276659044 -1.07376052365813 14.3290552097974 0.465848313908022 0.226143059407427 -0.236984421162393 1.48790800912208 0.730359320989977 0.79409043040317 1.78570482816813 1.32666692572025 -0.669753721724149 0.962441256419961 2.74256187432565 -2.50014811721637 -0.608841781601702 0 -16.507629021121 1.24519768417589 21.2051998741483 19.3847518097305 5.93990393646057 10.6914820638911 -1.04390310914437 -0.23258512202305 -0.716334602244354 2.06864346923709 -0.219166849650986 -2.41878447859026 -1.70862130471907 0.581065051635292 0.176467678168075 0.393495418947887 
1.57142565333233 -9.6165230449366 7.29248250422184 2.17267678548707 3.51764245741891 0 7.29032523263727 -0.0771754043536146 22.3340620832211 1.38919020657855 1.77938435379387 0.75073004968964 0.493731254899749 0.0944221428010717 1.48126034934132 0.495501579947538 -1.13388523669629 1.78570482816813 1.31061227878119 1.37324642055353 -0.58537630092603 2.28181713217954 0.976683238487077 1.39058398219784 11.1574549105519 -19.2534301157358 19.5119972246056 11.736142372124 0 -22.518457569889 12.1851239914937 -0.874160631966852 0.383926654292236 0.173234727332943 -0.170326258680004 0.0703606859223734 1.89857760578793 -2.01234856421703 0.855582403072893 -1.53986536845559 0.892010547636082 
2.85251322763588 -12.1666011978717 10.7108050502887 0 3.39300922252844 0.422914800873452 1.76384459427271 -0.0771754043536146 22.3340620832211 1.83768806752641 14.3290552097974 0.706191634119578 0.493731254899749 -0.489680075994544 1.48790800912208 0.0446554263050928 0.35770132322223 1.78570482816813 1.31061227878119 0.695830386884432 0.594697144159441 2.74256187432565 -1.87978522269045 2.68362742689607 0 -18.7414049910109 0.471429573824364 17.3993106021543 0 7.65148613958223 12.1851239914937 -0.874160631966852 -0.23258512202305 -0.894764591220191 2.06864346923709 0.596201033334341 -1.8985952270397 -1.70862130471907 0.855582403072893 -0.0839662442654214 0.892010547636082 
2.85252232190791 -12.1666011978717 5.15372766144747 0 3.39300922252844 0.422914800873452 3.87830645131334 -0.0771754043536146 22.3340620832211 0.112371983175339 14.3290552097974 0.762968314794343 0.458565329782928 -0.550279709692243 1.48790800912208 0.504497720158891 0.867401597927046 1.78570482816813 1.31061227878119 0.731212893343164 0.594697144159441 0.328766139749797 -1.87978522269045 1.38156475896554 -1.74817996683911 -18.7414049910109 0.235501334786184 17.3993106021543 10.0467394912833 3.36377615656879 0 -1.17694066843807 -0.23258512202305 -0.960433059218541 -0.0808739939894872 0.0703606859223734 -1.48536870647472 -1.70862130471907 -0.00272511171769591 0.554064407499537 -0.044609132243604 
2.85251322763588 -11.4830321540511 9.87974431772239 14.2524333333841 3.51764245741891 17.7051188946725 3.82697485749469 -0.0771754043536146 18.1124276659044 0 14.3290552097974 0.461686080797429 0.493731254899749 0.557846121330674 1.48126034934132 0.366502849043581 0.867401597927046 1.78570482816813 1.32666692572025 0 0.962441256419961 0.748764128586635 1.48886464593879 7.93350558280177 9.08221915638178 14.9860957893478 16.6679209721358 21.2051998741483 16.2473004009562 6.52482635107582 12.1851239914937 -0.651656264630918 0.383926654292236 -0.387402305690293 -0.0593000749029685 0 1.89857760578793 -1.70862130471907 0.461214881078906 -0.0839662442654214 0.892010547636082 
2.85251322763588 -9.6165230449366 7.37369444853333 -3.4375692191243 3.51764245741891 15.4665359556053 7.29032523263727 -0.0771754043536146 22.3340620832211 -0.0698750087152584 1.89087667804718 0.595608745978963 -0.127895446083459 -0.436295193855788 1.48126034934132 -0.673247126086264 -1.13388523669629 1.78570482816813 1.31061227878119 -0.263169920194508 0.0866061290989659 4.51637977013196 -1.1986343270627 5.0755332191128 9.08221915638178 -18.7414049910109 16.6679209721358 17.3993106021543 17.5796595206622 6.52482635107582 12.1851239914937 -0.874160631966852 -0.739882557429318 -1.07924685198313 -0.0593000749029685 0.0703606859223734 1.89857760578793 -1.70862130471907 0.960959317270182 -0.0839662442654214 0.892010547636082 
2.85240913886679 -12.1666011978717 -13.3281067257412 3.53618742734482 3.51764245741891 0.422914800873452 7.29032523263727 -0.0771754043536146 22.3340620832211 -3.3400324052619 14.3290552097974 0.706191634119578 -0.0115807310731992 0.0944221428010717 1.48126034934132 1.26292353507733 -1.13388523669629 1.78570482816813 1.31061227878119 -0.0688787104323873 0.594697144159441 4.51637977013196 0 6.33767176665723 3.3398776808008 -19.2534301157358 17.6326684363338 14.4934141725737 8.60062024663231 -19.3184636123099 12.1851239914937 -0.874160631966852 0 -1.25197365129458 -0.309161031879094 0.0703606859223734 1.46405320403355 -1.11900007646484 0.0949900055886199 -1.17049035844882 0.892010547636082 
2.85342060810471 -12.1666011978717 2.748681126837 8.0018293219627 3.51764245741891 0.422914800873452 3.82697485749469 -0.0771754043536146 22.3340620832211 -2.40971728363527 -2.78108200627895 0.706191634119578 0 0.564712925318029 1.48126034934132 1.26292353507733 0.867401597927046 1.78570482816813 1.31061227878119 0.0269420755919731 -0.555537694387854 4.51637977013196 1.69765792542494 0 0 7.20691330647418 3.13085404973517 19.4777762421769 0 2.46681678468213 0 -0.874160631966852 -0.23258512202305 -0.667678957184627 2.06864346923709 -0.221321241404545 -1.81739824908664 -1.46783191220268 0.855582403072893 0.623644842446616 -0.044609132243604 
2.85213375340425 -9.6165230449366 7.29248250422184 14.2524333333841 3.39300922252844 0 3.82697485749469 -0.0771754043536146 18.1124276659044 0 14.3290552097974 0.75073004968964 0.493731254899749 0.557846121330674 1.48790800912208 0.495501579947538 0.867401597927046 1.78570482816813 1.32666692572025 1.21117743209525 0.594697144159441 2.28181713217954 0 1.39058398219784 11.1574549105519 14.9860957893478 17.6326684363338 17.3993106021543 16.2473004009562 3.89367877249312 15.4001649952262 -0.874160631966852 0 0.173234727332943 -0.170326258680004 0 1.46405320403355 -1.70862130471907 0.461214881078906 -0.0839662442654214 0.77956829406301 
2.85251322763588 -12.1666011978717 7.29248250422184 0 3.39300922252844 0.422914800873452 2.82187173304701 -0.0771754043536146 22.3340620832211 -3.3400324052619 12.1445830739777 0.706191634119578 0.493731254899749 -0.550279709692243 1.48790800912208 0.389900489700912 0.79409043040317 1.78570482816813 1.31061227878119 -0.0688787104323873 1.02763989435399 4.51637977013196 -1.87978522269045 -0.1098511438397 0 7.20691330647418 3.13085404973517 17.3993106021543 16.2473004009562 7.65148613958223 9.71817587954838 -0.874160631966852 -0.23258512202305 -0.254479559261575 2.06864346923709 -0.221321241404545 -1.81739824908664 -1.70862130471907 0.461214881078906 -0.0839662442654214 1.35861408496677 
2.57036047570913 -12.1666011978717 10.7108050502887 14.944825664882 -1.29196204943208 17.7051188946725 2.82187173304701 -0.0771754043536146 18.1124276659044 2.74427106315003 12.1445830739777 0.706191634119578 0.493731254899749 0.557846121330674 0.843232846708611 0.366502849043581 0.79409043040317 1.78570482816813 1.32666692572025 0.776114509229602 1.02763989435399 3.00281728899703 -1.87978522269045 7.93350558280177 -13.1164008998854 -19.8868149399929 14.3112060420733 19.4777762421769 16.2473004009562 6.39618085161605 12.1851239914937 -0.556049525763863 -0.23258512202305 -0.387402305690293 0 -0.213647198962815 1.51153566519801 -1.46783191220268 0.461214881078906 0.276314886178036 0.892010547636082 
1.57142565333233 -9.6165230449366 7.29248250422184 3.23005655930846 0.560331688663145 22.6080074404171 2.82187173304701 12.7032875608202 1.18992964191825 0 14.3290552097974 0.75073004968964 0.493731254899749 1.20186968389986 0.860422585560206 -0.794128951562628 0.79409043040317 0 0.510160379144438 1.55277195365763 0.594697144159441 17.8765355828575 -1.87978522269045 4.75644002943599 -13.1164008998854 -21.5882046992836 17.6326684363338 17.3993106021543 10.0467394912833 8.68963892079873 0 0.317181885650932 -0.23258512202305 -0.388893530442796 0 -0.672353881924578 -0.00347218213764555 -1.70862130471907 -0.00272511171769591 0.452561166930274 -0.044609132243604 
2.8523801306885 -6.48989549679211 10.7108050502887 0 3.51764245741891 17.7051188946725 7.29032523263727 -0.0771754043536146 22.3340620832211 0.112371983175339 14.3290552097974 0.849124694615195 0.493731254899749 -0.550279709692243 1.48126034934132 0.366502849043581 -1.13388523669629 1.78570482816813 1.31061227878119 1.24312016103096 0.594697144159441 4.51637977013196 -1.87978522269045 1.39058398219784 -13.1164008998854 -21.8072595648967 3.13085404973517 17.3993106021543 0 8.3259712900156 15.4001649952262 -0.395347612414205 -0.23258512202305 0.173234727332943 0 0.013592410261553 -1.81739824908664 -1.70862130471907 0.855582403072893 0.513352474203963 0.77956829406301 
1.57142565333233 -9.6165230449366 5.75512571609818 3.23005655930846 3.39300922252844 0.422914800873452 2.82187173304701 -0.0771754043536146 22.3340620832211 0.112371983175339 12.1445830739777 0.595608745978963 0.75899016615422 1.20186968389986 1.48790800912208 0.389900489700912 0.79409043040317 1.78570482816813 1.31061227878119 1.24312016103096 1.02763989435399 2.28181713217954 0.976683238487077 1.39058398219784 11.1574549105519 7.20691330647418 19.5119972246056 17.3993106021543 0 3.89367877249312 14.8171766717998 -0.874160631966852 0.383926654292236 0.173234727332943 -0.170326258680004 -0.221321241404545 1.89857760578793 -1.70862130471907 0.855582403072893 -0.0839662442654214 0.48456446357284 
2.85265509800914 -12.1666011978717 -15.2835830421111 3.53618742734482 3.39300922252844 17.7051188946725 3.87830645131334 -0.0771754043536146 22.3340620832211 -3.3400324052619 14.3290552097974 0.465848313908022 -0.0115807310731992 0.0944221428010717 1.48790800912208 0.654347718523046 0.678744244002153 1.78570482816813 1.31061227878119 -0.0688787104323873 0.594697144159441 2.74256187432565 0 1.38156475896554 0 -18.7414049910109 3.13085404973517 17.3993106021543 0 3.36377615656879 10.6914820638911 -0.874160631966852 0 -0.960433059218541 2.06864346923709 0.0703606859223734 -1.81739824908664 -1.70862130471907 0.855582403072893 0.554064407499537 0.393495418947887 
2.56893598292203 -12.1666011978717 -9.94904817601156 14.2524333333841 3.39300922252844 17.7051188946725 7.29032523263727 -0.0771754043536146 18.1124276659044 -2.80035309344547 -5.62973323617118 0.706191634119578 0.964322587072068 0.557846121330674 1.48790800912208 0.366502849043581 -1.13388523669629 1.78570482816813 1.32666692572025 0 -0.555537694387854 3.30415186155781 -1.87978522269045 0 -13.1164008998854 -19.8868149399929 17.6326684363338 17.3993106021543 16.2473004009562 -0.430134157384808 9.71817587954838 -0.874160631966852 -0.475487350297853 -0.667678957184627 0 -0.213647198962815 1.50988520317706 -1.70862130471907 0.461214881078906 0.102783863201171 1.35861408496677 
2.85265509800914 -9.6165230449366 5.75512571609818 14.2524333333841 3.39300922252844 17.7051188946725 2.82187173304701 -0.0771754043536146 20.1063769478846 0.112371983175339 14.3290552097974 0.595608745978963 0.75899016615422 0.0330732370135717 1.48790800912208 0.366502849043581 0.79409043040317 1.78570482816813 1.32666692572025 1.24312016103096 0.594697144159441 0 0 0.58477505190986 0 7.20691330647418 17.6326684363338 17.3993106021543 16.2473004009562 -19.3184636123099 14.8171766717998 1.97945172897515 0 -0.355160973647219 2.26721421987154 -0.221321241404545 1.46405320403355 -1.70862130471907 0.0782680991144238 -1.17049035844882 0.48456446357284 
2.85252232190791 -12.1666011978717 3.94357362014408 3.53618742734482 3.51764245741891 17.7051188946725 3.84524594240135 -0.0771754043536146 22.3340620832211 3.80318042221627 -5.62973323617118 0.706191634119578 0 0.0944221428010717 1.48126034934132 -0.165230952047385 0 1.78570482816813 1.31061227878119 0.268351837707848 -0.555537694387854 2.74256187432565 -1.87978522269045 5.0755332191128 -13.1164008998854 -21.8072595648967 17.6326684363338 21.2051998741483 17.5796595206622 5.55246178456697 0 -0.874160631966852 -0.23258512202305 -1.25197365129458 0 0.013592410261553 1.50988520317706 -1.70862130471907 0.960959317270182 0.376858007869151 -0.044609132243604 
2.85213375340425 -7.88964496626968 -9.94904817601156 14.2524333333841 3.39300922252844 17.7051188946725 7.29032523263727 -0.0771754043536146 18.1124276659044 -2.80035309344547 14.2602092911304 0.595608745978963 0.964322587072068 0.557846121330674 1.48790800912208 0.648290609674663 -1.13388523669629 1.78570482816813 1.32666692572025 0 0.594697144159441 3.30415186155781 -1.87978522269045 1.39058398219784 -13.1164008998854 -18.7414049910109 17.6326684363338 21.2051998741483 19.3847518097305 2.80304112206355 12.1851239914937 -0.874160631966852 -0.475487350297853 0.173234727332943 0 0.0703606859223734 1.50988520317706 -1.70862130471907 0.581065051635292 0.176467678168075 0.892010547636082 
2.85304364239642 -7.88964496626968 10.7108050502887 3.53618742734482 3.51764245741891 17.7051188946725 2.82187173304701 -0.0771754043536146 22.3340620832211 -3.3400324052619 14.2602092911304 0.595608745978963 0.493731254899749 0.0944221428010717 1.48126034934132 0.366502849043581 0.79409043040317 1.78570482816813 1.31061227878119 -0.0688787104323873 0.594697144159441 4.51637977013196 -1.87978522269045 5.0755332191128 -13.1164008998854 -19.8868149399929 20.2593803911048 0 19.3847518097305 7.65148613958223 12.1851239914937 -0.395347612414205 -0.23258512202305 -1.25197365129458 0 -0.213647198962815 1.1033777646969 -0.699646122753455 0.581065051635292 -0.0839662442654214 0.892010547636082 
2.85314768722572 -8.49179961173413 10.7108050502887 0 3.39300922252844 0.422914800873452 1.76384459427271 -0.0771754043536146 22.3340620832211 -2.40971728363527 14.3290552097974 -0.622732090653261 0.493731254899749 -0.489680075994544 1.48790800912208 0.0446554263050928 0.867401597927046 1.78570482816813 1.31061227878119 0.0269420755919731 0.594697144159441 2.74256187432565 -1.87978522269045 0 0 -18.7414049910109 0.235501334786184 17.3993106021543 0 7.65148613958223 12.1851239914937 -0.874160631966852 -0.23258512202305 -0.667678957184627 2.06864346923709 0.596201033334341 -1.29480241333824 -1.70862130471907 0.855582403072893 -0.0839662442654214 0.892010547636082 
2.85304364239642 -6.48989549679211 10.7108050502887 14.944825664882 3.39300922252844 17.7051188946725 3.87830645131334 -0.0771754043536146 22.3340620832211 -0.0698750087152584 14.3290552097974 0.849124694615195 0.493731254899749 0.557846121330674 1.48790800912208 0.654347718523046 0.678744244002153 1.78570482816813 1.31061227878119 -0.263169920194508 0.594697144159441 4.51637977013196 -1.87978522269045 5.0755332191128 0 -21.8072595648967 3.13085404973517 14.3139317407803 17.5796595206622 3.89367877249312 10.6914820638911 -0.395347612414205 -0.23258512202305 -1.25197365129458 2.06864346923709 0.013592410261553 -1.81739824908664 -1.70862130471907 0.960959317270182 -0.0839662442654214 0.393495418947887 
1.57142565333233 -9.6165230449366 7.37369444853333 3.23005655930846 3.51764245741891 22.6080074404171 -0.237130987824466 -0.0771754043536146 22.3340620832211 -0.0698750087152584 1.89087667804718 0.595608745978963 -0.127895446083459 1.20186968389986 1.48126034934132 -0.794128951562628 0.79409043040317 1.78570482816813 1.31061227878119 -0.263169920194508 0.0866061290989659 4.51637977013196 -1.87978522269045 5.43270056668329 3.3398776808008 -21.5882046992836 16.6679209721358 17.3993106021543 10.0467394912833 6.52482635107582 12.1851239914937 -0.874160631966852 -0.23258512202305 -0.230153424074013 -0.309161031879094 -0.672353881924578 1.89857760578793 -1.70862130471907 -0.00272511171769591 -0.0839662442654214 0.892010547636082 
2.56962366136775 -12.1666011978717 7.29248250422184 0 0.560331688663145 22.6080074404171 3.87830645131334 -0.0771754043536146 18.1124276659044 0 14.3290552097974 0.706191634119578 1.05502135856777 -0.550279709692243 0.860422585560206 -0.794128951562628 0.678744244002153 1.78570482816813 1.32666692572025 1.21117743209525 0.594697144159441 4.51637977013196 0 5.43270056668329 3.3398776808008 -18.7414049910109 17.6326684363338 17.3993106021543 8.60062024663231 7.65148613958223 15.4001649952262 -0.874160631966852 0 -0.230153424074013 -0.309161031879094 0.0703606859223734 -0.00347218213764555 -1.70862130471907 0.0949900055886199 -0.0839662442654214 0.77956829406301 
1.57142565333233 -9.6165230449366 10.7108050502887 3.23005655930846 3.51764245741891 -3.26418827938111 7.29032523263727 -0.0771754043536146 22.3340620832211 3.81605740548859 14.3290552097974 0.595608745978963 0.493731254899749 1.20186968389986 1.48126034934132 0.565669955129582 -1.13388523669629 1.78570482816813 1.31061227878119 0.109624558025797 0.962441256419961 2.74256187432565 0 5.0755332191128 -13.1164008998854 -18.7414049910109 0.235501334786184 19.4777762421769 0 6.44619007312981 12.1851239914937 -0.874160631966852 0 -1.25197365129458 0 0.0703606859223734 -1.29480241333824 -1.46783191220268 0.855582403072893 -0.596446054422504 0.892010547636082 
2.85349825055944 -9.6165230449366 7.29248250422184 14.2524333333841 3.51764245741891 0 7.29032523263727 -0.0771754043536146 22.8807388662271 -0.0698750087152584 1.77938435379387 0.75073004968964 0.493731254899749 0.557846121330674 1.48126034934132 0.495501579947538 -1.13388523669629 1.78570482816813 1.31061227878119 -0.263169920194508 -0.58537630092603 2.74256187432565 -1.87978522269045 1.38156475896554 0 -15.6663152360899 19.5119972246056 21.2051998741483 0 -19.3184636123099 12.1851239914937 -0.874160631966852 -0.23258512202305 -0.960433059218541 2.06864346923709 -0.218893633949986 1.89857760578793 -1.70862130471907 0.855582403072893 -1.17049035844882 0.892010547636082 
2.85314768722572 -12.1666011978717 10.7108050502887 0 3.39300922252844 17.7051188946725 2.82187173304701 -0.0771754043536146 22.3340620832211 1.83768806752641 1.77938435379387 0.465848313908022 0.493731254899749 -0.550279709692243 1.48790800912208 0.366502849043581 0.79409043040317 1.78570482816813 1.31061227878119 0.695830386884432 -0.58537630092603 4.51637977013196 0 0.58477505190986 0 -19.8868149399929 20.1627476529743 0 1.67189872354357 7.65148613958223 12.1851239914937 -0.874160631966852 0 -0.355160973647219 2.06864346923709 -0.213647198962815 1.72830990844793 -0.699646122753455 0.855582403072893 -0.0839662442654214 0.892010547636082 
1.57142565333233 -9.6165230449366 2.8344479789885 3.53618742734482 1.15475121694838 17.7051188946725 7.29032523263727 -0.0771754043536146 22.3340620832211 3.81605740548859 1.77938435379387 0.595608745978963 1.6489678213368 0.0944221428010717 0.828666320130539 0.366502849043581 -1.13388523669629 1.78570482816813 1.31061227878119 0.109624558025797 -0.58537630092603 17.8765355828575 -1.87978522269045 5.0755332191128 -13.1164008998854 -18.7414049910109 3.13085404973517 17.3993106021543 16.2473004009562 6.44619007312981 17.4242149374561 0.317181885650932 -0.23258512202305 -1.25197365129458 0 0.0703606859223734 -1.81739824908664 -1.70862130471907 0.461214881078906 -0.596446054422504 0 
1.57142565333233 -9.6165230449366 2.8344479789885 2.17267678548707 3.51764245741891 18.3043850970475 7.29032523263727 -0.0771754043536146 22.3340620832211 -0.0698750087152584 1.77938435379387 0.595608745978963 1.6489678213368 0.0944221428010717 1.48126034934132 0.366502849043581 -1.13388523669629 1.78570482816813 1.31061227878119 -0.263169920194508 -0.58537630092603 2.28181713217954 0 6.3126108834113 11.1574549105519 -23.5621707292097 19.5119972246056 17.3993106021543 10.4699979327479 -19.3184636123099 17.4242149374561 -0.874160631966852 0.1322658138919 -0.676888563985419 -0.170326258680004 -0.886556222809737 1.89857760578793 -1.70862130471907 -0.00272511171769591 -1.17049035844882 0 
2.8523801306885 -12.1666011978717 10.7108050502887 -2.17944260206047 3.51764245741891 1.95724877722433 3.84524594240135 -0.0771754043536146 22.3340620832211 1.83768806752641 -5.62973323617118 0.706191634119578 0.493731254899749 -0.0703306671512922 1.48126034934132 -0.212614389822173 0 1.78570482816813 1.31061227878119 0.695830386884432 -0.555537694387854 4.51637977013196 -1.87978522269045 1.38156475896554 -13.1164008998854 -17.3283675970409 17.6326684363338 0 19.3847518097305 7.65148613958223 12.1851239914937 -0.874160631966852 -0.23258512202305 -0.960433059218541 0 -0.218893633949986 1.50988520317706 -0.699646122753455 0.581065051635292 -0.0839662442654214 0.892010547636082 
2.56988634506748 -8.5880554152597 -12.6065675134801 -3.24420138948792 3.39300922252844 18.3043850970475 3.87830645131334 -0.0771754043536146 9.48171761707948 -3.1488930660062 0.00548789510758961 0.69390264552734 -0.129110263720672 -0.607407605670116 1.48790800912208 0.366502849043581 0.678744244002153 1.78570482816813 1.27771223947765 0.211430093236933 0.252594015711264 2.74256187432565 -1.87978522269045 1.3336129184736 0 -18.7414049910109 0.235501334786184 0 17.5796595206622 8.18259643529663 17.4242149374561 -0.874160631966852 -0.23258512202305 0.0753270364344711 2.06864346923709 0.0703606859223734 -1.58524416192679 -0.699646122753455 0.960959317270182 -0.142793770783019 0 
2.85304364239642 -9.6165230449366 10.7108050502887 3.53618742734482 3.51764245741891 17.7051188946725 3.82697485749469 -0.0771754043536146 22.3340620832211 0 -2.78108200627895 0.595608745978963 0.493731254899749 0.0944221428010717 1.48126034934132 0.366502849043581 0.867401597927046 1.78570482816813 1.31061227878119 0 -0.555537694387854 4.51637977013196 -1.87978522269045 5.0755332191128 9.08221915638178 -16.4030669781394 3.13085404973517 19.4777762421769 16.2473004009562 7.65148613958223 9.71817587954838 -0.874160631966852 -0.23258512202305 -1.07924685198313 -0.0593000749029685 -0.0874332195042786 -1.81739824908664 -1.46783191220268 0.461214881078906 -0.0839662442654214 1.35861408496677 
2.85314768722572 -9.6165230449366 10.7108050502887 3.53618742734482 3.39300922252844 17.7051188946725 2.82187173304701 -0.0771754043536146 22.3340620832211 -3.3400324052619 14.3290552097974 0.0702399513545634 0.493731254899749 0.0944221428010717 1.48790800912208 0.366502849043581 0.79409043040317 1.78570482816813 1.31061227878119 -0.0688787104323873 0.594697144159441 2.74256187432565 -1.87978522269045 1.38156475896554 -1.74817996683911 -18.7414049910109 3.13085404973517 17.3993106021543 10.0467394912833 3.36377615656879 12.1851239914937 -0.874160631966852 -0.23258512202305 -0.960433059218541 -0.0808739939894872 0.0703606859223734 -1.81739824908664 -1.70862130471907 -0.00272511171769591 0.554064407499537 0.892010547636082 
2.85304364239642 -9.6165230449366 9.87974431772239 14.2524333333841 3.39300922252844 17.7051188946725 -4.17879500686135 -0.0771754043536146 22.3340620832211 0.642773102243791 -5.62973323617118 0.778663264717284 0.493731254899749 0.557846121330674 1.48790800912208 0.648290609674663 -0.164135479682188 1.78570482816813 1.31061227878119 0.621063917289052 -0.555537694387854 4.51637977013196 -1.87978522269045 1.39058398219784 -13.1164008998854 -19.8868149399929 20.1627476529743 17.3993106021543 16.2473004009562 6.39618085161605 12.1851239914937 -0.874160631966852 -0.23258512202305 0.173234727332943 0 -0.213647198962815 1.72830990844793 -1.70862130471907 0.461214881078906 0.276314886178036 0.892010547636082 
2.85339431785043 -9.6165230449366 -15.2835830421111 0 3.39300922252844 0.422914800873452 3.82697485749469 -0.0771754043536146 22.3340620832211 -3.3400324052619 14.3290552097974 0.595608745978963 -0.0115807310731992 -0.550279709692243 1.48790800912208 1.26292353507733 0.867401597927046 1.78570482816813 1.31061227878119 -0.0688787104323873 0.594697144159441 4.51637977013196 -1.87978522269045 -0.1098511438397 0 -18.7414049910109 0.235501334786184 17.3993106021543 8.60062024663231 7.65148613958223 14.8171766717998 -0.874160631966852 -0.23258512202305 -0.254479559261575 1.52201228954923 0.0703606859223734 -1.58524416192679 -1.70862130471907 0.0949900055886199 -0.0839662442654214 0.48456446357284 
2.85296702945728 -9.6165230449366 2.748681126837 14.2524333333841 3.39300922252844 17.7051188946725 3.82697485749469 -0.0771754043536146 22.3340620832211 0.112371983175339 14.3290552097974 0.595608745978963 0 0.557846121330674 1.48790800912208 0.366502849043581 0.867401597927046 1.78570482816813 1.31061227878119 1.24312016103096 0.594697144159441 4.51637977013196 1.48886464593879 5.0755332191128 9.08221915638178 7.20691330647418 0.235501334786184 17.3993106021543 0 7.65148613958223 12.1851239914937 -0.874160631966852 0.383926654292236 -1.07924685198313 -0.0593000749029685 -0.221321241404545 -1.58524416192679 -1.70862130471907 0.855582403072893 -0.0839662442654214 0.892010547636082 
2.85304364239642 -12.1666011978717 7.29248250422184 2.17267678548707 3.39300922252844 0 7.29032523263727 -0.0771754043536146 22.3340620832211 0 1.77938435379387 0.465848313908022 0.493731254899749 0.0944221428010717 1.48790800912208 0.495501579947538 -1.13388523669629 1.78570482816813 1.31061227878119 1.21117743209525 -0.58537630092603 2.28181713217954 0.976683238487077 -2.04416472785834 11.1574549105519 -16.4030669781394 19.5119972246056 11.736142372124 0 -19.3184636123099 10.6914820638911 -0.874160631966852 0.383926654292236 -0.716334602244354 -0.170326258680004 -0.0874332195042786 1.89857760578793 -2.01234856421703 0.855582403072893 -1.17049035844882 0.393495418947887 
2.85265509800914 -12.4060433347738 10.7108050502887 14.2524333333841 3.39300922252844 18.5528534135096 -4.17879500686135 -0.0771754043536146 18.1124276659044 0.642773102243791 -5.62973323617118 0.595608745978963 0.940650173365441 0.557846121330674 1.48790800912208 -0.191552240341693 -0.164135479682188 1.78570482816813 1.32666692572025 0.621063917289052 -0.555537694387854 -1.16977351031721 -1.87978522269045 5.0755332191128 9.08221915638178 -18.7414049910109 20.1627476529743 0 10.0467394912833 3.89367877249312 12.1851239914937 1.54672771768026 -0.475487350297853 -1.25197365129458 -0.0593000749029685 0.168417195248612 1.72830990844793 -0.699646122753455 -0.00272511171769591 -0.15493773585881 0.892010547636082 
2.85248450694752 -9.6165230449366 9.87974431772239 3.23005655930846 0.560331688663145 0.422914800873452 1.25116983368116 -0.0771754043536146 18.1124276659044 1.83768806752641 -5.62973323617118 0.778663264717284 0.493731254899749 1.20186968389986 1.0263784263173 0.389900489700912 1.19178966805422 1.78570482816813 1.32666692572025 0.695830386884432 -0.555537694387854 2.28181713217954 0 1.39058398219784 -13.1164008998854 -18.7414049910109 20.1627476529743 11.736142372124 0 5.93990393646057 12.1851239914937 -0.874160631966852 0 0.173234727332943 0 0.0703606859223734 1.72830990844793 -2.01234856421703 0.855582403072893 0.176467678168075 0.892010547636082 
0 -9.6165230449366 7.29248250422184 14.2524333333841 0.560331688663145 17.7051188946725 -0.237130987824466 -0.0771754043536146 16.6595197110714 0 14.3290552097974 0.75073004968964 0.493731254899749 0.557846121330674 0.860422585560206 0.366502849043581 0.79409043040317 1.78570482816813 0.855913208972622 1.55277195365763 0.962441256419961 3.30415186155781 -1.87978522269045 5.43270056668329 3.3398776808008 -21.5882046992836 17.6326684363338 0 19.3847518097305 7.65148613958223 12.1851239914937 -0.874160631966852 -0.475487350297853 -0.230153424074013 -0.309161031879094 -0.672353881924578 -0.00347218213764555 -0.699646122753455 0.581065051635292 -0.0839662442654214 0.892010547636082 
2.85216340300209 -9.6165230449366 10.7108050502887 14.2524333333841 3.39300922252844 17.7051188946725 7.29032523263727 -0.0771754043536146 18.1124276659044 -2.80035309344547 12.1445830739777 0.595608745978963 0.493731254899749 0.557846121330674 1.48790800912208 0.366502849043581 -1.13388523669629 1.78570482816813 1.32666692572025 0 1.02763989435399 3.00281728899703 -2.0694721698386 0 -13.1164008998854 -18.7414049910109 17.6326684363338 17.3993106021543 16.2473004009562 6.39618085161605 12.1851239914937 -0.556049525763863 -0.434866177348823 -0.667678957184627 0 0.0703606859223734 1.50988520317706 -1.70862130471907 0.461214881078906 0.276314886178036 0.892010547636082 
2.85196189212818 -12.1666011978717 10.7108050502887 14.2524333333841 3.39300922252844 17.7051188946725 3.82697485749469 -0.0771754043536146 22.3340620832211 1.83768806752641 14.3290552097974 0.706191634119578 0.493731254899749 0.557846121330674 1.48790800912208 0.654347718523046 0.867401597927046 1.78570482816813 1.31061227878119 0.695830386884432 0.594697144159441 2.74256187432565 -1.87978522269045 2.68362742689607 3.3398776808008 -18.7414049910109 17.6326684363338 17.3993106021543 16.2473004009562 7.65148613958223 9.71817587954838 -0.874160631966852 -0.23258512202305 -0.894764591220191 -0.309161031879094 0.596201033334341 1.46405320403355 -1.70862130471907 0.461214881078906 -0.0839662442654214 1.35861408496677 
2.57014966626553 -7.25477113318852 -12.6065675134801 14.2524333333841 -3.55011231405666 17.7051188946725 -0.237130987824466 -0.0771754043536146 18.1124276659044 0 14.3290552097974 0.34073995715973 0 0.557846121330674 0.843232846708611 0.366502849043581 0.79409043040317 1.78570482816813 1.32666692572025 1.55277195365763 0.962441256419961 1.0774882979819 1.48886464593879 5.43270056668329 9.08221915638178 14.9860957893478 14.3112060420733 21.2051998741483 16.2473004009562 -0.430134157384808 12.1851239914937 1.8741623808882 0.383926654292236 -0.230153424074013 -0.0593000749029685 0 1.51153566519801 -1.70862130471907 0.461214881078906 0.1631679539956 0.892010547636082 
2.85240913886679 -12.1666011978717 -12.6065675134801 0 3.39300922252844 0.422914800873452 3.87830645131334 -0.0771754043536146 22.3340620832211 -1.07376052365813 1.77938435379387 0.706191634119578 0 -0.550279709692243 1.48790800912208 1.26292353507733 0.678744244002153 1.78570482816813 1.31061227878119 -0.669753721724149 -0.58537630092603 4.51637977013196 0 1.3336129184736 0 -19.8868149399929 0.235501334786184 17.3993106021543 16.2473004009562 7.65148613958223 15.4001649952262 -0.874160631966852 0 0.0753270364344711 2.06864346923709 -0.213647198962815 -1.58524416192679 -1.70862130471907 0.461214881078906 -0.0839662442654214 0.77956829406301 
2.85304364239642 -8.62833085184839 -15.2835830421111 -2.17944260206047 3.51764245741891 0.422914800873452 3.84524594240135 -0.0771754043536146 22.3340620832211 -0.0698750087152584 1.89087667804718 -0.119127552285384 -0.0115807310731992 -0.0703306671512922 1.48126034934132 0.389900489700912 0 1.78570482816813 1.31061227878119 -0.263169920194508 0.0866061290989659 2.74256187432565 -1.87978522269045 1.38156475896554 -1.74817996683911 -18.7414049910109 17.6326684363338 19.4777762421769 10.0467394912833 3.36377615656879 0 -0.874160631966852 -0.23258512202305 -0.960433059218541 -0.0808739939894872 0.0703606859223734 1.50988520317706 -1.46783191220268 -0.00272511171769591 0.554064407499537 -0.044609132243604 
2.85213375340425 -12.4060433347738 10.7108050502887 3.53618742734482 3.51764245741891 17.7051188946725 7.29032523263727 -0.0771754043536146 18.1124276659044 3.81605740548859 1.89087667804718 0.595608745978963 -0.0205542260178148 0.0944221428010717 1.48126034934132 0.366502849043581 -1.13388523669629 1.78570482816813 1.32666692572025 0.109624558025797 0.0866061290989659 -1.16977351031721 -4.47643634736372 5.0755332191128 9.08221915638178 -18.7414049910109 16.6679209721358 19.4777762421769 16.2473004009562 6.44619007312981 12.1851239914937 1.54672771768026 0.225755644620282 -1.07924685198313 -0.0593000749029685 0.0703606859223734 1.89857760578793 -1.46783191220268 0.461214881078906 -0.596446054422504 0.892010547636082 
2.85269303993233 -9.6165230449366 3.94357362014408 14.2524333333841 3.39300922252844 1.95724877722433 2.82187173304701 -0.0771754043536146 22.3340620832211 -0.0698750087152584 14.3290552097974 0.0702399513545634 0 0.557846121330674 1.48790800912208 -0.212614389822173 0.79409043040317 1.78570482816813 1.31061227878119 -0.263169920194508 0.594697144159441 4.51637977013196 -1.87978522269045 5.0755332191128 -13.1164008998854 -17.3283675970409 3.13085404973517 17.3993106021543 17.5796595206622 5.55246178456697 0 -0.388497327495598 -0.23258512202305 -1.25197365129458 0 -0.218893633949986 -1.81739824908664 -1.70862130471907 0.960959317270182 0.376858007869151 -0.044609132243604 
2.56988634506748 -9.6165230449366 7.29248250422184 -1.04420767342402 3.39300922252844 17.7051188946725 2.82187173304701 -0.0771754043536146 9.48171761707948 -2.80035309344547 14.3290552097974 0.595608745978963 0.493731254899749 -0.550279709692243 1.48790800912208 0.366502849043581 0.79409043040317 1.78570482816813 1.27771223947765 0 0.962441256419961 4.98609058735244 0 6.3126108834113 0 -18.7414049910109 20.4858299084407 21.2051998741483 19.3847518097305 -19.3184636123099 10.6914820638911 -1.14434545644761 0.1322658138919 -0.676888563985419 2.06864346923709 0.0703606859223734 2.16036358673142 -1.70862130471907 0.581065051635292 -1.17049035844882 0.393495418947887 
2.85304364239642 -7.88964496626968 -12.6065675134801 -3.24420138948792 3.39300922252844 17.7051188946725 3.87830645131334 -0.0771754043536146 22.3340620832211 -1.88019176380718 1.77938435379387 0.595608745978963 -0.129110263720672 -0.607407605670116 1.48790800912208 0.366502849043581 0.678744244002153 1.78570482816813 1.31061227878119 -0.0631188014443585 -0.58537630092603 3.30415186155781 0 1.3336129184736 -13.1164008998854 -18.7414049910109 17.6326684363338 17.3993106021543 16.2473004009562 -0.430134157384808 0 -0.874160631966852 -0.610613191156002 0.0753270364344711 0 0.0703606859223734 1.50988520317706 -1.68741140699825 0.461214881078906 0.650782336802586 0.420571477464666 
2.85252232190791 -9.6165230449366 -12.6065675134801 0.634459227479276 3.39300922252844 17.7051188946725 2.82187173304701 -0.0771754043536146 18.1124276659044 -2.80035309344547 14.3290552097974 0.595608745978963 0 -0.462095648484349 1.48790800912208 0.366502849043581 0.79409043040317 1.78570482816813 1.32666692572025 0 0.962441256419961 1.0774882979819 -0.924675390694605 7.93350558280177 -12.0957458302359 -19.8868149399929 20.1627476529743 19.4777762421769 19.3847518097305 7.65148613958223 10.6914820638911 1.8741623808882 -0.122661313546198 -0.387402305690293 -0.548035830626281 -0.213647198962815 1.72830990844793 -1.46783191220268 0.581065051635292 -0.0839662442654214 0.393495418947887 
2.85282505739307 -9.6165230449366 10.7108050502887 3.53618742734482 3.51764245741891 17.7051188946725 7.29032523263727 -0.0771754043536146 22.3340620832211 3.81605740548859 14.3290552097974 0.595608745978963 -0.0205542260178148 0.0944221428010717 1.48126034934132 0.366502849043581 -1.13388523669629 1.78570482816813 1.31061227878119 0.109624558025797 0.962441256419961 2.74256187432565 -2.50014811721637 -0.608841781601702 0 -18.7414049910109 1.24519768417589 21.2051998741483 19.3847518097305 5.93990393646057 12.1851239914937 -1.04390310914437 -0.23258512202305 -0.716334602244354 2.06864346923709 0.0703606859223734 -2.41878447859026 -1.70862130471907 0.581065051635292 0.176467678168075 0.892010547636082 
1.57142565333233 -9.6165230449366 2.8344479789885 2.17267678548707 1.15475121694838 18.3043850970475 2.82187173304701 1.39297716663823 22.3340620832211 -0.0698750087152584 1.77938435379387 0.595608745978963 1.6489678213368 0.0944221428010717 0.828666320130539 0.366502849043581 0.79409043040317 1.50328751130183 1.31061227878119 -0.263169920194508 -0.58537630092603 2.28181713217954 0 1.39058398219784 -12.6659467175677 -23.5621707292097 3.13085404973517 17.4396554603426 10.4699979327479 -19.3184636123099 12.1851239914937 -0.874160631966852 0.1322658138919 0.173234727332943 0 -0.886556222809737 -1.81739824908664 -1.83940082177492 -0.00272511171769591 -1.17049035844882 0.892010547636082 
2.60520084218891 -12.1666011978717 10.7108050502887 0 3.51764245741891 0.422914800873452 1.76384459427271 -0.0771754043536146 22.3340620832211 0.112371983175339 14.3290552097974 0.706191634119578 0.493731254899749 -0.489680075994544 1.48126034934132 1.26292353507733 0.867401597927046 1.78570482816813 1.31061227878119 1.24312016103096 0.594697144159441 2.74256187432565 -2.63655989679348 2.68362742689607 -13.1164008998854 -18.7414049910109 3.13085404973517 19.4777762421769 0 7.65148613958223 12.1851239914937 -0.874160631966852 -1.22670822586711 -0.894764591220191 0 0.596201033334341 -1.81739824908664 -1.46783191220268 0.855582403072893 -0.0839662442654214 0.892010547636082 
2.85213375340425 -12.1666011978717 7.29248250422184 0 3.39300922252844 17.7051188946725 3.87830645131334 -0.0771754043536146 18.1124276659044 -5.68955626771299 14.3290552097974 0.706191634119578 0.493731254899749 -0.550279709692243 1.48790800912208 0.366502849043581 0.867401597927046 1.78570482816813 1.32666692572025 0 0.594697144159441 4.98609058735244 -1.87978522269045 10.9072252784889 -1.74817996683911 -18.7414049910109 0.235501334786184 21.2051998741483 10.0467394912833 3.36377615656879 0 -1.14434545644761 -0.23258512202305 -0.702594700633825 -0.0808739939894872 0.0703606859223734 -1.48536870647472 -1.70862130471907 -0.00272511171769591 0.554064407499537 -0.044609132243604 
2.8523801306885 -12.1666011978717 -14.666138500006 14.2524333333841 3.51764245741891 17.7051188946725 3.82697485749469 -0.0771754043536146 18.1124276659044 -3.3400324052619 14.3290552097974 0.465848313908022 0.602525338084681 0.557846121330674 1.48126034934132 0.366502849043581 0.867401597927046 1.78570482816813 1.32666692572025 -0.0688787104323873 0.962441256419961 2.74256187432565 1.48886464593879 7.93350558280177 9.08221915638178 -16.4030669781394 1.24519768417589 21.2051998741483 16.2473004009562 6.52482635107582 12.1851239914937 -1.04390310914437 0.383926654292236 -0.387402305690293 -0.0593000749029685 -0.0874332195042786 -2.41878447859026 -1.70862130471907 0.461214881078906 -0.0839662442654214 0.892010547636082 
2.85314768722572 -9.6165230449366 7.37369444853333 -2.17944260206047 3.51764245741891 15.4665359556053 7.29032523263727 -0.0771754043536146 22.3340620832211 0.112371983175339 1.89087667804718 0.595608745978963 -0.127895446083459 -0.0703306671512922 1.48126034934132 -0.673247126086264 -1.13388523669629 1.78570482816813 1.31061227878119 1.24312016103096 0.0866061290989659 4.51637977013196 -2.63655989679348 5.0755332191128 9.08221915638178 -18.7414049910109 16.6679209721358 17.3993106021543 19.3847518097305 7.65148613958223 12.1851239914937 -0.874160631966852 -1.22670822586711 -1.25197365129458 -0.0593000749029685 0.0703606859223734 1.89857760578793 -1.70862130471907 0.581065051635292 -0.0839662442654214 0.892010547636082 
2.85364117285371 -9.6165230449366 7.29248250422184 3.53618742734482 3.51764245741891 0.422914800873452 7.29032523263727 -0.0771754043536146 22.3340620832211 0 14.3290552097974 0.75073004968964 1.05502135856777 0.0944221428010717 1.48126034934132 1.26292353507733 -1.13388523669629 1.78570482816813 1.31061227878119 1.21117743209525 0.594697144159441 4.51637977013196 -1.93899116476019 6.33767176665723 3.3398776808008 -21.5882046992836 17.6326684363338 17.3993106021543 8.60062024663231 7.65148613958223 12.1851239914937 -0.874160631966852 -0.361844548681678 -1.25197365129458 -0.309161031879094 -0.672353881924578 1.46405320403355 -1.70862130471907 0.0949900055886199 -0.0839662442654214 0.892010547636082 
