100
10
2.85401682280935 -9.6165230449366 2.13387962721003 -10.3638491455297 0 12.7497409259201 2.82187173304701 19.0058825253536 2.06952411451821 0 15.2766814170762 0.595608745978963 0 0 0.860422585560206 0 0.79409043040317 0 0.0348374208783905 1.55277195365763 0.591217487878733 -17.9936584914074 13.8948257145913 5.43270056668329 0 15.718997639799 3.13085404973517 13.0460968488111 0 18.4724600017641 -4.22133633644382 -1.77381643269854 0 -0.230153424074013 2.26721421987154 0.368912837034516 -1.81739824908664 -1.54860505999467 0.855582403072893 1.74054222448754 -0.044609132243604 
2.85401682280935 -9.6165230449366 7.30142838116802 0 0 0 2.82187173304701 12.7032875608202 1.18992964191825 -0.307268424195828 14.3290552097974 0.595608745978963 0.0356107136772995 -0.350463444455743 0.860422585560206 0.495501579947538 0.79409043040317 0 0.510160379144438 -0.560845573437794 0.594697144159441 17.8765355828575 19.5161355920677 4.75644002943599 -13.1164008998854 10.4952098105546 3.13085404973517 17.3993106021543 19.3847518097305 7.65148613958223 0 0.317181885650932 0.72311685530614 -0.388893530442796 0 0 -1.81739824908664 -1.70862130471907 0.581065051635292 0 -0.044609132243604 
2.85401682280935 -9.6165230449366 2.13387962721003 6.71250458781724 0 0 2.82187173304701 16.16365037142 2.06952411451821 0 15.2766814170762 0.595608745978963 0 0 0.860422585560206 0.495501579947538 0.79409043040317 0 0.0348374208783905 0 0.591217487878733 4.51637977013196 13.8948257145913 -1.05203276353517 0 10.4952098105546 18.96162224494 10.2228014886718 19.3847518097305 1.58678779503647 -4.22133633644382 -0.874160631966852 0 -0.653569538357467 2.26721421987154 0 2.29791148500885 -1.54860505999467 0.581065051635292 -0.462485380686114 -0.044609132243604 
2.8539132536181 -8.20008195107807 5.75512571609818 0 1.52916748615874 3.11781161430656 2.82187173304701 12.7032875608202 19.9770825323309 -2.06931370341653 14.3290552097974 1.09673194805939 0.75899016615422 -0.350463444455743 1.23595773071794 0.495501579947538 0.79409043040317 0 1.21922591098548 -1.22770558837694 0.594697144159441 17.8765355828575 19.5161355920677 -5.22881116407402 -14.4431679363331 10.4952098105546 18.96162224494 17.3993106021543 19.3847518097305 10.4032606837355 0 0.317181885650932 0.72311685530614 -0.667678957184627 -0.259408905370817 0 2.57854126267533 -1.70862130471907 0.581065051635292 0.0296732862245633 -0.044609132243604 
2.85401682280935 -9.6165230449366 4.05088333578356 6.71250458781724 0 0 2.82187173304701 12.7032875608202 2.06952411451821 -0.307268424195828 15.2766814170762 0.595608745978963 0 0 0.860422585560206 0.495501579947538 0.79409043040317 0 0.0348374208783905 -0.560845573437794 0.591217487878733 4.51637977013196 19.5161355920677 4.75644002943599 0 10.4952098105546 18.96162224494 17.3993106021543 19.3847518097305 1.58678779503647 -4.22133633644382 -0.874160631966852 0.722964002305159 -0.388893530442796 2.26721421987154 0 2.29791148500885 -1.70862130471907 0.581065051635292 -0.462485380686114 -0.044609132243604 
1.57142565333233 -15.1649440523074 3.19567573822368 3.23005655930846 7.13850449469802 3.11781161430656 3.82697485749469 -0.0771754043536146 20.1294739365249 2.84413004202961 14.3290552097974 -0.667015781936709 0.75899016615422 1.20186968389986 -0.961709470051205 0.495501579947538 0.867401597927046 1.78570482816813 1.62175365633413 0.88817023583137 0.42169452054505 0 -17.7299109090725 0 2.84366198270286 -21.5882046992836 14.7024857542023 17.3993106021543 22.8302108157334 -18.8818193501243 17.0681211807617 1.97945172897515 0 -0.667678957184627 2.91075885829085 -0.672353881924578 1.21376743829053 -1.70862130471907 0.444627775398375 -1.56857905900505 -0.0872464665943973 
2.85237158514301 -9.6165230449366 -12.6065675134801 8.0834817620383 0 0 3.84524594240135 12.2685085072501 1.18992964191825 -1.85042631989365 15.2766814170762 0.595608745978963 0 0.516109605541504 1.39766068347621 0.495501579947538 0 -0.535785318303753 -0.263255857053798 -0.983977416029189 0.591217487878733 1.46904770725828 -17.7299109090725 0.546975062460161 -13.1164008998854 14.9860957893478 17.6326684363338 11.4688001758739 0 11.2722498214674 9.71817587954838 -0.637190314120236 0 -0.794477282801865 0 0 1.46405320403355 -1.63734073681633 0.249457139638 0.646252177281423 0.288980994852717 
2.85335555821233 -8.20008195107807 5.75512571609818 14.2524333333841 0.560331688663145 21.2687917057279 3.82697485749469 -1.26443329754492 19.9770825323309 3.59964146397525 14.3290552097974 1.09673194805939 0.806164592437523 0 0.860422585560206 -0.155102175090044 0.867401597927046 0.103233621894956 1.21922591098548 0.88817023583137 0.594697144159441 4.45314907918365 0 -5.22881116407402 -17.7115514211876 -21.5882046992836 18.96162224494 17.3993106021543 16.1866752375554 21.3171087949384 9.71817587954838 -0.474160196829662 0.0297454405900768 -0.667678957184627 -1.52048759140097 -0.672353881924578 2.29791148500885 -1.70862130471907 0.581065051635292 1.74054222448754 0.892010547636082 
1.57142565333233 -9.78371908857195 7.30142838116802 8.0834817620383 0 0 3.84524594240135 12.7032875608202 3.2345190596229 -1.30705781563048 14.3290552097974 0.595608745978963 0.0356107136772995 0.516109605541504 0.149359558964781 0.577306153405135 0 0 0.736746360602205 -0.602422650294575 0.594697144159441 0 -17.7299109090725 0.58477505190986 0 7.20691330647418 17.6326684363338 17.3993106021543 -0.931372601716487 0 17.4242149374561 1.97945172897515 0 -0.960433059218541 0 -0.221321241404545 1.46405320403355 -1.70862130471907 1.42512471041881 -0.462485380686114 0 
2.85282505739307 -9.6165230449366 3.94357362014408 3.23005655930846 3.39300922252844 24.8471354462892 16.1023454632155 -0.0771754043536146 19.9770825323309 -0.0698750087152584 -0.247605343464578 0.595608745978963 0 1.20186968389986 1.48790800912208 0.0713628322497769 0.23761765325331 1.78570482816813 1.21922591098548 -0.263169920194508 -0.691457366464407 4.51637977013196 -1.87978522269045 -2.8712082465278 -13.1164008998854 -18.2150560659427 1.24519768417589 19.4777762421769 16.2473004009562 2.7954618366414 15.4001649952262 -0.874160631966852 -0.23258512202305 -0.667678957184627 0 0.221173366341355 -2.9477450249287 -1.46783191220268 0.461214881078906 0.256481619731747 1.36559249918703 
2.23059190640969 -9.6165230449366 1.10267954489807 14.2524333333841 0 5.39927505359485 -4.17879500686135 -0.0771754043536146 10.8199533856101 0.617433711987656 14.3290552097974 0.595608745978963 1.6489678213368 0 0.828666320130539 -0.181467634407555 0 1.78570482816813 1.27771223947765 -0.263169920194508 0.187966907856971 4.51637977013196 -0.0942891163026394 4.4710669780481 -13.1164008998854 -7.94403869141547 20.4858299084407 19.4777762421769 17.6076137760457 7.65148613958223 16.3208481596414 -0.874160631966852 -1.40332670452694 -0.676888563985419 0 -1.80536125464615 2.16036358673142 -1.46783191220268 0.461214881078906 0.627150817041821 -0.85473623539076 
2.85196189212818 -9.6165230449366 2.8344479789885 16.9659098322345 0 21.2687917057279 -4.17879500686135 -0.0771754043536146 10.8199533856101 0.617433711987656 0.00548789510758961 0.595608745978963 1.6489678213368 0.57008058175914 0.828666320130539 0.366502849043581 0 1.78570482816813 1.27771223947765 -0.263169920194508 0.252594015711264 7.68102710548836 -15.0430522985026 6.3126108834113 0 -7.94403869141547 20.4858299084407 0 16.2473004009562 7.65148613958223 17.4242149374561 -0.23366677472073 0.777818305035037 -0.676888563985419 0 -1.80536125464615 2.16036358673142 -0.699646122753455 0.461214881078906 0.627150817041821 0 
2.56845974874342 -7.63946444598933 2.13387962721003 6.71250458781724 7.34606078842006 -2.66537421432574 3.84524594240135 15.8927855005454 7.17129616400753 0 14.3290552097974 1.01640145159159 0 0 0.76188256395137 0.988213518759335 0 0.032354881378056 1.27771223947765 0 0.594697144159441 4.51637977013196 0 5.43270056668329 -17.4379540257333 10.4952098105546 18.96162224494 17.4294767988517 -0.582608647287175 1.58678779503647 0 -0.874160631966852 0 -0.230153424074013 -1.82784736913994 -0.705678823639489 2.29791148500885 -2.41563207911124 0.715302039694647 -0.462485380686114 -0.044609132243604 
1.57142565333233 -9.6165230449366 3.94357362014408 13.3231417229041 3.39300922252844 17.7051188946725 18.1472615687164 -0.0771754043536146 18.1124276659044 0 15.2766814170762 0.595608745978963 0 1.02903020840559 1.48790800912208 0.366502849043581 -0.677250351620489 1.78570482816813 1.32666692572025 -0.14839243321139 0.591217487878733 4.51637977013196 -1.87978522269045 0.58477505190986 -13.1164008998854 -18.7414049910109 -0.484130135217742 19.4777762421769 16.2473004009562 -0.430134157384808 12.1851239914937 -0.874160631966852 -0.23258512202305 -1.07924685198313 0 0.0703606859223734 -2.23175890107255 -1.46783191220268 0.461214881078906 0.102783863201171 0.892010547636082 
2.85205920266279 -19.5912941736361 5.75512571609818 3.23005655930846 5.51742845897909 21.2687917057279 3.84524594240135 -0.0771754043536146 20.0620747060338 1.83768806752641 14.3290552097974 -1.04283780984713 0.75899016615422 1.20186968389986 1.40742201549347 0.366502849043581 0 1.78570482816813 1.23511853673268 0.695830386884432 0.42169452054505 -4.18107188832065 0 0 0 -21.5882046992836 18.96162224494 17.3993106021543 10.0467394912833 -18.8818193501243 9.71817587954838 -0.00300422802707377 -0.0822749015420093 -0.667678957184627 0 -1.3695590271985 2.29791148500885 -1.70862130471907 -0.00272511171769591 -1.56857905900505 0.892010547636082 
2.85206656194692 -7.96469454465653 3.94357362014408 0 3.39300922252844 17.7051188946725 2.82187173304701 -0.0771754043536146 18.1124276659044 -2.80035309344547 14.3290552097974 0.163984711600461 0 -0.350463444455743 1.48790800912208 0.366502849043581 0.79409043040317 1.78570482816813 1.32666692572025 0 0.594697144159441 20.127102311946 -1.87978522269045 0.58477505190986 -13.1164008998854 -18.7414049910109 1.24519768417589 19.4777762421769 19.3847518097305 2.80304112206355 0 0.723841022720486 -0.23258512202305 -0.960433059218541 0 0.0703606859223734 -2.41878447859026 -1.46783191220268 0.581065051635292 0.176467678168075 -0.044609132243604 
2.85154247632257 -15.1649440523074 2.65785999801376 3.23005655930846 0 8.13799266805314 3.82697485749469 -0.0771754043536146 19.9770825323309 2.84413004202961 -4.84609227548171 -0.667015781936709 1.51706056500183 1.20186968389986 0.860422585560206 0.366502849043581 0.867401597927046 1.78570482816813 1.21922591098548 0.88817023583137 -0.30158478555809 4.51637977013196 -17.7299109090725 -16.539486076934 0 14.2060071027866 17.6326684363338 20.7370270744371 10.0467394912833 -18.8818193501243 17.4242149374561 -0.874160631966852 0.0310912653948605 0 2.26721421987154 -0.0768487838082244 1.46405320403355 -2.28523889834771 -0.00272511171769591 -1.56857905900505 -0.509900116939051 
1.57142565333233 -19.6061065236368 3.94357362014408 3.23005655930846 0 17.7051188946725 2.82187173304701 -0.0771754043536146 18.1124276659044 0 14.3290552097974 -0.699111080644238 0 1.20186968389986 0.860422585560206 0.366502849043581 1.47927106451675 1.78570482816813 1.32666692572025 1.456729500078 0.594697144159441 4.41871986287586 -1.87978522269045 0 5.4091972417241 -21.5882046992836 -2.53048840355151 17.3993106021543 11.1529800113072 2.80304112206355 0 -1.13230030413358 -0.23258512202305 -0.667678957184627 -0.493103477458052 -1.3695590271985 -2.8149205203191 -1.70862130471907 -0.00272511171769591 0.176467678168075 -0.044609132243604 
2.70970140689894 -19.6061065236368 -12.6065675134801 3.23005655930846 9.92576415565599 21.2687917057279 3.84524594240135 -0.0771754043536146 22.3340620832211 0 14.3290552097974 -0.699111080644238 0 1.20186968389986 -1.8872255875297 0.366502849043581 0 1.78570482816813 1.31061227878119 1.456729500078 0.594697144159441 4.51637977013196 -1.87978522269045 0 -13.1164008998854 -21.5882046992836 17.6326684363338 11.736142372124 7.54197774023841 3.89367877249312 13.8489657608089 -0.874160631966852 -0.23258512202305 -0.667678957184627 0 -0.672353881924578 1.46405320403355 -2.01234856421703 -0.00272511171769591 -0.0839662442654214 1.63189182484145 
2.70892663579378 -15.1649440523074 5.75512571609818 3.23005655930846 7.13850449469802 3.11781161430656 15.0788702420326 -0.0771754043536146 22.3340620832211 -0.0698750087152584 14.3290552097974 -0.667015781936709 0.75899016615422 1.20186968389986 -0.961709470051205 0.495501579947538 -0.381484175222685 1.78570482816813 1.31061227878119 -0.263169920194508 0.42169452054505 0 -17.7299109090725 -2.8712082465278 2.84366198270286 -21.5882046992836 -3.24795078115908 17.3993106021543 10.0467394912833 -18.8818193501243 13.5468737937263 1.97945172897515 0 -0.667678957184627 2.91075885829085 -0.672353881924578 -2.46660783901187 -1.70862130471907 -0.00272511171769591 -1.56857905900505 -0.390935229217138 
2.56650670918409 -19.6061065236368 7.29248250422184 0 -0.345942022742677 3.11781161430656 3.82697485749469 -0.0771754043536146 22.3340620832211 2.10194482789465 14.3290552097974 -0.699111080644238 0.493731254899749 -0.550279709692243 0.586827653109481 0.495501579947538 0.867401597927046 1.78570482816813 1.31061227878119 0.769149583116709 0.42169452054505 0 -1.87978522269045 0 0 -21.5882046992836 17.6326684363338 17.3993106021543 0 -16.8413382533199 5.20655095102571 1.97945172897515 -0.23258512202305 -0.667678957184627 0 -0.672353881924578 1.46405320403355 -1.70862130471907 0.855582403072893 -1.56857905900505 0.421053572102009 
2.57251523508209 -15.1649440523074 3.94357362014408 0 9.92576415565599 17.7051188946725 3.82697485749469 -0.0771754043536146 22.3340620832211 2.84413004202961 14.3290552097974 -0.667015781936709 0 -0.350463444455743 -1.77441399069243 0.366502849043581 0.867401597927046 1.78570482816813 1.31061227878119 0.88817023583137 0.594697144159441 17.8765355828575 -17.7299109090725 0.58477505190986 0 -18.7414049910109 14.7024857542023 17.3993106021543 19.3847518097305 0 17.0681211807617 0.317181885650932 0 -0.960433059218541 1.52201228954923 0.0703606859223734 1.21376743829053 -1.70862130471907 0.581065051635292 -0.462485380686114 -0.0872464665943973 
1.57142565333233 -19.6061065236368 7.29248250422184 -2.64826294167352 -0.345942022742677 0 3.84524594240135 -0.223254091932091 0.0801325910399354 -0.173089663974517 14.3290552097974 -0.699111080644238 0.493731254899749 -0.153590581628303 0.586827653109481 0.495501579947538 0.551798150181676 0.886616840319064 0.45396995378843 -0.0716119144864436 0.594697144159441 4.51637977013196 13.8948257145913 -0.88051125410968 0 14.9860957893478 17.6326684363338 13.8937909098779 0 1.01287162700336 9.71817587954838 -0.874160631966852 0 0.9982137404793 0 0 1.46405320403355 -2.08362391559576 0.855582403072893 -1.13195885704456 0.288980994852717 
2.571571100989 -8.20008195107807 -12.6065675134801 14.2524333333841 3.97740714905197 1.39652476119647 3.84524594240135 14.3219155197134 8.71017002361369 0 14.3290552097974 1.09673194805939 0 0 -0.334902758898634 0.495501579947538 0 -0.582755150498243 1.27771223947765 1.01454909248955 0.594697144159441 4.51637977013196 -1.87978522269045 0.546975062460161 -13.5787592957163 -8.1194014940734 20.4858299084407 19.4777762421769 16.2473004009562 7.65148613958223 17.4242149374561 -0.874160631966852 -0.315875975320058 -0.794477282801865 0.741418831498091 -1.64466012438976 2.16036358673142 -1.46783191220268 0.417506059793525 0.627150817041821 0 
0 -15.1649440523074 5.75512571609818 8.0834817620383 0 1.09228262307229 10.3223563201364 -0.874642032699027 18.1124276659044 -3.50348348256828 -4.84609227548171 -0.667015781936709 0.75899016615422 0.516109605541504 0.860422585560206 1.14615855204228 -0.4685893375094 1.85909930583048 1.32666692572025 -0.0927300444304617 -0.555537694387854 0 -1.87978522269045 1.07730470631612 0 -21.5882046992836 2.62567526075322 15.6926689697861 7.54197774023841 18.4724600017641 12.1851239914937 1.97945172897515 -0.23258512202305 -0.951575753493968 2.26721421987154 -0.80953590087571 -1.77855653046097 -1.70862130471907 -0.00272511171769591 1.74054222448754 0.892010547636082 
2.571571100989 -15.1649440523074 5.75512571609818 14.2524333333841 3.39300922252844 2.11716746118253 3.84524594240135 -0.0771754043536146 17.2247705823624 0 -5.60504313588843 -0.667015781936709 0.75899016615422 0.557846121330674 1.48790800912208 0.455489467249946 0 1.78570482816813 1.21922591098548 1.24312016103096 -0.555537694387854 4.51637977013196 -1.87978522269045 1.07730470631612 0 -21.5882046992836 17.6326684363338 17.3993106021543 19.3847518097305 -18.8818193501243 12.0309091928559 -1.06020367603759 -0.23258512202305 -0.951575753493968 2.26721421987154 -0.80953590087571 1.46405320403355 -1.70862130471907 0.581065051635292 -1.56857905900505 1.04955821920631 
2.57036047570913 -9.6165230449366 -0.279902034569486 14.2524333333841 0.692563614245766 6.79329176537846 3.82697485749469 -0.0771754043536146 19.9770825323309 0 14.3290552097974 0.595608745978963 -0.661262507700018 0.557846121330674 0.777352879507166 0.165578066150461 0.867401597927046 1.78570482816813 1.21922591098548 1.17758372275978 0.594697144159441 4.51637977013196 -1.87978522269045 0.546975062460161 -20.9979658359885 -9.44131235542768 16.6679209721358 17.3993106021543 0 2.7954618366414 12.1851239914937 -0.874160631966852 0.945522222894021 -0.794477282801865 -2.01765527618008 -2.42243965210972 1.89857760578793 -1.70862130471907 0.0967945445733119 -0.455247693348326 0.892010547636082 
2.57036047570913 -20.8347508398279 7.29248250422184 0 0 0 3.84524594240135 -0.0771754043536146 19.9770825323309 0 14.3290552097974 -0.306781071101679 0.493731254899749 -0.550279709692243 0.860422585560206 0.495501579947538 0 1.78570482816813 1.21922591098548 1.01454909248955 0.594697144159441 1.47007719449237 -1.87978522269045 -16.5850135650416 0 14.9860957893478 17.6326684363338 19.8129305872661 0 1.01287162700336 5.20655095102571 -0.425570671123253 -0.23258512202305 -0.0707014139139566 2.26721421987154 0 1.46405320403355 -1.39532170068255 0.855582403072893 -1.13195885704456 0.421053572102009 
1.57142565333233 -9.6165230449366 7.29248250422184 1.40910596987657 0 0 3.84524594240135 12.7032875608202 2.12906983419278 -0.173089663974517 16.0691677907804 0.595608745978963 0.493731254899749 0 0.149359558964781 0.577306153405135 0.551798150181676 0 0.329050810983894 -0.0716119144864436 0.767213289145014 4.51637977013196 -17.7299109090725 -0.88051125410968 0 14.9860957893478 17.6326684363338 17.3993106021543 0 1.01287162700336 16.3177506486502 -0.874160631966852 0 0.9982137404793 2.26721421987154 0 1.46405320403355 -1.70862130471907 0.855582403072893 -1.13195885704456 -0.514896325839169 
2.57036047570913 -19.6061065236368 7.29248250422184 0 -0.345942022742677 0 3.84524594240135 -0.0771754043536146 19.9770825323309 -0.173089663974517 14.3290552097974 -0.699111080644238 0.493731254899749 -0.550279709692243 0.586827653109481 0.495501579947538 0 1.78570482816813 1.21922591098548 -0.0716119144864436 0.594697144159441 4.51637977013196 -1.87978522269045 1.39058398219784 0 14.9860957893478 17.6326684363338 17.3993106021543 0 1.01287162700336 5.20655095102571 -0.874160631966852 -0.23258512202305 0.173234727332943 0 0 1.46405320403355 -1.70862130471907 0.855582403072893 -1.41350626714225 0.421053572102009 
1.57142565333233 -9.6165230449366 -16.1009588077203 8.0834817620383 3.39300922252844 21.2687917057279 15.0788702420326 -0.0771754043536146 17.4958722605584 -0.0698750087152584 14.3290552097974 0.595608745978963 0.646693115572768 0.516109605541504 1.48790800912208 -0.155102175090044 0.23761765325331 1.78570482816813 1.41102093930869 -0.263169920194508 0.594697144159441 4.51637977013196 0.944683132830394 0.58477505190986 -13.1164008998854 -18.7414049910109 1.24519768417589 17.3993106021543 11.3694305869841 0 13.5468737937263 -0.874160631966852 1.41387488699233 -0.960433059218541 0 0.0703606859223734 -2.41878447859026 -1.70862130471907 -0.99552940151446 -0.462485380686114 -0.390935229217138 
2.57036047570913 -9.6165230449366 2.13387962721003 3.23005655930846 0.0724695343396019 0.797857418375955 3.82697485749469 -0.0771754043536146 19.9770825323309 0 15.2766814170762 0.595608745978963 0 1.20186968389986 1.48790800912208 -0.0635586921049089 0.867401597927046 1.78570482816813 1.21922591098548 1.55277195365763 0.591217487878733 0 13.8948257145913 5.43270056668329 0 8.48906633264342 16.6679209721358 17.3993106021543 -0.454312304712046 18.4724600017641 0 1.97945172897515 -0.345340259049712 -0.230153424074013 2.26721421987154 0 1.89857760578793 -1.70862130471907 0.691212511151662 1.74054222448754 -0.044609132243604 
2.57036047570913 -19.6061065236368 5.15372766144747 -2.64826294167352 -3.84526293526649 0 3.84524594240135 -0.0771754043536146 19.9770825323309 2.84413004202961 14.3290552097974 -0.699111080644238 0.458565329782928 -0.550279709692243 0.387499226949876 0.495501579947538 -0.296902272145684 1.78570482816813 1.21922591098548 0.88817023583137 0.594697144159441 0 -15.0430522985026 -0.88051125410968 1.14193178412594 7.20691330647418 17.6326684363338 17.3993106021543 10.0467394912833 1.01287162700336 9.71817587954838 1.97945172897515 0.777818305035037 0.485777144919046 -0.168785766907402 -0.221321241404545 1.02819702539043 -1.70862130471907 -0.00272511171769591 -1.13195885704456 0.288980994852717 
2.56962366136775 -19.6061065236368 5.75512571609818 3.23005655930846 0 22.6080074404171 3.82697485749469 -0.0771754043536146 23.7097539019816 0 14.3290552097974 -0.699111080644238 0.75899016615422 1.20186968389986 0.860422585560206 -0.794128951562628 0.867401597927046 1.78570482816813 1.23511853673268 1.456729500078 0.42169452054505 4.41871986287586 0 0 5.4091972417241 -21.5882046992836 18.96162224494 17.3993106021543 11.1529800113072 -18.8818193501243 9.71817587954838 -1.13230030413358 -0.0822749015420093 -0.667678957184627 -0.493103477458052 -1.3695590271985 2.29791148500885 -1.70862130471907 -0.503617135264732 -1.56857905900505 0.892010547636082 
2.57036047570913 -9.6165230449366 7.30142838116802 1.40910596987657 0 0 3.84524594240135 12.7032875608202 2.12906983419278 -1.64660221440559 14.3290552097974 0.595608745978963 0.0356107136772995 0 0.149359558964781 0.577306153405135 0 0 0.329050810983894 -0.807855009742945 0.594697144159441 4.51637977013196 -17.7299109090725 5.43270056668329 0 10.4952098105546 17.6326684363338 17.3993106021543 -0.931372601716487 -0.580816987986125 17.4242149374561 -0.874160631966852 0 -0.230153424074013 2.26721421987154 0 1.46405320403355 -1.70862130471907 0.759239420685563 -0.462485380686114 0 
2.57014966626553 -9.6165230449366 5.75512571609818 3.23005655930846 0 18.9134139843348 -1.31761275013798 -0.0771754043536146 19.9770825323309 -0.0698750087152584 -0.247605343464578 0.595608745978963 0.75899016615422 1.20186968389986 0.684997031141537 -0.106938016557572 0.737540519022169 1.78570482816813 1.21922591098548 -0.263169920194508 -0.691457366464407 4.51637977013196 0 -5.22881116407402 5.4091972417241 -22.4509716227888 0 21.2051998741483 19.3847518097305 2.7954618366414 9.71817587954838 -0.874160631966852 0 -0.667678957184627 -0.493103477458052 -0.0224020198790365 -1.81739824908664 -1.70862130471907 0.581065051635292 0.256481619731747 0.892010547636082 
2.57014966626553 -19.9408373859668 3.19567573822368 10.9122204285638 5.51742845897909 19.2916226264982 3.84524594240135 -0.0771754043536146 19.9770825323309 1.83768806752641 14.3290552097974 -0.0292266572449481 0.75899016615422 -0.0821727255928202 1.40742201549347 0.366502849043581 -0.292061846806696 1.78570482816813 1.21922591098548 0.695830386884432 0.42169452054505 -7.70568800093871 -0.749227824504128 4.4710669780481 0 13.0538789221336 13.9086131769971 17.3993106021543 10.0467394912833 -17.595429010594 9.71817587954838 0 -0.420737923225732 -0.676888563985419 0 0.736861966204299 1.63333124287116 -1.70862130471907 -0.00272511171769591 -1.56857905900505 0.892010547636082 
2.56819821463191 -9.6165230449366 -16.1009588077203 8.0834817620383 3.39300922252844 17.3482750343849 3.84524594240135 -0.0771754043536146 19.3124487819674 -0.0698750087152584 14.3290552097974 0.595608745978963 0.646693115572768 0.516109605541504 1.48790800912208 0.7297592334681 0 1.78570482816813 1.21922591098548 -0.263169920194508 0.594697144159441 4.51637977013196 0.944683132830394 -16.539486076934 -13.1164008998854 -15.3250380191603 1.24519768417589 11.736142372124 9.36900191727048 3.89367877249312 13.5468737937263 -0.874160631966852 1.41387488699233 0 0 0.0703606859223734 -2.41878447859026 -2.01234856421703 -0.312320508720502 -0.0839662442654214 -0.390935229217138 
2.57036047570913 -9.6165230449366 -12.6065675134801 3.59759195286203 3.39300922252844 17.3482750343849 3.84524594240135 -0.0771754043536146 19.3124487819674 1.67288945774682 14.3290552097974 0.747974397273722 0 -0.145946479144481 1.48790800912208 0 0 1.78570482816813 1.21922591098548 -0.126230486624982 0.594697144159441 4.51637977013196 -1.87978522269045 -19.5475331334153 -13.1164008998854 7.20691330647418 17.6326684363338 11.736142372124 16.2473004009562 7.65148613958223 12.1851239914937 -0.68684743831253 -0.23258512202305 -0.198812838391779 0 -0.221321241404545 1.46405320403355 -2.01234856421703 0.461214881078906 -0.0839662442654214 0.892010547636082 
2.57009741187275 -9.6165230449366 4.48450508899265 8.0834817620383 0 0 3.82697485749469 -0.0771754043536146 19.9770825323309 0 14.3290552097974 0.595608745978963 0 0.516109605541504 0.66859683057228 0.495501579947538 0.867401597927046 1.78570482816813 1.21922591098548 0 0.42169452054505 0 0.412596367398555 -1.05203276353517 -3.21213010103075 10.4952098105546 16.6679209721358 17.3993106021543 19.3847518097305 1.58678779503647 12.1851239914937 1.97945172897515 -0.498350015421561 -0.653569538357467 1.80799649540707 0 1.89857760578793 -1.70862130471907 0.581065051635292 -0.462485380686114 0.892010547636082 
2.57009741187275 -9.6165230449366 2.13387962721003 8.0834817620383 0 0 3.82697485749469 -0.0771754043536146 19.9770825323309 0 14.3290552097974 0.595608745978963 0 0.516109605541504 0.860422585560206 0.495501579947538 0.867401597927046 1.78570482816813 1.21922591098548 0 0.42169452054505 0 -17.7299109090725 -1.05203276353517 2.84366198270286 -21.5882046992836 16.6679209721358 17.3993106021543 19.3847518097305 1.58678779503647 15.3965452475457 1.97945172897515 0 -0.653569538357467 2.91075885829085 -0.672353881924578 1.89857760578793 -1.70862130471907 0.581065051635292 -0.462485380686114 1.30053845099199 
2.56988634506748 -9.78371908857195 5.15372766144747 8.0018293219627 -3.84526293526649 17.7051188946725 3.84524594240135 -0.0771754043536146 19.9770825323309 2.84413004202961 14.3290552097974 0.595608745978963 0.458565329782928 0.564712925318029 0.149169282824346 0.366502849043581 -0.296902272145684 1.78570482816813 1.21922591098548 0.88817023583137 0.594697144159441 0 -18.4695508570734 0.58477505190986 0 7.20691330647418 17.6326684363338 17.3993106021543 10.0467394912833 -18.8818193501243 17.4242149374561 1.97945172897515 0.777818305035037 -1.36529969509006 0 -0.221321241404545 1.02819702539043 -1.70862130471907 -0.00272511171769591 -1.56857905900505 0 
0.748595936178965 -11.9518320115059 5.74088333858684 8.0834817620383 0 2.11716746118253 3.82697485749469 -0.0771754043536146 19.9770825323309 2.84413004202961 -4.84609227548171 -0.848762750117463 0.75899016615422 0.516109605541504 0.860422585560206 0.455489467249946 0.867401597927046 1.78570482816813 1.21922591098548 0.88817023583137 -0.555537694387854 4.51637977013196 -16.668808727371 -5.22881116407402 0 12.2200231809728 17.6326684363338 17.3993106021543 22.2941399634788 -18.8818193501243 17.0681211807617 -0.874160631966852 0.368220192886991 -0.667678957184627 2.26721421987154 0 -0.00347218213764555 -1.70862130471907 0.202662050725269 -1.56857905900505 -0.0872464665943973 
2.56988634506748 -9.6165230449366 -12.6065675134801 6.71250458781724 3.39300922252844 21.2687917057279 3.84524594240135 -0.0771754043536146 19.9770825323309 1.67288945774682 14.3290552097974 0.595608745978963 0 0 1.48790800912208 0.366502849043581 0 1.78570482816813 1.21922591098548 -0.126230486624982 0.594697144159441 4.51637977013196 -4.84699400311662 -19.5475331334153 -13.1164008998854 10.4952098105546 18.96162224494 -2.05287800014619 16.2473004009562 7.65148613958223 5.20655095102571 -0.874160631966852 0.070767810712926 -0.198812838391779 0 0 2.29791148500885 -1.9524874333071 0.461214881078906 -0.0839662442654214 0.421053572102009 
2.57036047570913 -11.9518320115059 5.75512571609818 9.42374222859449 0 21.2687917057279 4.86737827666447 -0.0771754043536146 19.9770825323309 -0.923426816763089 0.00548789510758961 -0.848762750117463 0.75899016615422 0.463062130279402 0.860422585560206 0.366502849043581 0 1.78570482816813 1.21922591098548 0.88817023583137 0.252594015711264 4.52168711396944 0 1.07730470631612 9.08221915638178 10.4952098105546 18.96162224494 17.3993106021543 22.2941399634788 -16.6744351359431 5.20655095102571 -1.31971142822863 0 -0.951575753493968 -0.0593000749029685 0 2.29791148500885 -1.70862130471907 0.202662050725269 -1.3576802537952 0.421053572102009 
1.57142565333233 -9.78371908857195 -12.6065675134801 8.0834817620383 -3.84526293526649 17.3482750343849 3.84524594240135 -0.0771754043536146 19.9770825323309 2.84413004202961 14.3290552097974 0.595608745978963 0 0.516109605541504 0.149169282824346 0 -0.296902272145684 1.78570482816813 1.69177746948403 0.88817023583137 0.594697144159441 0 -15.0430522985026 0.58477505190986 -13.1164008998854 7.20691330647418 17.6326684363338 11.736142372124 16.2473004009562 7.65148613958223 12.1851239914937 1.97945172897515 0.777818305035037 -0.960433059218541 0 -0.221321241404545 1.02819702539043 -2.01234856421703 0.0497160243241657 -0.0839662442654214 0.892010547636082 
0 -19.6061065236368 5.75512571609818 8.0834817620383 0 22.6080074404171 3.84524594240135 -1.53114462789667 19.9770825323309 2.84413004202961 14.3290552097974 -0.699111080644238 0.75899016615422 0.516109605541504 0.860422585560206 -0.794128951562628 0.551798150181676 1.78570482816813 1.21922591098548 0.88817023583137 0.42169452054505 2.32480364606008 0 -2.8712082465278 5.4091972417241 -21.5882046992836 18.96162224494 20.9374601811811 16.3056339526808 -18.8818193501243 9.71817587954838 1.38077378390393 -0.0822749015420093 -0.667678957184627 -0.493103477458052 -1.3695590271985 2.29791148500885 -1.70862130471907 0.581065051635292 -1.56857905900505 0.892010547636082 
2.56988634506748 -9.6165230449366 -11.5242238201547 5.74244516498523 3.39300922252844 21.2687917057279 15.0788702420326 -0.0771754043536146 19.9770825323309 -0.0698750087152584 14.3290552097974 0.595608745978963 -0.193658908574683 0.516109605541504 1.48790800912208 -0.155102175090044 0.23761765325331 1.78570482816813 1.21922591098548 -0.263169920194508 0.594697144159441 4.51637977013196 2.65421858390524 -5.22881116407402 -13.1164008998854 -18.7414049910109 0 17.3993106021543 19.3847518097305 0 9.71817587954838 -0.874160631966852 -0.28109782528649 -0.667678957184627 0 0.0703606859223734 -1.81739824908664 -1.70862130471907 0.581065051635292 -0.462485380686114 0.892010547636082 
2.56988634506748 -22.7329675017544 5.75512571609818 8.0834817620383 -0.345942022742677 0 3.84524594240135 -0.0771754043536146 19.9770825323309 2.84413004202961 0.00548789510758961 0.0695011027387813 0.75899016615422 0.516109605541504 0.586827653109481 0.495501579947538 0.551798150181676 1.78570482816813 1.21922591098548 0.88817023583137 0.719785346272301 0.682085523257072 0 -2.8712082465278 0 14.9860957893478 18.96162224494 17.3993106021543 16.3056339526808 -18.8818193501243 9.71817587954838 1.27824266477872 0 -0.667678957184627 -0.393257024787952 0 2.29791148500885 -1.70862130471907 0.581065051635292 -1.56857905900505 0.892010547636082 
2.56988634506748 -19.6061065236368 3.19298926330776 8.0834817620383 13.7380100106765 21.2687917057279 2.33341233163765 -0.0771754043536146 19.9770825323309 2.84413004202961 0.00548789510758961 -0.699111080644238 0 0.516109605541504 -1.47065965604533 0.366502849043581 0.868445264561309 1.78570482816813 1.21922591098548 0.88817023583137 0.252594015711264 7.68102710548836 -15.0430522985026 3.33307312516639 0 -21.5882046992836 14.7584744503761 0 16.2473004009562 -18.8818193501243 17.4242149374561 -0.23366677472073 0.777818305035037 -0.960433059218541 0 -0.672353881924578 1.08618921118145 -0.699646122753455 0.461214881078906 -1.56857905900505 0 
1.57142565333233 -9.6165230449366 2.58565082428309 -10.3638491455297 0 12.7497409259201 3.82697485749469 19.0058825253536 2.06952411451821 0 15.2766814170762 0.595608745978963 -0.128657611714982 0 0.860422585560206 0 0.867401597927046 0 0.0348374208783905 1.17758372275978 0.591217487878733 4.51637977013196 -1.87978522269045 5.43270056668329 0 -9.44131235542768 16.6679209721358 17.3993106021543 0 18.4724600017641 -4.22133633644382 -0.874160631966852 0.346731502901172 -0.230153424074013 2.26721421987154 -2.42243965210972 1.89857760578793 -1.70862130471907 0.855582403072893 1.74054222448754 -0.044609132243604 
2.56914921254709 -19.9408373859668 7.30142838116802 0 0 21.2687917057279 2.82187173304701 -0.0771754043536146 19.9770825323309 1.83768806752641 14.3290552097974 -0.0292266572449481 0.0356107136772995 -0.350463444455743 0.860422585560206 0.366502849043581 0.79409043040317 1.78570482816813 1.21922591098548 0.695830386884432 0.42169452054505 -7.70568800093871 -0.749227824504128 4.4710669780481 -13.1164008998854 10.4952098105546 13.9086131769971 17.3993106021543 10.0467394912833 7.65148613958223 9.71817587954838 0 -0.420737923225732 -0.676888563985419 0 0 1.63333124287116 -1.70862130471907 -0.00272511171769591 0 0.892010547636082 
2.85227568115202 -9.6165230449366 3.94357362014408 3.23005655930846 0 17.7051188946725 2.82187173304701 -0.0771754043536146 18.1124276659044 0 14.3290552097974 0.595608745978963 0 1.20186968389986 0.860422585560206 0.366502849043581 0.79409043040317 1.78570482816813 1.32666692572025 0 0.594697144159441 4.51637977013196 -1.87978522269045 0 5.4091972417241 10.4952098105546 1.24519768417589 17.3993106021543 11.1529800113072 1.58678779503647 0 -0.874160631966852 -0.23258512202305 -0.667678957184627 -0.493103477458052 0 -2.41878447859026 -1.70862130471907 -0.00272511171769591 -0.462485380686114 -0.044609132243604 
2.85380961187157 -8.20008195107807 -12.6065675134801 3.59759195286203 1.52916748615874 17.3482750343849 3.84524594240135 12.7032875608202 19.9770825323309 1.67288945774682 14.3290552097974 1.09673194805939 0 -0.145946479144481 1.23595773071794 0 0 0 1.21922591098548 -0.126230486624982 0.594697144159441 4.51637977013196 -1.87978522269045 -5.22881116407402 -14.4431679363331 7.20691330647418 18.96162224494 17.3993106021543 19.3847518097305 7.65148613958223 12.1851239914937 -0.874160631966852 -0.23258512202305 -0.667678957184627 -0.259408905370817 -0.221321241404545 2.57854126267533 -1.70862130471907 0.581065051635292 -0.0839662442654214 0.892010547636082 
1.57142565333233 -9.6165230449366 2.13387962721003 6.71250458781724 -3.84526293526649 0 2.82187173304701 12.7032875608202 19.9770825323309 -0.307268424195828 15.2766814170762 0.595608745978963 0 0 0.149169282824346 0.495501579947538 0.79409043040317 0 1.21922591098548 -0.560845573437794 0.591217487878733 4.51637977013196 19.5161355920677 4.75644002943599 0 7.20691330647418 18.96162224494 17.3993106021543 19.3847518097305 1.01287162700336 9.71817587954838 -0.874160631966852 0.72311685530614 -0.388893530442796 2.26721421987154 -0.221321241404545 2.29791148500885 -1.70862130471907 0.581065051635292 -1.13195885704456 0.288980994852717 
1.57142565333233 -7.63946444598933 3.19567573822368 3.23005655930846 7.13850449469802 0 3.82697485749469 15.8927855005454 22.3340620832211 2.84413004202961 14.3290552097974 1.01640145159159 0.75899016615422 1.20186968389986 -0.961709470051205 0.495501579947538 0.867401597927046 0.032354881378056 1.31061227878119 0.88817023583137 0.42169452054505 4.51637977013196 0 0 2.84366198270286 10.4952098105546 18.96162224494 17.3993106021543 19.3847518097305 1.58678779503647 0 -0.874160631966852 0 -0.667678957184627 2.91075885829085 0 2.29791148500885 -1.70862130471907 0.581065051635292 -0.462485380686114 -0.044609132243604 
0 -9.6165230449366 -12.6065675134801 8.0834817620383 0 0 10.3223563201364 -0.0771754043536146 1.18992964191825 -3.50348348256828 -4.84609227548171 0.595608745978963 0 0.516109605541504 0.860422585560206 0.495501579947538 -0.4685893375094 1.78570482816813 -0.263255857053798 -0.0927300444304617 -0.555537694387854 0 -1.87978522269045 0.546975062460161 -13.1164008998854 14.9860957893478 2.62567526075322 17.3993106021543 0 18.4724600017641 9.71817587954838 1.97945172897515 -0.23258512202305 -0.794477282801865 0 0 -1.77855653046097 -1.70862130471907 0.249457139638 1.74054222448754 0.288980994852717 
1.57142565333233 -9.6165230449366 5.75512571609818 1.40910596987657 0.560331688663145 0 3.84524594240135 12.7032875608202 2.12906983419278 3.59964146397525 14.3290552097974 0.595608745978963 0.75899016615422 0 0.860422585560206 0.577306153405135 0 0 0.329050810983894 0.88817023583137 0.594697144159441 4.45314907918365 0 -5.22881116407402 0 10.4952098105546 18.96162224494 17.3993106021543 -0.931372601716487 21.3171087949384 17.4242149374561 -0.474160196829662 0 -0.667678957184627 2.26721421987154 0 2.29791148500885 -1.70862130471907 0.759239420685563 1.74054222448754 0 
1.57142565333233 -9.78371908857195 7.30142838116802 8.0834817620383 0 2.11716746118253 3.84524594240135 12.7032875608202 17.2247705823624 0 -4.84609227548171 0.595608745978963 0.0356107136772995 0.516109605541504 0.149359558964781 0.455489467249946 0 0 1.21922591098548 1.24312016103096 -0.555537694387854 0 -17.7299109090725 1.07730470631612 0 -21.5882046992836 17.6326684363338 17.3993106021543 19.3847518097305 0 17.4242149374561 1.97945172897515 0 -0.951575753493968 2.26721421987154 -0.80953590087571 1.46405320403355 -1.70862130471907 0.581065051635292 -0.462485380686114 0 
1.57142565333233 -9.78371908857195 3.94357362014408 3.23005655930846 0 0 3.84524594240135 12.7032875608202 19.9770825323309 -0.0698750087152584 -0.247605343464578 0.595608745978963 0 1.20186968389986 0.149359558964781 0.577306153405135 0 0 1.21922591098548 -0.263169920194508 -0.691457366464407 0 -17.7299109090725 -2.8712082465278 0 7.20691330647418 1.24519768417589 17.3993106021543 16.2473004009562 0 15.4001649952262 1.97945172897515 0 -0.667678957184627 0 -0.221321241404545 -2.9477450249287 -1.70862130471907 0.461214881078906 -0.462485380686114 1.36559249918703 
2.35862363521198 -9.6165230449366 -11.5242238201547 8.0834817620383 3.39300922252844 21.2687917057279 15.0788702420326 -0.0771754043536146 10.8199533856101 -0.0698750087152584 14.3290552097974 0.595608745978963 -0.193658908574683 0.516109605541504 1.48790800912208 -0.155102175090044 0.23761765325331 1.78570482816813 1.27771223947765 -0.263169920194508 0.187966907856971 4.51637977013196 2.65421858390524 4.4710669780481 -13.1164008998854 -7.94403869141547 0 19.4777762421769 17.6076137760457 0 16.3208481596414 -0.874160631966852 -0.28109782528649 -0.676888563985419 0 -1.80536125464615 -1.81739824908664 -1.46783191220268 0.461214881078906 -0.462485380686114 -0.85473623539076 
2.85282505739307 -9.6165230449366 2.8344479789885 14.2524333333841 0 0 3.82697485749469 -0.0771754043536146 10.8199533856101 0.617433711987656 14.3290552097974 0.595608745978963 1.6489678213368 0 0.828666320130539 0.495501579947538 0.867401597927046 1.78570482816813 1.27771223947765 -0.263169920194508 0.42169452054505 7.68102710548836 0 -1.05203276353517 0 -7.94403869141547 16.6679209721358 17.3993106021543 19.3847518097305 1.58678779503647 17.4242149374561 -0.23366677472073 -0.498350015421561 -0.653569538357467 0 -1.80536125464615 1.89857760578793 -1.70862130471907 0.581065051635292 -0.462485380686114 0 
2.57014966626553 -9.6165230449366 -12.6065675134801 3.59759195286203 3.39300922252844 0 3.84524594240135 -0.0771754043536146 19.3124487819674 0 14.3290552097974 0.595608745978963 0 -0.145946479144481 1.48790800912208 0.495501579947538 0 1.78570482816813 1.21922591098548 0 0.594697144159441 4.51637977013196 0 -19.5475331334153 -13.1164008998854 10.4952098105546 17.6326684363338 17.4294767988517 -0.582608647287175 1.58678779503647 12.1851239914937 -0.874160631966852 0 -0.198812838391779 0 0 1.46405320403355 -2.41563207911124 0.715302039694647 -0.462485380686114 0.892010547636082 
2.56988634506748 -11.9518320115059 3.94357362014408 9.42374222859449 0 17.7051188946725 4.86737827666447 -0.0771754043536146 18.1124276659044 0 0.00548789510758961 -0.848762750117463 0 0.463062130279402 0.860422585560206 0.366502849043581 0 1.78570482816813 1.32666692572025 -0.14839243321139 0.252594015711264 4.52168711396944 -1.87978522269045 0.58477505190986 -13.1164008998854 -18.7414049910109 18.96162224494 19.4777762421769 22.2941399634788 -0.430134157384808 12.1851239914937 -1.31971142822863 -0.23258512202305 -0.960433059218541 0 0.0703606859223734 2.29791148500885 -1.46783191220268 0.202662050725269 0.102783863201171 0.892010547636082 
2.56650670918409 -19.6061065236368 4.05088333578356 6.71250458781724 5.51742845897909 0 2.82187173304701 -0.0771754043536146 20.0620747060338 1.83768806752641 14.3290552097974 -0.699111080644238 0 0 1.40742201549347 0.495501579947538 0.79409043040317 1.78570482816813 1.23511853673268 0.695830386884432 0.42169452054505 4.51637977013196 0 4.75644002943599 0 10.4952098105546 18.96162224494 17.3993106021543 19.3847518097305 1.58678779503647 -4.22133633644382 -0.874160631966852 -0.0822749015420093 -0.388893530442796 2.26721421987154 0 2.29791148500885 -1.70862130471907 0.581065051635292 -0.462485380686114 -0.044609132243604 
2.85189431548331 -9.6165230449366 -11.5242238201547 0 3.39300922252844 21.2687917057279 15.0788702420326 -0.0771754043536146 18.1124276659044 -2.80035309344547 14.3290552097974 0.595608745978963 -0.193658908574683 -0.350463444455743 1.48790800912208 -0.155102175090044 0.23761765325331 1.78570482816813 1.32666692572025 0 0.594697144159441 17.8765355828575 -1.87978522269045 0.58477505190986 -13.1164008998854 -18.7414049910109 0 17.3993106021543 19.3847518097305 2.80304112206355 9.71817587954838 0.317181885650932 -0.23258512202305 -0.960433059218541 0 0.0703606859223734 -1.81739824908664 -1.70862130471907 0.581065051635292 0.176467678168075 0.892010547636082 
2.57036047570913 -15.1649440523074 -12.6065675134801 3.23005655930846 9.92576415565599 21.2687917057279 3.84524594240135 -0.0771754043536146 19.9770825323309 0 -4.84609227548171 -0.667015781936709 0 1.20186968389986 -1.8872255875297 0.366502849043581 0 1.78570482816813 1.21922591098548 1.456729500078 -0.30158478555809 4.51637977013196 -1.87978522269045 0 -13.1164008998854 -21.5882046992836 17.6326684363338 20.7370270744371 7.54197774023841 3.89367877249312 12.1851239914937 -0.874160631966852 -0.23258512202305 -0.667678957184627 0 -0.672353881924578 1.46405320403355 -2.28523889834771 -0.00272511171769591 -0.0839662442654214 0.892010547636082 
2.85154247632257 -19.6061065236368 2.65785999801376 3.23005655930846 0 8.13799266805314 2.82187173304701 -0.0771754043536146 19.9770825323309 2.84413004202961 14.3290552097974 -0.699111080644238 1.51706056500183 1.20186968389986 0.860422585560206 0.366502849043581 0.79409043040317 1.78570482816813 1.21922591098548 0.88817023583137 0.594697144159441 4.51637977013196 -1.87978522269045 0 5.4091972417241 -21.5882046992836 17.6326684363338 17.3993106021543 11.1529800113072 -18.8818193501243 0 -0.874160631966852 -0.23258512202305 -0.667678957184627 -0.493103477458052 -1.3695590271985 1.46405320403355 -1.70862130471907 -0.00272511171769591 -1.56857905900505 -0.044609132243604 
2.85154247632257 -9.6165230449366 -12.6065675134801 3.23005655930846 0 12.7497409259201 2.82187173304701 -0.0771754043536146 22.3340620832211 0 15.2766814170762 0.595608745978963 0 1.20186968389986 0.860422585560206 0 0.79409043040317 1.78570482816813 1.31061227878119 1.456729500078 0.591217487878733 4.51637977013196 -1.87978522269045 5.43270056668329 0 -21.5882046992836 3.13085404973517 11.736142372124 0 3.89367877249312 12.1851239914937 -0.874160631966852 -0.23258512202305 -0.230153424074013 2.26721421987154 -0.672353881924578 -1.81739824908664 -2.01234856421703 0.855582403072893 -0.0839662442654214 0.892010547636082 
1.57142565333233 -15.1649440523074 5.75512571609818 8.0834817620383 7.13850449469802 3.11781161430656 3.84524594240135 -0.0771754043536146 1.18992964191825 -0.0698750087152584 15.2766814170762 -0.667015781936709 0.75899016615422 0.516109605541504 -0.961709470051205 0.495501579947538 0 1.78570482816813 -0.263255857053798 -0.263169920194508 0.591217487878733 1.46904770725828 -17.7299109090725 0.546975062460161 -13.1164008998854 -21.5882046992836 0 17.3993106021543 10.0467394912833 -18.8818193501243 13.5468737937263 -0.637190314120236 0 -0.794477282801865 0 -0.672353881924578 -1.81739824908664 -1.70862130471907 -0.00272511171769591 -1.56857905900505 -0.390935229217138 
2.56650670918409 -19.6061065236368 5.75512571609818 0 0 3.11781161430656 3.82697485749469 -0.0771754043536146 22.3340620832211 0 14.3290552097974 -0.699111080644238 0.75899016615422 -0.550279709692243 0.860422585560206 0.495501579947538 0.867401597927046 1.78570482816813 1.31061227878119 1.456729500078 0.42169452054505 0 0 0 0 -21.5882046992836 17.6326684363338 17.3993106021543 11.1529800113072 -18.8818193501243 9.71817587954838 1.97945172897515 -0.0822749015420093 -0.667678957184627 0 -0.672353881924578 1.46405320403355 -1.70862130471907 -0.00272511171769591 -1.56857905900505 0.892010547636082 
2.57251523508209 -19.6061065236368 3.94357362014408 0 -0.345942022742677 3.11781161430656 3.82697485749469 -0.0771754043536146 22.3340620832211 2.84413004202961 14.3290552097974 -0.699111080644238 0 -0.350463444455743 0.586827653109481 0.495501579947538 0.867401597927046 1.78570482816813 1.31061227878119 0.88817023583137 0.594697144159441 17.8765355828575 -17.7299109090725 0.58477505190986 0 -18.7414049910109 17.6326684363338 17.3993106021543 19.3847518097305 0 5.20655095102571 0.317181885650932 0 -0.960433059218541 2.26721421987154 0.0703606859223734 1.46405320403355 -1.70862130471907 0.581065051635292 -0.462485380686114 0.421053572102009 
0 -19.6061065236368 7.30142838116802 0 -0.345942022742677 0 3.84524594240135 -0.768191344718538 0.0801325910399354 -0.307268424195828 14.3290552097974 -0.699111080644238 0.0356107136772995 -0.350463444455743 0.586827653109481 0.495501579947538 0.551798150181676 0.944668250719397 0.45396995378843 -0.560845573437794 0.594697144159441 4.51637977013196 13.8948257145913 4.75644002943599 -13.1164008998854 10.4952098105546 3.13085404973517 17.3993106021543 19.3847518097305 7.65148613958223 0 -0.874160631966852 0 -0.388893530442796 0 0 -1.81739824908664 -1.70862130471907 0.581065051635292 0 -0.044609132243604 
1.57142565333233 -9.6165230449366 -12.6065675134801 14.2524333333841 0 1.39652476119647 3.84524594240135 12.2685085072501 8.71017002361369 -1.85042631989365 15.2766814170762 0.595608745978963 0 0 1.39766068347621 0.495501579947538 0 -0.535785318303753 1.27771223947765 -0.983977416029189 0.591217487878733 1.46904770725828 -17.7299109090725 0.546975062460161 -13.1164008998854 -8.1194014940734 20.4858299084407 11.4688001758739 16.2473004009562 7.65148613958223 17.4242149374561 -0.637190314120236 0 -0.794477282801865 0 -1.64466012438976 2.16036358673142 -1.63734073681633 0.417506059793525 0.627150817041821 0 
2.56914921254709 -15.1649440523074 5.75512571609818 8.0834817620383 0 22.6080074404171 3.84524594240135 -0.0771754043536146 19.9770825323309 -3.50348348256828 -4.84609227548171 -0.667015781936709 0.75899016615422 0.516109605541504 0.860422585560206 -0.794128951562628 0.551798150181676 1.78570482816813 1.21922591098548 -0.0927300444304617 -0.555537694387854 0 -1.87978522269045 -2.8712082465278 5.4091972417241 -21.5882046992836 18.96162224494 17.3993106021543 7.54197774023841 -18.8818193501243 12.1851239914937 1.97945172897515 -0.23258512202305 -0.667678957184627 -0.493103477458052 -0.80953590087571 2.29791148500885 -1.70862130471907 -0.00272511171769591 -1.56857905900505 0.892010547636082 
2.85269303993233 -15.1649440523074 7.29248250422184 14.2524333333841 3.39300922252844 2.11716746118253 3.82697485749469 -0.0771754043536146 22.3340620832211 0 -4.84609227548171 -0.667015781936709 0.493731254899749 0.557846121330674 1.48790800912208 0.455489467249946 0.867401597927046 1.78570482816813 1.31061227878119 1.24312016103096 -0.555537694387854 0 -1.87978522269045 0 0 -21.5882046992836 17.6326684363338 17.3993106021543 0 -16.8413382533199 12.1851239914937 1.97945172897515 -0.23258512202305 -0.667678957184627 0 -0.80953590087571 1.46405320403355 -1.70862130471907 0.855582403072893 -1.56857905900505 0.892010547636082 
1.57142565333233 -9.6165230449366 2.58565082428309 1.40910596987657 0.692563614245766 0 3.82697485749469 12.7032875608202 19.9770825323309 -0.173089663974517 14.3290552097974 0.595608745978963 -0.128657611714982 0 0.777352879507166 0.577306153405135 0.867401597927046 0 1.21922591098548 -0.0716119144864436 0.594697144159441 4.51637977013196 -1.87978522269045 -0.88051125410968 0 14.9860957893478 17.6326684363338 17.3993106021543 0 2.7954618366414 12.1851239914937 -0.874160631966852 0.346731502901172 0.9982137404793 2.26721421987154 0 1.46405320403355 -1.70862130471907 0.0967945445733119 -0.455247693348326 0.892010547636082 
2.57036047570913 -19.6061065236368 7.29248250422184 0 0 1.09228262307229 3.84524594240135 -0.0771754043536146 18.1124276659044 -3.50348348256828 -4.84609227548171 -0.699111080644238 0.493731254899749 -0.550279709692243 0.860422585560206 1.14615855204228 0 1.78570482816813 1.32666692572025 -0.0927300444304617 -0.555537694387854 4.51637977013196 -1.87978522269045 -16.5850135650416 0 -21.5882046992836 2.62567526075322 19.8129305872661 0 18.4724600017641 12.1851239914937 -0.874160631966852 -0.23258512202305 -0.0707014139139566 2.26721421987154 -0.80953590087571 -1.77855653046097 -1.39532170068255 0.855582403072893 1.74054222448754 0.892010547636082 
1.57142565333233 -9.6165230449366 5.75512571609818 1.40910596987657 0 0 3.84524594240135 12.7032875608202 19.9770825323309 -0.173089663974517 14.3290552097974 0.595608745978963 0.75899016615422 0 0.149359558964781 0.577306153405135 0.551798150181676 0 1.21922591098548 -0.0716119144864436 0.594697144159441 17.8765355828575 19.5161355920677 -5.22881116407402 -14.4431679363331 14.9860957893478 17.6326684363338 17.3993106021543 0 1.01287162700336 0 0.317181885650932 0.72311685530614 -0.667678957184627 -0.259408905370817 0 1.46405320403355 -1.70862130471907 0.855582403072893 -1.13195885704456 -0.044609132243604 
1.57142565333233 -19.6061065236368 7.29248250422184 0 0 12.7497409259201 2.82187173304701 19.0058825253536 19.9770825323309 -0.173089663974517 14.3290552097974 -0.699111080644238 0.493731254899749 -0.550279709692243 0.860422585560206 0 0.79409043040317 0 1.21922591098548 -0.0716119144864436 0.594697144159441 -17.9936584914074 -1.87978522269045 1.39058398219784 0 15.718997639799 3.13085404973517 17.3993106021543 0 1.01287162700336 5.20655095102571 -1.77381643269854 -0.23258512202305 0.173234727332943 0 0.368912837034516 -1.81739824908664 -1.70862130471907 0.855582403072893 -1.13195885704456 0.421053572102009 
2.57036047570913 -9.6165230449366 -16.1009588077203 8.0834817620383 3.39300922252844 21.2687917057279 -4.17879500686135 -0.0771754043536146 17.7038027659309 -0.0698750087152584 0.00548789510758961 0.595608745978963 0.646693115572768 0.516109605541504 1.48790800912208 -0.155102175090044 0 1.78570482816813 1.22860722426726 -0.263169920194508 0.252594015711264 4.51637977013196 0.944683132830394 0.58477505190986 0 -7.94403869141547 1.24519768417589 17.3993106021543 9.36900191727048 7.65148613958223 17.4242149374561 -0.874160631966852 1.41387488699233 -0.960433059218541 0 -1.80536125464615 -2.41878447859026 -1.70862130471907 -0.312320508720502 0.627150817041821 0 
2.57036047570913 -9.6165230449366 2.13387962721003 3.23005655930846 0 21.2687917057279 3.82697485749469 -0.0771754043536146 10.8199533856101 0 15.2766814170762 0.595608745978963 0 1.20186968389986 0.828666320130539 0.366502849043581 0.867401597927046 1.78570482816813 1.27771223947765 1.55277195365763 0.591217487878733 7.68102710548836 -15.0430522985026 5.43270056668329 0 -7.94403869141547 20.4858299084407 17.3993106021543 0 18.4724600017641 17.4242149374561 -0.23366677472073 0.777818305035037 -0.230153424074013 2.26721421987154 -1.80536125464615 2.16036358673142 -1.70862130471907 0.855582403072893 1.74054222448754 0 
0.748595936178965 -9.78371908857195 7.30142838116802 -2.64826294167352 0 0 3.84524594240135 12.7032875608202 19.9770825323309 2.84413004202961 14.3290552097974 0.595608745978963 0.0356107136772995 -0.550279709692243 0.149359558964781 0.577306153405135 -0.296902272145684 0 1.21922591098548 0.88817023583137 0.594697144159441 0 -15.0430522985026 0.58477505190986 0 7.20691330647418 17.6326684363338 17.3993106021543 -0.931372601716487 1.01287162700336 9.71817587954838 1.97945172897515 0.777818305035037 -0.960433059218541 0 -0.221321241404545 1.02819702539043 -1.70862130471907 1.42512471041881 -1.13195885704456 0.288980994852717 
2.64235998734011 -9.6165230449366 -12.6065675134801 3.23005655930846 3.39300922252844 17.3482750343849 3.82697485749469 -0.0771754043536146 20.0620747060338 1.67288945774682 14.3290552097974 0.595608745978963 0 1.20186968389986 1.48790800912208 0 0.867401597927046 1.78570482816813 1.23511853673268 -0.126230486624982 0.594697144159441 4.51637977013196 0 -19.5475331334153 5.4091972417241 7.20691330647418 17.6326684363338 11.736142372124 16.2473004009562 7.65148613958223 9.71817587954838 -0.874160631966852 -0.0822749015420093 -0.198812838391779 -0.493103477458052 -0.221321241404545 1.46405320403355 -2.01234856421703 0.461214881078906 -0.0839662442654214 0.892010547636082 
0 -9.6165230449366 3.94357362014408 1.40910596987657 0 0 3.84524594240135 -0.0771754043536146 2.12906983419278 -1.30705781563048 14.3290552097974 0.595608745978963 0 0 0.149359558964781 0.577306153405135 0 1.78570482816813 0.329050810983894 -0.602422650294575 0.594697144159441 4.51637977013196 -17.7299109090725 5.43270056668329 0 10.4952098105546 14.7024857542023 17.3993106021543 19.3847518097305 0 17.0681211807617 -0.874160631966852 0 -0.230153424074013 2.26721421987154 0 1.21376743829053 -1.70862130471907 0.581065051635292 -0.462485380686114 -0.0872464665943973 
2.5694115145838 -15.1649440523074 5.75512571609818 3.23005655930846 0 18.9134139843348 -1.31761275013798 -0.0771754043536146 19.9770825323309 -0.0698750087152584 -0.247605343464578 -0.667015781936709 0.75899016615422 1.20186968389986 0.684997031141537 -0.672782602809734 0.737540519022169 1.78570482816813 1.21922591098548 -0.263169920194508 -0.691457366464407 4.51637977013196 0 -5.22881116407402 5.4091972417241 -21.5882046992836 0 17.3993106021543 19.3847518097305 2.7954618366414 9.71817587954838 -0.874160631966852 0 -0.667678957184627 -0.493103477458052 -0.672353881924578 -1.81739824908664 -1.70862130471907 0.581065051635292 0.256481619731747 0.892010547636082 
2.5694115145838 -15.1649440523074 3.19567573822368 3.23005655930846 7.13850449469802 21.2687917057279 3.84524594240135 -0.0771754043536146 19.9770825323309 1.83768806752641 14.3290552097974 -0.667015781936709 0.75899016615422 1.20186968389986 -0.961709470051205 0.366502849043581 -0.292061846806696 1.78570482816813 1.21922591098548 0.695830386884432 0.42169452054505 0 -17.7299109090725 -2.8712082465278 0 -21.5882046992836 -3.24795078115908 17.3993106021543 10.0467394912833 -17.595429010594 9.71817587954838 1.97945172897515 0 -0.667678957184627 0 -0.672353881924578 -2.46660783901187 -1.70862130471907 -0.00272511171769591 -1.56857905900505 0.892010547636082 
2.85189431548331 -9.6165230449366 3.94357362014408 8.0834817620383 3.39300922252844 17.3482750343849 3.84524594240135 -0.0771754043536146 18.1124276659044 -0.0698750087152584 14.3290552097974 0.595608745978963 0 0.516109605541504 1.48790800912208 0 0 1.78570482816813 1.32666692572025 -0.263169920194508 0.594697144159441 4.51637977013196 -1.87978522269045 0.58477505190986 -13.1164008998854 -18.7414049910109 -0.484130135217742 19.4777762421769 16.2473004009562 -0.430134157384808 12.1851239914937 -0.874160631966852 -0.23258512202305 -1.07924685198313 0 0.0703606859223734 -2.23175890107255 -1.46783191220268 0.461214881078906 0.102783863201171 0.892010547636082 
2.56962366136775 -9.6165230449366 -12.6065675134801 3.59759195286203 0 22.6080074404171 3.82697485749469 -0.0771754043536146 19.3124487819674 0 14.3290552097974 0.595608745978963 0 -0.145946479144481 0.860422585560206 -0.794128951562628 0.867401597927046 1.78570482816813 1.21922591098548 1.456729500078 0.594697144159441 4.51637977013196 0 0 5.4091972417241 7.20691330647418 18.96162224494 11.736142372124 11.1529800113072 -18.8818193501243 12.1851239914937 -0.874160631966852 -0.0822749015420093 -0.667678957184627 -0.493103477458052 -0.221321241404545 2.29791148500885 -2.01234856421703 -0.503617135264732 -1.56857905900505 0.892010547636082 
2.56988634506748 -9.6165230449366 2.13387962721003 8.0834817620383 3.39300922252844 2.11716746118253 3.84524594240135 -0.0771754043536146 19.9770825323309 0 14.3290552097974 0.595608745978963 0 0.516109605541504 1.48790800912208 0.455489467249946 0 1.78570482816813 1.21922591098548 0 0.42169452054505 4.51637977013196 -1.87978522269045 -1.05203276353517 -3.21213010103075 10.4952098105546 16.6679209721358 17.3993106021543 19.3847518097305 1.58678779503647 12.0309091928559 -1.06020367603759 -0.23258512202305 -0.653569538357467 1.80799649540707 0 1.89857760578793 -1.70862130471907 0.581065051635292 -0.462485380686114 1.04955821920631 
0 -9.6165230449366 2.13387962721003 6.71250458781724 0 0 2.82187173304701 -0.0771754043536146 2.06952411451821 0 14.3290552097974 0.595608745978963 0 0 0.860422585560206 0.495501579947538 0.79409043040317 1.78570482816813 0.0348374208783905 0 0.42169452054505 4.51637977013196 -17.7299109090725 -1.05203276353517 0 10.4952098105546 16.6679209721358 17.3993106021543 19.3847518097305 1.58678779503647 -4.22133633644382 -0.874160631966852 0 -0.653569538357467 2.26721421987154 0 1.89857760578793 -1.70862130471907 0.581065051635292 -0.462485380686114 -0.044609132243604 
2.85206656194692 -9.78371908857195 5.15372766144747 8.0018293219627 3.39300922252844 17.7051188946725 2.82187173304701 -0.0771754043536146 18.1124276659044 -2.80035309344547 14.3290552097974 0.595608745978963 0.458565329782928 0.564712925318029 1.48790800912208 0.366502849043581 0.79409043040317 1.78570482816813 1.32666692572025 0 0.594697144159441 0 -1.87978522269045 0.58477505190986 0 7.20691330647418 17.6326684363338 17.3993106021543 10.0467394912833 2.80304112206355 17.4242149374561 1.97945172897515 -0.23258512202305 -0.960433059218541 0 -0.221321241404545 1.02819702539043 -1.70862130471907 -0.00272511171769591 0.176467678168075 0 
2.56819821463191 -19.6061065236368 -12.6065675134801 8.0834817620383 9.92576415565599 21.2687917057279 3.84524594240135 -0.0771754043536146 22.3340620832211 0 -4.84609227548171 -0.699111080644238 0 0.516109605541504 -1.8872255875297 0.366502849043581 0 1.78570482816813 1.31061227878119 1.456729500078 -0.555537694387854 4.51637977013196 -1.87978522269045 -5.22881116407402 0 12.2200231809728 17.6326684363338 17.3993106021543 22.2941399634788 -18.8818193501243 17.0681211807617 -0.874160631966852 -0.23258512202305 -0.667678957184627 2.26721421987154 0 1.46405320403355 -1.70862130471907 0.202662050725269 -1.56857905900505 -0.0872464665943973 
2.40407132234912 -8.20008195107807 -12.6065675134801 6.71250458781724 3.39300922252844 1.39652476119647 3.84524594240135 -0.0771754043536146 8.71017002361369 0 14.3290552097974 1.09673194805939 0 0 1.48790800912208 0.495501579947538 0 1.78570482816813 1.27771223947765 1.01454909248955 0.594697144159441 4.51637977013196 -1.87978522269045 -19.5475331334153 -13.1164008998854 10.4952098105546 20.4858299084407 -2.05287800014619 16.2473004009562 7.65148613958223 5.20655095102571 -0.874160631966852 -0.23258512202305 -0.198812838391779 0 0 2.16036358673142 -1.9524874333071 0.461214881078906 -0.0839662442654214 0.421053572102009 
2.57009741187275 -9.6165230449366 2.13387962721003 9.42374222859449 0 21.2687917057279 3.82697485749469 -0.0771754043536146 19.9770825323309 0 0.00548789510758961 0.595608745978963 0 0.463062130279402 0.860422585560206 0.366502849043581 0.867401597927046 1.78570482816813 1.21922591098548 0 0.252594015711264 4.52168711396944 -17.7299109090725 1.07730470631612 9.08221915638178 -21.5882046992836 16.6679209721358 17.3993106021543 19.3847518097305 -18.8818193501243 5.20655095102571 -1.31971142822863 0 -0.951575753493968 -0.0593000749029685 -0.672353881924578 1.89857760578793 -1.70862130471907 0.581065051635292 -1.56857905900505 0.421053572102009 
2.85269303993233 -9.78371908857195 -12.6065675134801 8.0834817620383 3.39300922252844 17.3482750343849 18.1472615687164 -0.0771754043536146 18.1124276659044 2.84413004202961 14.3290552097974 0.595608745978963 0 0.516109605541504 1.48790800912208 0 -0.677250351620489 1.78570482816813 1.32666692572025 0.88817023583137 0.594697144159441 4.51637977013196 -15.0430522985026 0.58477505190986 -13.1164008998854 -18.7414049910109 -0.484130135217742 11.736142372124 16.2473004009562 7.65148613958223 12.1851239914937 -0.874160631966852 0.777818305035037 -0.960433059218541 0 0.0703606859223734 -2.23175890107255 -2.01234856421703 0.461214881078906 -0.0839662442654214 0.892010547636082 
2.56988634506748 -19.6061065236368 5.74088333858684 8.0834817620383 0 22.6080074404171 3.84524594240135 -0.0771754043536146 19.9770825323309 2.84413004202961 14.3290552097974 -0.699111080644238 0.75899016615422 0.516109605541504 0.860422585560206 -0.794128951562628 0.551798150181676 1.78570482816813 1.21922591098548 0.88817023583137 0.42169452054505 4.51637977013196 -16.668808727371 -2.8712082465278 0 -21.5882046992836 17.6326684363338 17.3993106021543 16.3056339526808 -18.8818193501243 9.71817587954838 -0.874160631966852 0.368220192886991 -0.667678957184627 2.26721421987154 -1.3695590271985 -0.00347218213764555 -1.70862130471907 0.581065051635292 -1.56857905900505 0.892010547636082 
2.57014966626553 -15.1649440523074 2.65785999801376 8.0834817620383 0 8.13799266805314 15.0788702420326 -0.0771754043536146 19.9770825323309 -0.0698750087152584 -4.84609227548171 -0.667015781936709 1.51706056500183 0.516109605541504 0.860422585560206 0.366502849043581 0.23761765325331 1.78570482816813 1.21922591098548 -0.263169920194508 -0.30158478555809 4.51637977013196 2.65421858390524 -16.539486076934 -13.1164008998854 -18.7414049910109 17.6326684363338 20.7370270744371 10.0467394912833 0 17.4242149374561 -0.874160631966852 -0.28109782528649 0 0 0.0703606859223734 1.46405320403355 -2.28523889834771 -0.00272511171769591 -0.462485380686114 -0.509900116939051 
2.57036047570913 -22.7329675017544 2.13387962721003 8.0834817620383 0 0 3.84524594240135 -0.0771754043536146 19.9770825323309 0 14.3290552097974 0.0695011027387813 0 0.516109605541504 0.860422585560206 0.495501579947538 0.551798150181676 1.78570482816813 1.21922591098548 0 0.42169452054505 0.682085523257072 0 -1.05203276353517 0 14.9860957893478 16.6679209721358 17.3993106021543 16.3056339526808 -18.8818193501243 9.71817587954838 1.27824266477872 0 -0.653569538357467 0 0 1.89857760578793 -1.70862130471907 0.581065051635292 -1.56857905900505 0.892010547636082 
0 -19.6061065236368 3.19298926330776 8.0834817620383 13.7380100106765 0 2.33341233163765 -0.0771754043536146 3.2345190596229 2.84413004202961 14.3290552097974 -0.699111080644238 0 0.516109605541504 -1.47065965604533 0.577306153405135 0.334132819778348 1.78570482816813 0.736746360602205 0.88817023583137 0.594697144159441 7.68102710548836 -15.0430522985026 3.33307312516639 0 -21.5882046992836 14.1137054703961 17.3993106021543 16.2473004009562 0 17.4242149374561 -0.23366677472073 0.777818305035037 -0.960433059218541 0 -0.672353881924578 1.46405320403355 -1.70862130471907 0.461214881078906 -0.462485380686114 0 
