100
10
2.85325165913957 -9.6165230449366 2.13387962721003 6.71250458781724 0 0 2.82187173304701 19.0058825253536 2.06952411451821 -0.307268424195828 15.2766814170762 0.595608745978963 0 0 0.860422585560206 0.495501579947538 0.79409043040317 0 0.0348374208783905 -0.560845573437794 0.591217487878733 4.51637977013196 13.8948257145913 5.43270056668329 0 10.4952098105546 3.13085404973517 13.0460968488111 0 18.4724600017641 9.05416622536917 -0.874160631966852 0 -0.230153424074013 2.26721421987154 0 -1.81739824908664 -1.54860505999467 0.855582403072893 1.74054222448754 0.892010547636082 
2.85265509800914 -9.6165230449366 0 3.23005655930846 17.4451060860628 17.3482750343849 0 -0.0771754043536146 18.1124276659044 0 0 0.595608745978963 0.386276332701685 1.20186968389986 1.11915983826349 0 1.01342390617981 1.78570482816813 1.28892389337482 -0.263169920194508 -1.3195076367443 0 0 0 5.4091972417241 -16.756209813783 18.96162224494 0 -0.319663982870832 -1.55922105608472 13.5468737937263 1.97945172897515 0 -0.667678957184627 0 0 2.29791148500885 1.44560278740041 0.886331409572778 0.031732575051362 0 
2.85227568115202 -9.6165230449366 0 3.23005655930846 -0.345942022742677 17.3482750343849 3.82697485749469 -0.0771754043536146 18.1124276659044 0 14.3290552097974 0.595608745978963 0.386276332701685 1.20186968389986 0.586827653109481 0 0.867401597927046 1.78570482816813 1.32666692572025 -0.263169920194508 0.594697144159441 0 0 0 5.4091972417241 -18.7414049910109 18.96162224494 0 1.03424918886006 2.7954618366414 13.5468737937263 1.97945172897515 0 -0.667678957184627 0 0.0703606859223734 2.29791148500885 1.44560278740041 0 0 0 
2.56936161289018 -9.6165230449366 2.13387962721003 4.12552647745494 0 0 3.84524594240135 12.7032875608202 0.0801325910399354 0 14.3290552097974 0.595608745978963 0 0.283026944679686 0.860422585560206 0.495501579947538 0 0 0.45396995378843 0 0.594697144159441 4.51637977013196 13.8948257145913 0 -13.1164008998854 10.4952098105546 0 17.3993106021543 19.3847518097305 0 17.4242149374561 -0.874160631966852 0 -0.30580772753144 0 0 -1.81739824908664 -1.70862130471907 0.581065051635292 -0.462485380686114 0 
2.56988634506748 -9.6165230449366 2.13387962721003 0 0 0 3.84524594240135 12.7032875608202 -4.1896875976304 0 14.3290552097974 0.595608745978963 0 0 0.860422585560206 0.495501579947538 0 0 0.0822400436514243 0 0.594697144159441 4.51637977013196 -17.7299109090725 0 0 14.9860957893478 0 17.3993106021543 19.9977261950018 0 17.4242149374561 -0.874160631966852 0 -0.30580772753144 2.26721421987154 0 -1.81739824908664 -1.70862130471907 0.40807525865644 -0.462485380686114 0 
2.57109798855871 -9.6165230449366 3.94357362014408 0 0 0 3.84524594240135 19.0058825253536 1.18992964191825 0 14.3290552097974 0.595608745978963 0 -0.350463444455743 0.860422585560206 0.495501579947538 0 0 -0.263255857053798 0 0.594697144159441 4.51637977013196 13.8948257145913 4.75644002943599 -13.1164008998854 10.4952098105546 0 13.0460968488111 17.749957399047 7.65148613958223 0 -0.874160631966852 0.154148438924061 -0.388893530442796 0 0 -1.81739824908664 -1.54860505999467 0 0 -0.044609132243604 
2.57083390784213 -15.1649440523074 1.68475647714676 3.23005655930846 -0.345942022742677 17.3482750343849 3.84524594240135 -0.0771754043536146 0 -4.15330321290684 14.3290552097974 -0.667015781936709 1.48228125156941 1.20186968389986 0.586827653109481 0 0 1.78570482816813 -0.263255857053798 -0.23796808953768 -0.11987647643307 -10.5398833335097 0.00863527879521031 0 -17.7115514211876 -6.55867586217759 20.4858299084407 0 18.714143437666 2.10716439320574 9.71817587954838 1.52448077663988 1.82786254390509 -0.30580772753144 -2.35951923081629 0.518661023359122 2.16036358673142 -0.699646122753455 0.898857128293653 0.031732575051362 0.288980994852717 
0 -15.1649440523074 -2.70466641190213 3.23005655930846 -0.345942022742677 12.7497409259201 0 -0.0771754043536146 0 0 14.3290552097974 -0.667015781936709 1.48228125156941 1.20186968389986 0.586827653109481 0 1.01342390617981 1.78570482816813 -0.263255857053798 0 -0.11987647643307 -17.9936584914074 2.48379302550284 0 9.08221915638178 -16.756209813783 20.4858299084407 16.0251126879943 18.714143437666 -1.55922105608472 9.71817587954838 -1.77381643269854 1.82786254390509 -0.30580772753144 -0.0593000749029685 0 2.16036358673142 2.76376695826825 0.898857128293653 0.031732575051362 0.892010547636082 
1.57142565333233 -15.1649440523074 1.68475647714676 3.23005655930846 -0.345942022742677 0 3.84524594240135 1.21860713885101 1.0684428767387 0 14.3290552097974 -0.667015781936709 1.48228125156941 1.20186968389986 0.586827653109481 0.495501579947538 0 1.78570482816813 -0.263255857053798 1.55277195365763 -0.11987647643307 0 13.8948257145913 0 -13.1164008998854 10.4952098105546 20.4858299084407 0 22.0635645733511 -1.55922105608472 -2.44195183666514 1.97945172897515 -0.345340259049712 -0.30580772753144 0 0 2.16036358673142 -0.699646122753455 1.73757813020497 0.031732575051362 -0.044609132243604 
2.56988634506748 -13.1173351088154 -12.6065675134801 -10.3638491455297 17.6070935396045 -13.9419613843513 10.3223563201364 -0.0771754043536146 18.1124276659044 0 -4.84609227548171 -0.658017364487991 0 0 -0.992810893334826 -1.18608774765678 0.33288403366361 1.78570482816813 1.32666692572025 1.55277195365763 -0.555537694387854 22.4608984565646 2.4187233949633 4.4710669780481 -0.880948356530139 -6.55867586217759 13.4998314276337 19.4777762421769 0 0 12.1851239914937 0.852836278366314 0.0620968378251869 -0.676888563985419 0.513742427999965 0.518661023359122 0.831472883835189 -1.46783191220268 0.249457139638 -0.462485380686114 0.892010547636082 
0 -14.8643641910117 -12.6065675134801 0 7.54104370602455 10.9007613850295 5.79528363691423 -0.0771754043536146 14.1998391124419 0 -3.69645465237389 -0.0608999309227336 0 1.47072999340982 0 0.28542784632902 0.487619732766235 1.78570482816813 0.96514495644958 1.55277195365763 -0.555537694387854 -1.1384934429957 0 -13.8402736158298 9.08221915638178 -12.5584815221645 -1.67387766611012 -2.05287800014619 0 -1.55922105608472 14.6970866480596 0.503913633787964 0 0.41138055101567 -0.0593000749029685 -2.29785819353902 -1.35672851879929 -1.9524874333071 0.249457139638 0.031732575051362 1.47695366060685 
2.35375745196258 -9.6165230449366 -12.6065675134801 0 0 0 3.84524594240135 12.7032875608202 2.63063078889653 0 14.3290552097974 0.595608745978963 0 0 0.860422585560206 0.495501579947538 0 0 0.636881039434523 1.55277195365763 0.594697144159441 4.51637977013196 13.8948257145913 0 -13.1164008998854 10.4952098105546 17.6326684363338 19.4777762421769 16.2473004009562 0 17.4242149374561 -0.874160631966852 0 -0.30580772753144 0 0 1.46405320403355 -1.46783191220268 0.461214881078906 -0.462485380686114 0 
2.56988634506748 -9.6165230449366 2.13387962721003 0.952987267334474 0 0 3.84524594240135 12.7032875608202 0.0801325910399354 -3.50348348256828 14.3290552097974 0.595608745978963 0 0 0.860422585560206 0.495501579947538 0 -0.582755150498243 0.45396995378843 -0.0927300444304617 0.594697144159441 4.51637977013196 -17.7299109090725 -16.539486076934 0 14.9860957893478 0 18.0625698732969 19.3847518097305 1.58678779503647 17.4242149374561 -0.874160631966852 0 0 2.26721421987154 0 -1.81739824908664 -1.02107509152082 0.581065051635292 -0.462485380686114 0 
2.57036047570913 -19.6061065236368 5.75512571609818 8.0834817620383 0 21.2687917057279 3.84524594240135 -0.0771754043536146 19.3124487819674 2.84413004202961 0 -0.699111080644238 0.75899016615422 0.516109605541504 0.860422585560206 0.366502849043581 0 1.78570482816813 1.21922591098548 0.88817023583137 0 4.51637977013196 0 4.4710669780481 0 10.4952098105546 17.6326684363338 17.3993106021543 19.3847518097305 -18.8818193501243 9.71817587954838 -0.874160631966852 0 -0.676888563985419 0 0 1.46405320403355 -1.70862130471907 0.581065051635292 -1.56857905900505 0.288980994852717 
2.56793731455563 -12.8718234960324 -12.6065675134801 -10.3638491455297 7.54104370602455 -4.35318464210871 2.48400578248967 -0.0771754043536146 18.1124276659044 0 18.0017163031743 -1.49777657787212 0 0 0 0.365568171784081 0.487619732766235 1.78570482816813 1.32666692572025 1.55277195365763 0.594697144159441 17.8765355828575 0 -13.8402736158298 10.6418154251956 -9.76951725295257 -1.67387766611012 -2.05287800014619 16.1367461253594 7.65148613958223 12.1851239914937 0.317181885650932 0 0.41138055101567 0 -1.64466012438976 -1.35672851879929 -1.9524874333071 0 0 0.892010547636082 
2.56750516746731 -19.6061065236368 -0.223519362240806 8.0834817620383 13.613973849576 21.2687917057279 10.3223563201364 -0.0771754043536146 19.3124487819674 0 -4.84609227548171 -0.699111080644238 0.024680209804643 0.516109605541504 -0.967905312640548 0.366502849043581 -0.354072984398377 1.78570482816813 1.21922591098548 1.55277195365763 -0.555537694387854 -10.7386995284766 0 4.4710669780481 0 -9.44131235542768 17.6326684363338 19.4777762421769 0 -18.8818193501243 12.1851239914937 -0.523611902149213 -0.37509373790356 -0.676888563985419 0 -1.64466012438976 1.46405320403355 -1.46783191220268 0.249457139638 -0.828458802899559 0.892010547636082 
2.5668083743824 -9.6165230449366 1.68475647714676 3.23005655930846 -0.345942022742677 0 3.84524594240135 -0.0771754043536146 -3.62723274676932 0 14.3290552097974 0.595608745978963 1.48228125156941 1.20186968389986 0.586827653109481 0.495501579947538 0 1.78570482816813 0.45396995378843 0 -0.11987647643307 0 13.8948257145913 0 -13.1164008998854 14.9860957893478 0 17.3993106021543 18.714143437666 -1.55922105608472 -2.44195183666514 1.97945172897515 -0.345340259049712 -0.30580772753144 0 0 -1.81739824908664 -1.70862130471907 0.707235026577131 0.031732575051362 -0.044609132243604 
0 -8.20008195107807 -12.6065675134801 14.2524333333841 0 3.11781161430656 15.0788702420326 -0.884963926339971 7.17129616400753 0 0 1.2319794403538 0 0 0.684997031141537 0.495501579947538 0.092221798418193 0.678453534226144 1.27771223947765 1.55277195365763 0 4.51637977013196 0.944683132830394 0.58477505190986 -17.7115514211876 -12.5584815221645 0 13.0460968488111 0 18.4724600017641 0 -1.40402210688406 0.705865813962121 -0.960433059218541 -1.52048759140097 -1.64466012438976 -1.81739824908664 -1.54860505999467 0.0967945445733119 1.74054222448754 -0.505501113843872 
1.57142565333233 -19.6061065236368 -12.6065675134801 3.97482614218016 0 4.34418694702638 5.79528363691423 2.77723446617705 18.1124276659044 0 14.3290552097974 -0.699111080644238 0 0 0 1.32133292534451 0.300990450592242 -0.0900088604958769 1.32666692572025 1.55277195365763 0.594697144159441 0 13.8948257145913 0 0 9.15302979003313 -3.18345182798032 0 0 -1.55922105608472 12.1851239914937 0 0 -0.0447364503446672 2.26721421987154 1.42427737332614 0.618286454965494 -0.699646122753455 0 0.031732575051362 0.892010547636082 
1.57142565333233 -15.1649440523074 -12.6065675134801 3.23005655930846 -4.39149736978183 -13.9419613843513 10.3223563201364 20.6897368781221 0 0 -4.84609227548171 -0.381027996642994 0 1.20186968389986 -0.194175610511645 -1.18608774765678 0.33288403366361 -0.0509325843541569 -0.263255857053798 1.55277195365763 -0.555537694387854 0 0 4.4710669780481 -3.94873431005922 -18.7414049910109 20.4858299084407 -4.54015135515488 16.1367461253594 0 12.1851239914937 1.97945172897515 0 -0.676888563985419 -0.353090017974884 0.0703606859223734 2.16036358673142 -1.27679533212296 0 -0.462485380686114 0.892010547636082 
1.57142565333233 -15.1649440523074 1.68475647714676 14.2524333333841 -0.964675062156597 0 3.84524594240135 19.0058825253536 1.0684428767387 0 -3.08224794237513 -0.667015781936709 1.48228125156941 0 0.891216974980764 0.495501579947538 0 0 -0.263255857053798 1.55277195365763 -0.555537694387854 4.51637977013196 13.8948257145913 0.58477505190986 -13.1164008998854 -12.5584815221645 12.2307142113478 0 0 18.4724600017641 -2.44195183666514 -0.874160631966852 -0.345340259049712 -0.960433059218541 -0.128273433245846 -1.64466012438976 -1.40987321520684 -0.699646122753455 0.0967945445733119 1.74054222448754 -0.044609132243604 
1.57142565333233 -9.6165230449366 2.13387962721003 3.23005655930846 -17.8455007904421 13.1122586046868 0 19.0058825253536 0 0 14.3290552097974 0.595608745978963 0.876954782603753 1.20186968389986 2.63691947057234 0 1.01342390617981 0 -0.263255857053798 -0.263169920194508 0.594697144159441 -16.7730637782128 3.04463519241877 -16.539486076934 5.4091972417241 10.4952098105546 0 0 19.3847518097305 -1.55922105608472 9.71817587954838 1.89874144224391 0.0230724033448251 0 0 0 -1.81739824908664 1.44560278740041 0.581065051635292 0.031732575051362 0.892010547636082 
1.57142565333233 -8.04527746224556 0 0 14.9720461922568 0 3.84524594240135 15.8825600105722 0 0.908148420233348 14.3290552097974 0.200898502408945 0 1.47072999340982 -0.992810893334826 0.495501579947538 0 -0.614406472432616 -1.27025979537063 -0.071713002059475 0.594697144159441 -7.97975425980042 2.93969178709187 -16.539486076934 0 13.0024174940784 0 17.3993106021543 -11.2333667423732 -1.55922105608472 15.1969395462409 0 0 0 2.26721421987154 1.06894400299943 -1.81739824908664 -1.70862130471907 0 0.141790156830936 0 
1.57142565333233 3.69465236724105 -12.6065675134801 15.6851160692447 17.7640857293103 17.3482750343849 5.79528363691423 19.0058825253536 0 0 14.3290552097974 0 0 1.68346783317787 1.75572012707392 0 0.0641976516946208 0 -0.263255857053798 0 0.594697144159441 0 13.8948257145913 -3.84543605327859 0 10.4952098105546 0 11.7135385842126 0 19.160583510022 10.9201317494363 0 0 -1.90735403723426 2.40305895908878 0 -1.81739824908664 -1.0195713002093 0 1.74054222448754 -1.7483690295128 
1.57142565333233 -15.1649440523074 3.37258582691317 14.2524333333841 7.54104370602455 0 10.0768707737452 2.77723446617705 2.06952411451821 0 -4.84609227548171 -0.381027996642994 -0.041748356494004 0 0 0.495501579947538 -0.328646078444387 -0.0900088604958769 0.0348374208783905 1.55277195365763 -0.555537694387854 4.51637977013196 0 4.4710669780481 -13.1164008998854 12.6751692708 0 19.4777762421769 18.714143437666 -18.8818193501243 0 -0.874160631966852 0 -0.676888563985419 0 0.74358359585683 0 -1.46783191220268 0.898857128293653 -0.828458802899559 -0.044609132243604 
1.57142565333233 -8.04527746224556 0 3.23005655930846 17.4451060860628 17.3482750343849 2.75963909270225 2.77723446617705 0 5.85671568562124 14.3290552097974 0.200898502408945 0 1.20186968389986 1.11915983826349 0 1.06182864670727 -0.0900088604958769 -0.263255857053798 1.36826732259629 0.42169452054505 0 0 0 5.4091972417241 -16.756209813783 0 0 0 19.160583510022 9.71817587954838 1.97945172897515 0 -0.30580772753144 0 0 -0.802674214394146 1.44560278740041 0.886331409572778 1.74054222448754 0.892010547636082 
1.57142565333233 -9.6165230449366 5.98707973304534 3.97482614218016 13.434979332278 16.8051631569886 0 2.77723446617705 18.1124276659044 0 -14.2017478096307 0.595608745978963 0.446507904886505 -0.413010549453558 2.32783074833352 0.102370749275373 1.01342390617981 -0.0900088604958769 1.32666692572025 -0.263169920194508 0 -17.9936584914074 19.1401366461255 0 5.4091972417241 12.9896688709453 0 0 0 2.7954618366414 9.71817587954838 -1.77381643269854 0.716161487901658 -0.30580772753144 0 0.264836858513223 0 1.44560278740041 0.249457139638 0 0.892010547636082 
1.57142565333233 -9.6165230449366 0 -21.728738415534 -15.5308212784728 0 5.79528363691423 -7.82775693937566 7.17129616400753 0 14.3290552097974 0.595608745978963 0 1.10923002863733 -0.0134386774354794 0.962999082544352 0.487619732766235 1.98367159906014 1.27771223947765 1.55277195365763 0.594697144159441 4.51637977013196 10.4690859585391 0 -21.707865283898 -14.9973071995179 0 4.74327190655436 0 -17.3967204323955 9.71817587954838 -0.874160631966852 0.258479309574924 -0.30580772753144 -1.17218592614503 -1.05643132706007 -1.81739824908664 -0.715566599767453 0.249457139638 1.46104832434144 0.288980994852717 
1.57142565333233 -15.1649440523074 2.13387962721003 8.09518033526613 7.54104370602455 17.3482750343849 10.3223563201364 19.0058825253536 4.41971996921102 0 -4.84609227548171 -0.381027996642994 0 0.323994219454003 0 0 -0.354072984398377 0 0.136960988052637 0 -0.555537694387854 4.51637977013196 0 2.08576260231704 0 -6.55867586217759 0 19.4777762421769 17.5172280819701 19.160583510022 14.5378714867578 -0.874160631966852 0 0 2.26721421987154 0.518661023359122 0 -1.46783191220268 1.1813402407157 1.74054222448754 -0.85473623539076 
1.57142565333233 -9.6165230449366 5.98707973304534 0 13.434979332278 0 -4.17879500686135 16.9039959876351 -7.38909628688781 0.617433711987656 -14.2017478096307 0.595608745978963 0.446507904886505 0 2.32783074833352 0.495501579947538 0 0 0 -0.263169920194508 0 4.51637977013196 13.8948257145913 0 5.4091972417241 15.718997639799 0 13.0460968488111 18.5343008774958 1.56924623175023 0 -0.874160631966852 0 -0.667678957184627 0 0.368912837034516 -1.81739824908664 -1.54860505999467 0 0 1.19067444707764 
1.57142565333233 -15.1649440523074 3.94357362014408 14.2524333333841 1.84795929894222 0 2.44386011848406 19.0058825253536 0 5.85671568562124 0 -0.381027996642994 0 0 0.947134841041237 0.495501579947538 -2.24025220782508 0 -0.263255857053798 1.36826732259629 -0.477513038775657 -7.97975425980042 13.8948257145913 0 10.6418154251956 10.4952098105546 2.28200829694141 13.0460968488111 16.4491815529527 7.65148613958223 0 0 0 -0.30580772753144 -0.492236443987226 0 1.24938009830629 -1.54860505999467 0.715210319969435 0 -0.044609132243604 
1.57142565333233 -15.1649440523074 5.98707973304534 -10.3638491455297 17.138569125132 12.7497409259201 0 19.0058825253536 18.1124276659044 0 0 -0.667015781936709 0.446507904886505 0 -0.694115905824171 0 1.01342390617981 0 1.32666692572025 1.55277195365763 -1.3195076367443 -17.9936584914074 0 0.58477505190986 9.81211967235995 15.718997639799 20.4858299084407 16.0251126879943 16.1367461253594 -1.55922105608472 -4.22133633644382 -1.77381643269854 0 -0.960433059218541 -0.0593000749029685 0.368912837034516 2.16036358673142 2.76376695826825 0 0.031732575051362 -0.044609132243604 
1.57142565333233 -9.6165230449366 2.13387962721003 0 17.4451060860628 -1.1907745415069 3.84524594240135 12.7032875608202 0.0801325910399354 0 14.2070243076454 0.595608745978963 0 0 1.76842868596708 0.850268123848489 0 0 0.45396995378843 0 1.183140795074 4.51637977013196 0 3.03479331062864 -13.1164008998854 -6.55867586217759 0 19.4777762421769 0 19.160583510022 17.4242149374561 -0.874160631966852 0 0.190159802767522 0 0.518661023359122 -1.81739824908664 -1.46783191220268 0.160673894062952 1.74054222448754 0.878282871506309 
1.57142565333233 -9.6165230449366 3.94357362014408 3.97482614218016 0 0 0 15.3163104763796 2.06952411451821 5.85671568562124 15.2766814170762 0.595608745978963 0 0 0.860422585560206 0.495501579947538 1.01342390617981 0.548616551863317 0.0348374208783905 1.36826732259629 0.591217487878733 4.51637977013196 13.8948257145913 5.43270056668329 0 10.4952098105546 0 13.0460968488111 0 18.4724600017641 0 -0.874160631966852 0 -0.230153424074013 2.26721421987154 0 -1.81739824908664 -0.838834463525021 0.855582403072893 1.74054222448754 -0.044609132243604 
1.57142565333233 -15.1649440523074 0.300283280480785 -10.3638491455297 8.86762457623501 17.3482750343849 0 19.0058825253536 0 0 -4.84609227548171 -0.667015781936709 0.099748652242007 0 0.471921298537367 0 1.01342390617981 0 -0.263255857053798 1.55277195365763 -0.555537694387854 -17.9936584914074 0 2.08576260231704 9.08221915638178 -16.756209813783 17.6326684363338 19.4777762421769 0 -18.8818193501243 12.1851239914937 -1.77381643269854 0 0 -0.0593000749029685 0 1.46405320403355 -1.46783191220268 0.249457139638 -0.828458802899559 0.892010547636082 
1.57142565333233 -9.6165230449366 1.27554064804015 0 17.4451060860628 4.34418694702638 3.54692570788177 2.77723446617705 0 0 -4.84609227548171 0.595608745978963 0.75899016615422 1.47072999340982 1.76842868596708 0.421578126978864 -2.24025220782508 -0.0900088604958769 0 0 -0.555537694387854 -14.0345761273217 0.00863527879521031 -13.8402736158298 0 10.4952098105546 -0.273186696634249 19.4777762421769 16.4491815529527 19.160583510022 9.71817587954838 0.928346362155092 1.82786254390509 0.41138055101567 2.26721421987154 0 -2.37182333732574 -1.46783191220268 0.715210319969435 1.74054222448754 0.288980994852717 
1.57142565333233 17.2969402825911 3.94357362014408 3.97482614218016 0 17.3482750343849 0 2.77723446617705 0 5.85671568562124 14.3290552097974 0 0 0 0.860422585560206 0 1.01342390617981 -0.0900088604958769 -0.263255857053798 1.36826732259629 0.594697144159441 4.51637977013196 0 -16.539486076934 -19.8002807701939 11.1835606457589 0 4.87944621819977 17.749957399047 7.65148613958223 0 -0.874160631966852 0 0 0 0.22526719647705 -1.81739824908664 0 0 0 -0.044609132243604 
1.57142565333233 -15.1649440523074 3.94357362014408 -10.3638491455297 16.8561923023575 12.7497409259201 0 19.0058825253536 0 3.42022298677835 14.3290552097974 -0.667015781936709 0 0 -0.109434655434189 0 1.01342390617981 0 -0.263255857053798 0.640057344175902 0.594697144159441 4.51637977013196 13.8948257145913 -16.539486076934 9.08221915638178 10.4952098105546 20.4858299084407 13.0460968488111 0 -1.55922105608472 9.71817587954838 -0.874160631966852 0.154148438924061 -0.260609369995356 -0.0593000749029685 0 2.16036358673142 -1.54860505999467 0.886331409572778 0.031732575051362 0.892010547636082 
1.57142565333233 -9.6165230449366 5.98707973304534 -10.3638491455297 13.434979332278 0 2.48400578248967 12.7032875608202 18.1124276659044 0 18.0017163031743 0.595608745978963 0.446507904886505 0 2.32783074833352 0.495501579947538 0.487619732766235 0 1.32666692572025 0 0.594697144159441 19.3964187352901 0 0 0 15.718997639799 12.2307142113478 -2.05287800014619 16.8897912313416 7.65148613958223 -4.22133633644382 0 0 -0.30580772753144 2.26721421987154 0.368912837034516 -1.40987321520684 -1.9524874333071 0.581065051635292 0 -0.044609132243604 
1.57142565333233 -19.6061065236368 3.94357362014408 -10.3638491455297 13.434979332278 17.3482750343849 0 2.77723446617705 0 5.85671568562124 0 -0.699111080644238 0 0 2.32783074833352 0 0 -0.0900088604958769 -0.263255857053798 1.36826732259629 -0.477513038775657 -19.5178733018776 13.8948257145913 0.58477505190986 8.11114053386782 -12.5584815221645 12.2307142113478 0 0 0.0287496836989884 0 0 0 -0.960433059218541 0.566886543094593 -1.64466012438976 -1.40987321520684 1.44560278740041 0 0.519654612596917 -0.044609132243604 
1.57142565333233 -8.20008195107807 3.94357362014408 0 0 0 -4.17879500686135 19.0058825253536 0 -2.21645130730069 -14.2017478096307 0.792767073443517 0 0 0.860422585560206 0.495501579947538 0 0 -0.182365577957763 -0.835965548472463 0 1.31910583387087 -17.7299109090725 0 -17.7115514211876 -6.55867586217759 0 13.0460968488111 0 4.67555759729611 0 -0.566959065248705 0 -0.667678957184627 -1.52048759140097 0.518661023359122 -1.81739824908664 -1.54860505999467 0 0.113436269067897 -0.044609132243604 
1.57142565333233 -19.6061065236368 0 3.23005655930846 17.4451060860628 3.62776288645238 0 12.7032875608202 18.1124276659044 0 14.3290552097974 -0.699111080644238 0 1.20186968389986 1.76842868596708 2.14947991779515 1.20801857263223 0 1.32666692572025 0 0.594697144159441 0 19.1401366461255 4.4710669780481 0 12.9809672946022 0 17.3993106021543 0 7.65148613958223 0 1.97945172897515 0.716161487901658 -0.676888563985419 2.26721421987154 0.12890043640458 0 -1.70862130471907 0.249457139638 0 -0.044609132243604 
1.57142565333233 -9.6165230449366 0 -10.3638491455297 7.54104370602455 4.10112084006012 6.27512997201417 0 0 -0.359184609870047 -3.85805197474922 0.595608745978963 0 0 0 1.97938650286728 -0.807758159776106 0 0 0.763075787552202 -0.758736376421869 17.0922148214151 0 0 10.6418154251956 3.23588817922207 -3.17835217594558 14.521650017063 10.0467394912833 1.75867701375795 11.3425204252557 0 0 -0.30580772753144 0 -0.104820877250666 -0.353314464149677 -1.0195713002093 -0.00272511171769591 0.031732575051362 -0.598604849427289 
1.57142565333233 -9.6165230449366 0.733153074110463 0 20.8182331218702 0 3.84524594240135 12.7032875608202 0.0801325910399354 0 14.3290552097974 0.595608745978963 -0.259543087668504 0 1.59190538412514 0.495501579947538 0 0 0.45396995378843 0 0.594697144159441 4.51637977013196 13.8948257145913 4.16373392816807 -13.1164008998854 14.9860957893478 0 0 18.714143437666 0 0 -0.874160631966852 -0.345340259049712 -0.427918717464394 0 0 -1.81739824908664 -0.699646122753455 0.898857128293653 -0.462485380686114 -0.044609132243604 
1.57142565333233 -19.6061065236368 0 0 17.4451060860628 4.29867561175426 0 2.77723446617705 0 5.85671568562124 -14.2017478096307 -0.699111080644238 0 1.47072999340982 2.12927736016422 1.97938650286728 1.20801857263223 -0.0900088604958769 -1.27025979537063 1.36826732259629 0.26036008079553 -7.97975425980042 19.1401366461255 -3.84543605327859 0 10.4952098105546 -11.2067888531866 0 0 -1.55922105608472 0 0 0.716161487901658 -1.90735403723426 2.43602038231493 0 0.420474968077836 -0.699646122753455 0.249457139638 0.031732575051362 -0.044609132243604 
1.57142565333233 -15.1649440523074 0.733153074110463 -10.3638491455297 7.54104370602455 4.34418694702638 2.48400578248967 -0.0771754043536146 18.1124276659044 5.85671568562124 14.3290552097974 -0.667015781936709 0.143774214910238 0 0 1.32133292534451 0.487619732766235 1.78570482816813 1.32666692572025 1.36826732259629 0.594697144159441 17.0922148214151 22.8916670349388 4.4710669780481 10.6418154251956 -12.5584815221645 2.78091521527661 0 16.1367461253594 7.65148613958223 13.5468737937263 0 1.27321700529811 -0.676888563985419 0 -1.64466012438976 0 -0.699646122753455 0 0 0 
1.57142565333233 -14.8643641910117 -12.6065675134801 15.6851160692447 7.54104370602455 10.9007613850295 5.79528363691423 19.0058825253536 7.17129616400753 0 -4.84609227548171 -0.735127984888446 0 1.68346783317787 0 0.28542784632902 0.487619732766235 0 1.27771223947765 1.55277195365763 -0.555537694387854 2.05741442395719 0 -13.8402736158298 0 10.4952098105546 -1.67387766611012 -2.05287800014619 16.1367461253594 19.160583510022 12.1851239914937 0.503913633787964 0 0.41138055101567 2.26721421987154 0 -1.35672851879929 -1.9524874333071 0 1.74054222448754 0.892010547636082 
1.57142565333233 -19.6061065236368 0 6.56503701776501 17.4451060860628 21.2687917057279 10.3223563201364 2.77723446617705 18.1124276659044 0 -4.84609227548171 -0.699111080644238 0 0.9120247501284 1.76842868596708 0.366502849043581 -0.354072984398377 -0.0900088604958769 1.32666692572025 1.55277195365763 -0.555537694387854 -10.7386995284766 0 6.96137973710959 0 9.15302979003313 17.6326684363338 19.4777762421769 0 -18.8818193501243 12.1851239914937 -0.523611902149213 0 -0.016956415780334 2.26721421987154 1.42427737332614 1.46405320403355 -1.46783191220268 0.249457139638 -0.828458802899559 0.892010547636082 
1.57142565333233 -9.6165230449366 2.13387962721003 0 0 0 3.84524594240135 19.0058825253536 3.36152068039473 0 -14.2017478096307 0.595608745978963 0 0 0.860422585560206 0.495501579947538 0 0 -0.336393054414724 1.55277195365763 0 -19.5178733018776 -17.7299109090725 -16.539486076934 9.08221915638178 14.9860957893478 0 -2.05287800014619 0 0 0 0 0 0 -0.0593000749029685 0 -1.81739824908664 -1.9524874333071 0.249457139638 0 -0.044609132243604 
1.57142565333233 0 0.733153074110463 4.29759464417472 20.8182331218702 4.34418694702638 3.24031541554272 2.77723446617705 7.17129616400753 5.85671568562124 14.3290552097974 0 -0.259543087668504 0.639281292846092 1.59190538412514 1.32133292534451 1.25371266363827 -0.0900088604958769 1.27771223947765 1.36826732259629 0.594697144159441 0 19.1401366461255 7.92480819112379 -0.117941129239249 9.15302979003313 2.78091521527661 1.98691287133233 18.714143437666 19.160583510022 13.5468737937263 1.97945172897515 0.716161487901658 -0.273981375253751 2.26721421987154 1.42427737332614 0 -1.2926733493212 0.898857128293653 1.74054222448754 0 
1.57142565333233 -9.6165230449366 2.13387962721003 15.6851160692447 0 0 2.82187173304701 19.0058825253536 2.06952411451821 0 15.2766814170762 0.595608745978963 0 1.68346783317787 0.860422585560206 0.495501579947538 0.79409043040317 0 0.0348374208783905 0 0.591217487878733 4.51637977013196 13.8948257145913 -3.84543605327859 0 10.4952098105546 3.13085404973517 13.0460968488111 0 18.4724600017641 10.9201317494363 -0.874160631966852 0 -1.90735403723426 2.26721421987154 0 -1.81739824908664 -1.54860505999467 0.855582403072893 1.74054222448754 -1.7483690295128 
0.748595936178965 -19.6061065236368 0 3.23005655930846 17.4451060860628 17.3482750343849 0 -0.0771754043536146 18.1124276659044 0 -14.2017478096307 -0.699111080644238 0 1.20186968389986 1.11915983826349 0 1.20801857263223 1.78570482816813 1.28892389337482 -0.263169920194508 0.26036008079553 0 0 0 5.4091972417241 10.4952098105546 -11.2067888531866 0 0 -1.55922105608472 13.5468737937263 1.97945172897515 0 -0.667678957184627 0 0 0.420474968077836 1.44560278740041 0.249457139638 0.031732575051362 0 
2.56893598292203 -9.6165230449366 -12.6065675134801 14.2524333333841 0 17.3482750343849 15.0788702420326 -0.0771754043536146 18.1124276659044 0 0 0.595608745978963 0 0 0.684997031141537 0 0.092221798418193 1.78570482816813 1.32666692572025 -0.263169920194508 0 4.51637977013196 0.944683132830394 0.58477505190986 5.4091972417241 -18.7414049910109 0 13.0460968488111 1.03424918886006 2.7954618366414 13.5468737937263 -0.874160631966852 0.705865813962121 -0.960433059218541 0 0.0703606859223734 -1.81739824908664 -1.54860505999467 0 0 0 
2.571571100989 -9.6165230449366 3.94357362014408 0 0 0 3.84524594240135 12.7032875608202 1.18992964191825 0 14.3290552097974 0.595608745978963 0 0 0.860422585560206 0.495501579947538 0 0 -0.263255857053798 0 0.594697144159441 4.51637977013196 13.8948257145913 0 -13.1164008998854 10.4952098105546 0 17.3993106021543 19.3847518097305 7.65148613958223 0 -0.874160631966852 0.154148438924061 -0.30580772753144 0 0 -1.81739824908664 -1.70862130471907 0.581065051635292 0 -0.044609132243604 
2.57109798855871 -9.6165230449366 2.13387962721003 0 0 0 3.84524594240135 19.0058825253536 0.0801325910399354 0 14.3290552097974 0.595608745978963 0 0 0.860422585560206 0.495501579947538 0 0 0.45396995378843 1.55277195365763 0.594697144159441 -19.5178733018776 -17.7299109090725 -16.539486076934 0 14.9860957893478 0 17.3993106021543 16.8897912313416 0 0 0 0 0 2.26721421987154 0 -1.81739824908664 -1.70862130471907 0.581065051635292 -0.462485380686114 -0.044609132243604 
1.57142565333233 -15.1649440523074 3.94357362014408 14.2524333333841 0 0 2.44386011848406 19.0058825253536 1.18992964191825 0 14.3290552097974 -0.381027996642994 0 0 0.860422585560206 0.495501579947538 -2.24025220782508 0 -0.263255857053798 0 0.594697144159441 4.51637977013196 13.8948257145913 0.546975062460161 -13.1164008998854 10.4952098105546 2.28200829694141 13.0460968488111 17.749957399047 7.65148613958223 0 -0.874160631966852 0 -0.794477282801865 0 0 1.24938009830629 -1.54860505999467 0 0 -0.044609132243604 
1.57142565333233 -15.1649440523074 1.68475647714676 3.23005655930846 0 17.3482750343849 -4.17879500686135 19.0058825253536 0 0 -14.2017478096307 -0.667015781936709 1.48228125156941 1.20186968389986 0.860422585560206 0 0 0 -0.263255857053798 -0.263169920194508 0 1.31910583387087 0.00863527879521031 0 -17.7115514211876 -6.55867586217759 0 0 18.714143437666 2.7954618366414 0 -0.566959065248705 1.82786254390509 -0.667678957184627 -1.52048759140097 0.518661023359122 -1.81739824908664 -0.699646122753455 0.898857128293653 0 -0.044609132243604 
1.57142565333233 -9.6165230449366 1.68475647714676 0 17.4451060860628 -1.1907745415069 3.84524594240135 -0.0771754043536146 0 0 14.3290552097974 0.595608745978963 1.48228125156941 0 1.76842868596708 0.850268123848489 0 1.78570482816813 -0.263255857053798 0 -0.11987647643307 4.51637977013196 0.00863527879521031 3.03479331062864 9.08221915638178 -6.55867586217759 20.4858299084407 19.4777762421769 18.714143437666 19.160583510022 17.4242149374561 -0.874160631966852 1.82786254390509 0.190159802767522 -0.0593000749029685 0.518661023359122 2.16036358673142 -1.46783191220268 0.898857128293653 1.74054222448754 0 
2.57083390784213 -15.1649440523074 1.68475647714676 3.23005655930846 -0.345942022742677 0 3.84524594240135 -0.0771754043536146 1.0684428767387 0 14.3290552097974 -0.667015781936709 1.48228125156941 1.20186968389986 0.586827653109481 0.495501579947538 0 1.78570482816813 -0.263255857053798 1.55277195365763 -0.11987647643307 0 13.8948257145913 0 -13.1164008998854 10.4952098105546 20.4858299084407 0 22.0635645733511 -1.55922105608472 -2.44195183666514 1.97945172897515 -0.345340259049712 -0.30580772753144 0 0 2.16036358673142 -0.699646122753455 1.73757813020497 0.031732575051362 -0.044609132243604 
1.57142565333233 -15.1649440523074 3.94357362014408 -10.3638491455297 0 -13.9419613843513 10.3223563201364 19.0058825253536 18.1124276659044 0 -4.84609227548171 -0.667015781936709 0 0 0.860422585560206 -1.18608774765678 0.33288403366361 0 1.32666692572025 1.55277195365763 -0.555537694387854 4.51637977013196 13.8948257145913 4.4710669780481 0 10.4952098105546 13.4998314276337 19.4777762421769 0 18.4724600017641 0 -0.874160631966852 0 -0.676888563985419 2.26721421987154 0 0.831472883835189 -1.46783191220268 0.249457139638 1.74054222448754 -0.044609132243604 
1.5707963267949 -14.8643641910117 -12.6065675134801 0 7.54104370602455 10.9007613850295 0 2.77723446617705 18.1124276659044 5.85671568562124 0 -0.0608999309227336 0 1.47072999340982 0 0.28542784632902 0 -0.0900088604958769 1.32666692572025 1.36826732259629 -0.477513038775657 -1.1384934429957 0 -13.8402736158298 8.11114053386782 -12.5584815221645 -1.67387766611012 0 0 0 0 0.503913633787964 0 0.41138055101567 0.566886543094593 -2.29785819353902 -1.35672851879929 1.44560278740041 0 0 -0.044609132243604 
0 -8.20008195107807 3.94357362014408 0 0 0 3.84524594240135 19.0058825253536 0 0 14.3290552097974 0.792767073443517 0 0 0.860422585560206 0.495501579947538 0 0 -0.182365577957763 1.55277195365763 0.594697144159441 4.51637977013196 -17.7299109090725 0 -13.1164008998854 10.4952098105546 0 13.0460968488111 19.3847518097305 2.7954618366414 0 -0.874160631966852 0 -0.30580772753144 0 0 -1.81739824908664 -1.54860505999467 0.581065051635292 0 -0.044609132243604 
2.56988634506748 -9.6165230449366 2.13387962721003 0 0 0 3.84524594240135 12.7032875608202 0.0801325910399354 -3.50348348256828 14.3290552097974 0.595608745978963 0 0 0.860422585560206 0.495501579947538 0 0 0.45396995378843 -0.0927300444304617 0.594697144159441 4.51637977013196 -17.7299109090725 -16.539486076934 0 14.9860957893478 0 17.3993106021543 19.9977261950018 1.58678779503647 17.4242149374561 -0.874160631966852 0 0 2.26721421987154 0 -1.81739824908664 -1.70862130471907 0.40807525865644 -0.462485380686114 0 
1.57142565333233 -19.6061065236368 3.94357362014408 14.2524333333841 0 21.2687917057279 2.44386011848406 19.0058825253536 0 0 0 -0.699111080644238 0 0 0.860422585560206 0.366502849043581 -2.24025220782508 0 -0.263255857053798 1.55277195365763 0 -7.97975425980042 13.8948257145913 0 10.6418154251956 10.4952098105546 17.6326684363338 17.3993106021543 19.3847518097305 -18.8818193501243 9.71817587954838 0 0 -0.30580772753144 0 0 1.46405320403355 -1.70862130471907 0.581065051635292 -0.828458802899559 0.288980994852717 
1.57142565333233 -15.1649440523074 -12.6065675134801 15.6851160692447 17.4451060860628 17.3482750343849 2.48400578248967 -0.0771754043536146 0 0 14.3290552097974 -0.667015781936709 0 1.68346783317787 1.76842868596708 0 0.487619732766235 1.78570482816813 -0.263255857053798 1.55277195365763 0.594697144159441 0 0 -3.84543605327859 10.6418154251956 -9.76951725295257 0 11.7135385842126 16.1367461253594 7.65148613958223 12.1851239914937 0 0 -1.90735403723426 0 -1.64466012438976 -1.81739824908664 -1.0195713002093 0 0 0.892010547636082 
0 -19.6061065236368 0 0 0 21.2687917057279 10.3223563201364 -0.0771754043536146 2.06952411451821 0 -14.2017478096307 -0.699111080644238 0 0 0.860422585560206 0.366502849043581 -0.354072984398377 1.78570482816813 0.0348374208783905 1.55277195365763 0 -10.7386995284766 0 4.4710669780481 9.08221915638178 14.9860957893478 0 -2.05287800014619 0 -18.8818193501243 0 -0.523611902149213 0 -0.676888563985419 -0.0593000749029685 0 -1.81739824908664 -1.9524874333071 0.249457139638 -0.828458802899559 -0.044609132243604 
2.57083390784213 -15.1649440523074 1.68475647714676 3.23005655930846 -0.345942022742677 0 3.84524594240135 -0.0771754043536146 0.0801325910399354 -4.15330321290684 14.3290552097974 -0.667015781936709 1.48228125156941 1.20186968389986 0.586827653109481 0.495501579947538 0 1.78570482816813 0.45396995378843 -0.23796808953768 -0.11987647643307 0 13.8948257145913 0 -13.1164008998854 14.9860957893478 0 0 18.714143437666 2.10716439320574 -2.44195183666514 1.97945172897515 -0.345340259049712 -0.30580772753144 0 0 -1.81739824908664 -0.699646122753455 0.898857128293653 0.031732575051362 -0.044609132243604 
2.29623215288007 -8.20008195107807 -12.6065675134801 14.2524333333841 0 3.11781161430656 0 -0.884963926339971 7.17129616400753 0 14.3290552097974 1.09673194805939 0 0 0.684997031141537 0.495501579947538 1.01342390617981 0.678453534226144 1.27771223947765 1.55277195365763 0.594697144159441 4.51637977013196 13.8948257145913 0.58477505190986 -17.7115514211876 -12.5584815221645 20.4858299084407 13.0460968488111 0 18.4724600017641 9.71817587954838 -0.874160631966852 0.154148438924061 -0.960433059218541 -1.52048759140097 -1.64466012438976 2.16036358673142 -1.54860505999467 0.0967945445733119 1.74054222448754 0.892010547636082 
1.57142565333233 -13.1173351088154 -12.6065675134801 3.97482614218016 17.6070935396045 4.34418694702638 5.79528363691423 2.77723446617705 18.1124276659044 0 14.3290552097974 -0.658017364487991 0 0 -0.992810893334826 1.32133292534451 0.487619732766235 -0.0900088604958769 1.32666692572025 1.55277195365763 0.594697144159441 0 13.8948257145913 0 -0.880948356530139 9.15302979003313 0 0 0 0 12.1851239914937 0 0 -0.0447364503446672 0.513742427999965 1.42427737332614 0 -0.699646122753455 0.249457139638 -0.462485380686114 0.892010547636082 
1.57142565333233 -15.1649440523074 2.13387962721003 3.23005655930846 -0.345942022742677 -13.9419613843513 3.84524594240135 12.7032875608202 0.0801325910399354 0 -4.84609227548171 -0.381027996642994 0 1.20186968389986 0.586827653109481 -1.18608774765678 0 0 0.45396995378843 0 -0.555537694387854 4.51637977013196 0 3.03479331062864 -4.13639658323321 -6.55867586217759 20.4858299084407 -4.54015135515488 16.1367461253594 19.160583510022 12.1851239914937 -0.874160631966852 0 0.190159802767522 -0.943802413038817 0.518661023359122 2.16036358673142 -1.27679533212296 0 1.74054222448754 0.892010547636082 
1.57142565333233 -15.1649440523074 1.68475647714676 14.2524333333841 7.54104370602455 17.3482750343849 10.3223563201364 19.0058825253536 2.06952411451821 0 -3.08224794237513 -0.667015781936709 1.48228125156941 0 0 0 -0.354072984398377 0 0.0348374208783905 0 -0.555537694387854 4.51637977013196 13.8948257145913 2.08576260231704 -13.1164008998854 -12.5584815221645 0 0 0 18.4724600017641 14.5378714867578 -0.874160631966852 -0.345340259049712 0 0 -1.64466012438976 0 -0.699646122753455 0.0967945445733119 1.74054222448754 -0.85473623539076 
1.57142565333233 -9.6165230449366 5.98707973304534 3.23005655930846 -17.8455007904421 13.1122586046868 0 2.77723446617705 18.1124276659044 0 14.3290552097974 0.595608745978963 0.446507904886505 1.20186968389986 2.63691947057234 0 1.01342390617981 -0.0900088604958769 1.32666692572025 -0.263169920194508 0.594697144159441 -16.7730637782128 19.1401366461255 -16.539486076934 5.4091972417241 15.718997639799 0 0 0 -1.55922105608472 9.71817587954838 1.89874144224391 0.716161487901658 0 0 0.368912837034516 -1.81739824908664 1.44560278740041 0.249457139638 0.031732575051362 0.892010547636082 
1.57142565333233 -8.04527746224556 -12.6065675134801 0 14.9720461922568 4.34418694702638 5.79528363691423 2.77723446617705 18.1124276659044 0 14.3290552097974 0.200898502408945 0 1.47072999340982 -0.992810893334826 1.32133292534451 0.300990450592242 -0.0900088604958769 1.32666692572025 1.55277195365763 0.594697144159441 -7.97975425980042 2.93969178709187 -16.539486076934 0 13.0024174940784 0 0 -11.2333667423732 -1.55922105608472 12.1851239914937 0 0 0 2.26721421987154 1.06894400299943 -1.81739824908664 -0.699646122753455 0 0.031732575051362 0.892010547636082 
1.57142565333233 -9.6165230449366 -12.6065675134801 15.6851160692447 20.8182331218702 17.3482750343849 3.84524594240135 19.0058825253536 0.0801325910399354 0 14.3290552097974 0.595608745978963 0 1.68346783317787 1.59190538412514 0 0 0 0.45396995378843 0 0.594697144159441 0 13.8948257145913 0 -13.1164008998854 10.4952098105546 0 11.7135385842126 18.714143437666 0 0 0 0 -0.30580772753144 0 0 -1.81739824908664 -1.0195713002093 0.898857128293653 -0.462485380686114 -0.044609132243604 
0 -8.04527746224556 0.733153074110463 14.2524333333841 7.54104370602455 0 3.84524594240135 15.8825600105722 0 0 -4.84609227548171 0.200898502408945 -0.259543087668504 0 0 0.495501579947538 0 -0.614406472432616 -1.27025979537063 1.55277195365763 -0.555537694387854 -7.97975425980042 2.93969178709187 4.4710669780481 -13.1164008998854 13.0024174940784 0 19.4777762421769 18.714143437666 -1.55922105608472 15.1969395462409 0 0 -0.676888563985419 0 1.06894400299943 0 -1.46783191220268 0.898857128293653 0.141790156830936 0 
1.57142565333233 -9.6165230449366 0 3.23005655930846 17.4451060860628 17.3482750343849 6.27512997201417 2.77723446617705 0 5.85671568562124 14.3290552097974 0.595608745978963 0 1.20186968389986 1.11915983826349 0 -0.807758159776106 -0.0900088604958769 -0.263255857053798 1.36826732259629 0.42169452054505 17.0922148214151 0 0 5.4091972417241 -0.229985965522931 -3.17835217594558 14.521650017063 10.0467394912833 19.160583510022 9.71817587954838 0 0 -0.30580772753144 0 0 -0.353314464149677 -1.0195713002093 -0.00272511171769591 1.74054222448754 0.892010547636082 
2.39044899892047 -9.6165230449366 5.98707973304534 0.952987267334474 0 17.3482750343849 0 2.77723446617705 0.0801325910399354 0 14.3290552097974 0.595608745978963 0.446507904886505 0 0.860422585560206 0 1.01342390617981 -0.0900088604958769 0.45396995378843 -0.263169920194508 0.594697144159441 4.51637977013196 -17.7299109090725 -16.539486076934 5.4091972417241 14.9860957893478 0 18.0625698732969 0 2.7954618366414 17.4242149374561 -0.874160631966852 0 0 0 0 -1.81739824908664 -1.02107509152082 0.249457139638 0 0 
1.57142565333233 -9.6165230449366 0 3.23005655930846 -0.345942022742677 0 3.84524594240135 -7.82775693937566 7.17129616400753 0 14.3290552097974 0.595608745978963 0 1.20186968389986 0.586827653109481 0.495501579947538 0 1.98367159906014 1.27771223947765 0 0.594697144159441 0 10.4690859585391 0 -13.1164008998854 -12.5584815221645 0 4.74327190655436 0 -17.3967204323955 9.71817587954838 1.97945172897515 0.258479309574924 -0.30580772753144 0 -1.64466012438976 -1.81739824908664 -0.715566599767453 0.249457139638 1.46104832434144 0.288980994852717 
0.748595936178965 -9.6165230449366 2.13387962721003 3.23005655930846 7.54104370602455 13.1122586046868 10.3223563201364 19.0058825253536 0 0 -4.84609227548171 0.595608745978963 0.876954782603753 1.20186968389986 0 0 -0.354072984398377 0 -0.263255857053798 0 -0.555537694387854 -16.7730637782128 3.04463519241877 -16.539486076934 0 -6.55867586217759 0 19.4777762421769 18.714143437666 19.160583510022 9.71817587954838 1.89874144224391 0.0230724033448251 0 2.26721421987154 0.518661023359122 -1.81739824908664 -1.46783191220268 0.898857128293653 1.74054222448754 0.892010547636082 
2.56793731455563 -12.8718234960324 5.98707973304534 0 7.54104370602455 0 -4.17879500686135 -0.0771754043536146 18.1124276659044 0.617433711987656 18.0017163031743 -1.49777657787212 0.446507904886505 0 0 0.495501579947538 0 1.78570482816813 1.32666692572025 -0.263169920194508 0.594697144159441 17.8765355828575 13.8948257145913 -13.8402736158298 10.6418154251956 15.718997639799 0 -2.05287800014619 18.5343008774958 1.56924623175023 12.1851239914937 0.317181885650932 0 0.41138055101567 0 0.368912837034516 -1.81739824908664 -1.9524874333071 0 0 0.892010547636082 
1.57142565333233 -15.1649440523074 3.94357362014408 14.2524333333841 0 0 -4.17879500686135 16.9039959876351 0 0.617433711987656 -14.2017478096307 -0.381027996642994 0 0 0.860422585560206 0.495501579947538 0 0 -0.263255857053798 -0.263169920194508 0 4.51637977013196 13.8948257145913 0 10.6418154251956 15.718997639799 2.28200829694141 13.0460968488111 18.5343008774958 7.65148613958223 0 -0.874160631966852 0 -0.667678957184627 0 0.368912837034516 1.24938009830629 -1.54860505999467 0 0 -0.044609132243604 
2.85401682280935 -9.6165230449366 2.13387962721003 -10.3638491455297 0 12.7497409259201 2.82187173304701 19.0058825253536 2.06952411451821 0 15.2766814170762 0.595608745978963 0 0 0.860422585560206 0 0.79409043040317 0 0.0348374208783905 1.55277195365763 0.591217487878733 -17.9936584914074 13.8948257145913 5.43270056668329 0 15.718997639799 3.13085404973517 13.0460968488111 0 18.4724600017641 -4.22133633644382 -1.77381643269854 0 -0.230153424074013 2.26721421987154 0.368912837034516 -1.81739824908664 -1.54860505999467 0.855582403072893 1.74054222448754 -0.044609132243604 
1.57142565333233 -9.6165230449366 0 0 -0.345942022742677 -1.1907745415069 3.82697485749469 12.7032875608202 18.1124276659044 0 14.3290552097974 0.595608745978963 0.386276332701685 0 0.586827653109481 0.850268123848489 0.867401597927046 0 1.32666692572025 -0.263169920194508 0.594697144159441 0 0 0 -13.1164008998854 -6.55867586217759 18.96162224494 19.4777762421769 0 2.7954618366414 13.5468737937263 1.97945172897515 0 -0.667678957184627 0 0.518661023359122 2.29791148500885 -1.46783191220268 0.160673894062952 0 0 
1.57142565333233 -9.6165230449366 3.94357362014408 3.97482614218016 0 0 3.84524594240135 19.0058825253536 2.06952411451821 5.85671568562124 14.3290552097974 0.595608745978963 0 0 0.860422585560206 0.495501579947538 0 0 0.0348374208783905 1.36826732259629 0.594697144159441 4.51637977013196 13.8948257145913 5.43270056668329 0 10.4952098105546 0 18.0625698732969 19.3847518097305 18.4724600017641 17.4242149374561 -0.874160631966852 0 -0.230153424074013 2.26721421987154 0 -1.81739824908664 -1.02107509152082 0.581065051635292 1.74054222448754 0 
2.56841277967297 -15.1649440523074 0.300283280480785 -10.3638491455297 0 21.2687917057279 3.84524594240135 -0.0771754043536146 19.3124487819674 2.84413004202961 -4.84609227548171 -0.667015781936709 0.099748652242007 0 0.860422585560206 0.366502849043581 0 1.78570482816813 1.21922591098548 0.88817023583137 -0.555537694387854 4.51637977013196 0 4.4710669780481 9.08221915638178 10.4952098105546 17.6326684363338 17.3993106021543 0 -18.8818193501243 12.1851239914937 -0.874160631966852 0 -0.676888563985419 -0.0593000749029685 0 1.46405320403355 -1.70862130471907 0.249457139638 -1.56857905900505 0.892010547636082 
1.57142565333233 -9.6165230449366 1.27554064804015 0 17.4451060860628 4.34418694702638 2.44386011848406 12.7032875608202 0.0801325910399354 0 -4.84609227548171 0.595608745978963 0.75899016615422 0 1.76842868596708 0.421578126978864 -2.24025220782508 0 0.45396995378843 0 -0.555537694387854 4.51637977013196 0.00863527879521031 3.03479331062864 -13.1164008998854 -6.55867586217759 0 19.4777762421769 16.4491815529527 19.160583510022 17.4242149374561 -0.874160631966852 1.82786254390509 0.190159802767522 0 0.518661023359122 -1.81739824908664 -1.46783191220268 0.715210319969435 1.74054222448754 0.878282871506309 
1.57142565333233 -19.6061065236368 3.94357362014408 3.97482614218016 13.434979332278 17.3482750343849 0 2.77723446617705 0 5.85671568562124 14.3290552097974 -0.699111080644238 0 0 2.32783074833352 0 0 -0.0900088604958769 -0.263255857053798 1.36826732259629 0.594697144159441 4.51637977013196 0 0.58477505190986 8.11114053386782 13.0024174940784 12.2307142113478 4.87944621819977 17.749957399047 7.65148613958223 0 -0.874160631966852 0 -0.960433059218541 0.566886543094593 1.06894400299943 -1.40987321520684 0 0 0 -0.044609132243604 
1.57142565333233 -15.1649440523074 3.94357362014408 8.0834817620383 0 12.7497409259201 3.84524594240135 19.0058825253536 19.3124487819674 0 14.3290552097974 -0.667015781936709 0 0.516109605541504 0.860422585560206 0 0 0 1.21922591098548 0 0.594697144159441 4.51637977013196 13.8948257145913 4.4710669780481 0 10.4952098105546 20.4858299084407 13.0460968488111 19.3847518097305 -18.8818193501243 9.71817587954838 -0.874160631966852 0.154148438924061 -0.676888563985419 0 0 2.16036358673142 -1.54860505999467 0.581065051635292 -1.56857905900505 0.288980994852717 
0.748595936178965 -9.6165230449366 5.98707973304534 -10.3638491455297 13.434979332278 4.34418694702638 3.54692570788177 2.77723446617705 18.1124276659044 0 18.0017163031743 0.595608745978963 0.446507904886505 0 2.32783074833352 0.421578126978864 -2.24025220782508 -0.0900088604958769 1.32666692572025 0 0.594697144159441 -14.0345761273217 0 0 0 10.4952098105546 -0.273186696634249 19.4777762421769 16.4491815529527 7.65148613958223 -4.22133633644382 0.928346362155092 0 -0.30580772753144 2.26721421987154 0 -2.37182333732574 -1.46783191220268 0.715210319969435 0 -0.044609132243604 
1.57142565333233 -9.6165230449366 5.98707973304534 -10.3638491455297 13.434979332278 0 2.48400578248967 12.7032875608202 18.1124276659044 0 18.0017163031743 0.595608745978963 0.446507904886505 0 2.32783074833352 0.495501579947538 0.487619732766235 0 1.32666692572025 0 0.594697144159441 19.3964187352901 0 0 8.11114053386782 15.718997639799 12.2307142113478 0 16.8897912313416 0 -4.22133633644382 0 0 -0.30580772753144 0.566886543094593 0.368912837034516 -1.40987321520684 1.44560278740041 0.581065051635292 0 -0.044609132243604 
0 -8.20008195107807 3.94357362014408 -10.3638491455297 7.54104370602455 -4.35318464210871 -4.17879500686135 19.0058825253536 0 0 18.0017163031743 0.792767073443517 0 0 0 0.365568171784081 0 0 -0.182365577957763 1.55277195365763 0.594697144159441 1.31910583387087 -17.7299109090725 0 10.6418154251956 -9.76951725295257 0 13.0460968488111 16.1367461253594 2.7954618366414 0 -0.566959065248705 0 -0.667678957184627 0 -1.64466012438976 -1.81739824908664 -1.54860505999467 0 0 -0.044609132243604 
1.57142565333233 -9.6165230449366 0 0 17.4451060860628 -1.1907745415069 3.84524594240135 12.7032875608202 0.0801325910399354 0 14.3290552097974 0.595608745978963 0 0 1.76842868596708 0.850268123848489 0 0 0.45396995378843 0 0.594697144159441 0 19.1401366461255 3.03479331062864 0 12.1249469350674 0 17.3993106021543 0 7.65148613958223 0 1.97945172897515 0.716161487901658 0.190159802767522 2.26721421987154 -0.497617420119987 -1.81739824908664 -1.70862130471907 0.160673894062952 0 -0.044609132243604 
0 -9.6165230449366 0 0 7.54104370602455 10.9007613850295 6.27512997201417 -0.0771754043536146 0 -0.359184609870047 -3.85805197474922 0.595608745978963 0 1.47072999340982 0 0.28542784632902 -0.807758159776106 1.78570482816813 0 0.763075787552202 -0.758736376421869 17.0922148214151 0 0 10.6418154251956 -0.229985965522931 -1.67387766611012 -2.05287800014619 10.0467394912833 1.75867701375795 14.6970866480596 0 0 -0.30580772753144 0 0 -1.35672851879929 -1.9524874333071 -0.00272511171769591 0.031732575051362 1.47695366060685 
1.57142565333233 -19.6061065236368 0.733153074110463 0 20.8182331218702 0 3.84524594240135 -0.0771754043536146 0.0801325910399354 0 -4.84609227548171 -0.699111080644238 -0.259543087668504 0 1.59190538412514 0.495501579947538 0 1.78570482816813 0.45396995378843 1.55277195365763 -0.555537694387854 -10.7386995284766 13.8948257145913 0 0 14.9860957893478 0 19.4777762421769 18.714143437666 0 12.1851239914937 -0.523611902149213 -0.345340259049712 -0.30580772753144 0 0 -1.81739824908664 -1.46783191220268 0.898857128293653 -0.462485380686114 0.892010547636082 
1.57142565333233 -19.6061065236368 2.13387962721003 0 17.4451060860628 0 3.84524594240135 2.77723446617705 2.06952411451821 5.85671568562124 -14.2017478096307 -0.699111080644238 0 0 1.76842868596708 0.495501579947538 0 -0.0900088604958769 0.0348374208783905 1.36826732259629 0 -7.97975425980042 19.1401366461255 -3.84543605327859 9.08221915638178 10.4952098105546 -11.2067888531866 -2.05287800014619 0 -1.55922105608472 0 0 0.716161487901658 -1.90735403723426 -0.0593000749029685 0 0.420474968077836 -1.9524874333071 0.249457139638 0.031732575051362 -0.044609132243604 
1.57142565333233 -8.04527746224556 0.733153074110463 3.23005655930846 17.4451060860628 17.3482750343849 2.48400578248967 2.77723446617705 18.1124276659044 5.85671568562124 14.3290552097974 0.200898502408945 -0.259543087668504 1.20186968389986 1.11915983826349 0 0.487619732766235 -0.0900088604958769 1.32666692572025 1.36826732259629 0.594697144159441 17.0922148214151 0 4.4710669780481 5.4091972417241 -12.5584815221645 2.78091521527661 0 16.1367461253594 19.160583510022 13.5468737937263 0 0 -0.676888563985419 0 -1.64466012438976 0 -0.699646122753455 0 1.74054222448754 0 
1.57142565333233 -8.20008195107807 3.94357362014408 15.6851160692447 0 0 5.79528363691423 19.0058825253536 0 0 -14.2017478096307 0.792767073443517 0 1.68346783317787 0.860422585560206 0.495501579947538 0.487619732766235 0 -0.182365577957763 1.55277195365763 0 -1.1384934429957 0 0 -17.7115514211876 10.4952098105546 -1.67387766611012 -2.05287800014619 16.1367461253594 4.67555759729611 12.1851239914937 0.503913633787964 0 -0.667678957184627 -1.52048759140097 0 -1.35672851879929 -1.9524874333071 0 0.113436269067897 0.892010547636082 
1.57142565333233 -19.6061065236368 0 3.23005655930846 17.4451060860628 21.2687917057279 10.3223563201364 19.0058825253536 0 0 14.3290552097974 -0.699111080644238 0 1.20186968389986 1.76842868596708 0.366502849043581 -0.354072984398377 0 -0.263255857053798 0 0.594697144159441 0 0 -3.84543605327859 0 9.15302979003313 17.6326684363338 11.7135385842126 0 19.160583510022 12.1851239914937 0 0 -1.90735403723426 2.40305895908878 1.42427737332614 1.46405320403355 -1.0195713002093 0.249457139638 1.74054222448754 0.892010547636082 
0 -9.6165230449366 2.13387962721003 0 0 0 3.84524594240135 19.0058825253536 0.0801325910399354 0 -14.2017478096307 0.595608745978963 0 0 0.860422585560206 0.495501579947538 0 0 0.45396995378843 1.55277195365763 0 4.51637977013196 -17.7299109090725 -16.539486076934 0 14.9860957893478 0 18.0625698732969 19.3847518097305 0 0 -0.874160631966852 0 0 2.26721421987154 0 -1.81739824908664 -1.02107509152082 0.581065051635292 0 -0.044609132243604 
0.748595936178965 -9.6165230449366 5.98707973304534 3.97482614218016 20.8182331218702 16.8051631569886 0 2.77723446617705 18.1124276659044 0 -14.2017478096307 0.595608745978963 0.446507904886505 -0.413010549453558 1.59190538412514 0.102370749275373 1.01342390617981 -0.0900088604958769 1.32666692572025 -0.263169920194508 0 -17.9936584914074 19.1401366461255 0 -0.117941129239249 9.15302979003313 2.78091521527661 0 0 2.7954618366414 13.5468737937263 -1.77381643269854 0.716161487901658 -0.30580772753144 2.26721421987154 1.42427737332614 0 -0.699646122753455 0.249457139638 0 0 
