100
10
2.85401682280935 -9.6165230449366 2.13387962721003 -10.3638491455297 0 12.7497409259201 2.82187173304701 19.0058825253536 2.06952411451821 0 15.2766814170762 0.595608745978963 0 0 0.860422585560206 0 0.79409043040317 0 0.0348374208783905 1.55277195365763 0.591217487878733 -17.9936584914074 13.8948257145913 5.43270056668329 0 15.718997639799 3.13085404973517 13.0460968488111 0 18.4724600017641 -4.22133633644382 -1.77381643269854 0 -0.230153424074013 2.26721421987154 0.368912837034516 -1.81739824908664 -1.54860505999467 0.855582403072893 1.74054222448754 -0.044609132243604 
2.85401682280935 -9.6165230449366 7.30142838116802 0 0 0 2.82187173304701 12.7032875608202 1.18992964191825 -0.307268424195828 14.3290552097974 0.595608745978963 0.0356107136772995 -0.350463444455743 0.860422585560206 0.495501579947538 0.79409043040317 0 0.510160379144438 -0.560845573437794 0.594697144159441 17.8765355828575 19.5161355920677 4.75644002943599 -13.1164008998854 10.4952098105546 3.13085404973517 17.3993106021543 19.3847518097305 7.65148613958223 0 0.317181885650932 0.72311685530614 -0.388893530442796 0 0 -1.81739824908664 -1.70862130471907 0.581065051635292 0 -0.044609132243604 
2.85401682280935 -9.6165230449366 2.13387962721003 6.71250458781724 0 0 2.82187173304701 16.16365037142 2.06952411451821 0 15.2766814170762 0.595608745978963 0 0 0.860422585560206 0.495501579947538 0.79409043040317 0 0.0348374208783905 0 0.591217487878733 4.51637977013196 13.8948257145913 -1.05203276353517 0 10.4952098105546 18.96162224494 10.2228014886718 19.3847518097305 1.58678779503647 -4.22133633644382 -0.874160631966852 0 -0.653569538357467 2.26721421987154 0 2.29791148500885 -1.54860505999467 0.581065051635292 -0.462485380686114 -0.044609132243604 
2.8539132536181 -8.20008195107807 5.75512571609818 14.2524333333841 0.560331688663145 21.2687917057279 3.82697485749469 -1.26443329754492 19.9770825323309 2.84413004202961 14.3290552097974 1.09673194805939 0.75899016615422 0 0.860422585560206 -0.155102175090044 0.867401597927046 0.103233621894956 1.21922591098548 0.88817023583137 0.594697144159441 4.45314907918365 0 -5.22881116407402 -17.7115514211876 -21.5882046992836 18.96162224494 17.3993106021543 16.1866752375554 18.4724600017641 9.71817587954838 -0.474160196829662 0 -0.667678957184627 -1.52048759140097 -0.672353881924578 2.29791148500885 -1.70862130471907 0.581065051635292 1.74054222448754 0.892010547636082 
0 -9.64796576823479 5.75512571609818 14.2524333333841 0 3.11781161430656 -1.31761275013798 -1.26443329754492 19.9770825323309 2.84413004202961 15.6424389308982 1.67088044249959 0.75899016615422 0 0.684997031141537 0.495501579947538 0.737540519022169 0.103233621894956 1.21922591098548 0.88817023583137 0.475366146138574 4.51637977013196 0 -5.22881116407402 -17.7115514211876 -21.5882046992836 18.96162224494 17.3993106021543 19.3847518097305 18.4724600017641 11.8826471342159 -0.874160631966852 0 -0.667678957184627 -1.52048759140097 -0.672353881924578 2.57854126267533 -1.70862130471907 0.581065051635292 1.74054222448754 0.892010547636082 
0 -9.6165230449366 7.30142838116802 0 7.54104370602455 0 2.82187173304701 12.6731360311961 1.18992964191825 -0.307268424195828 14.3290552097974 1.06768372467145 0.0356107136772995 1.47072999340982 0 0.495501579947538 0.79409043040317 0 -0.263255857053798 -0.560845573437794 0.594697144159441 17.8765355828575 19.5161355920677 4.75644002943599 -13.1164008998854 10.4952098105546 3.13085404973517 18.6946256643369 19.4022187426929 4.61628381703807 0 -0.229110303339134 0.72311685530614 -0.388893530442796 0 0.710659971046569 -1.81739824908664 -2.43359250894449 1.14097616412257 -0.546751117816545 -0.044609132243604 
2.85366681912642 -15.1649440523074 5.75512571609818 3.23005655930846 0 2.11716746118253 3.82697485749469 -0.0771754043536146 17.2247705823624 2.84413004202961 14.3290552097974 -0.667015781936709 0.75899016615422 1.20186968389986 0.860422585560206 0.455489467249946 0.867401597927046 1.78570482816813 1.21922591098548 0.88817023583137 1.23732567997059 4.51637977013196 -17.7299109090725 -5.22881116407402 0 -21.5882046992836 17.6326684363338 17.3993106021543 19.3847518097305 -18.8818193501243 17.0681211807617 -0.874160631966852 0 -0.667678957184627 2.26721421987154 -0.80953590087571 1.46405320403355 -1.70862130471907 0.581065051635292 -1.56857905900505 -0.0872464665943973 
0.748595936178965 -11.9518320115059 5.75512571609818 14.2524333333841 4.55314261757449 21.2687917057279 3.84524594240135 -0.0771754043536146 18.1124276659044 0 -4.84609227548171 -0.848762750117463 0.75899016615422 0.557846121330674 1.59397134224138 0.366502849043581 0 1.78570482816813 1.32666692572025 1.55277195365763 -0.555537694387854 4.51637977013196 -1.87978522269045 1.07730470631612 -2.09385935305332 12.2200231809728 17.6326684363338 17.3993106021543 16.2473004009562 7.65148613958223 12.1851239914937 -1.06020367603759 -0.23258512202305 -0.951575753493968 1.78330288695325 0 1.46405320403355 -1.70862130471907 0.461214881078906 0.627150817041821 0.892010547636082 
0 -13.1362548815721 2.13387962721003 0.0613517483050711 0 21.2687917057279 4.25200866411999 12.7032875608202 2.06952411451821 0 14.3290552097974 0.957081824111325 0 -0.237615728470318 1.39766068347621 0.366502849043581 0.470866038091884 0 0.0348374208783905 0 0.594697144159441 2.5449926694599 -17.7299109090725 0 10.5557409869301 14.9860957893478 14.255302319585 11.736142372124 0 11.2722498214674 9.71817587954838 -0.637190314120236 0 -0.30580772753144 -0.0593000749029685 0 1.62074760781636 -2.01234856421703 0.249457139638 0.796011826021602 0.288980994852717 
2.85251322763588 -7.63946444598933 2.13387962721003 6.71250458781724 7.34606078842006 0 3.84524594240135 15.8927855005454 7.17129616400753 0 14.3290552097974 1.01640145159159 0 0 0.76188256395137 0.495501579947538 0 0.032354881378056 1.27771223947765 0 0.594697144159441 4.51637977013196 0 5.43270056668329 -17.4379540257333 10.4952098105546 18.96162224494 17.4294767988517 0 1.58678779503647 0 -0.874160631966852 0 -0.230153424074013 -1.82784736913994 0 2.29791148500885 -2.41563207911124 0.249457139638 -0.462485380686114 -0.044609132243604 
2.85251322763588 -7.63946444598933 7.30142838116802 14.2524333333841 7.34606078842006 0.797857418375955 3.84524594240135 13.3852330933256 7.17129616400753 0.593786861115967 14.3290552097974 1.01640145159159 0.0356107136772995 0 0.76188256395137 -0.0635586921049089 0 0.00994011856147093 1.27771223947765 -0.151926722378436 0.594697144159441 4.51637977013196 13.8948257145913 5.43270056668329 -17.4379540257333 8.48906633264342 13.4998314276337 15.3693023355535 0 -1.99247721675433 0 -0.874160631966852 -0.345340259049712 -0.230153424074013 -1.82784736913994 0 0.831472883835189 -2.39877426929715 0.249457139638 -0.418065901565396 -0.044609132243604 
2.85206656194692 -9.6165230449366 3.94357362014408 14.2524333333841 3.39300922252844 17.7051188946725 15.6554774553541 -0.0771754043536146 18.1124276659044 0 15.2766814170762 0.595608745978963 0 0.557846121330674 1.48790800912208 0.366502849043581 -0.475882462382262 1.78570482816813 1.32666692572025 -0.14839243321139 0.591217487878733 4.51637977013196 -1.87978522269045 0.58477505190986 -13.1164008998854 -18.7414049910109 1.24519768417589 19.4777762421769 16.2473004009562 -0.430134157384808 12.1851239914937 -0.874160631966852 -0.23258512202305 -0.960433059218541 0 0.0703606859223734 -2.41878447859026 -1.46783191220268 0.461214881078906 0.102783863201171 0.892010547636082 
1.57142565333233 -9.6165230449366 3.94357362014408 14.2524333333841 3.39300922252844 17.7051188946725 15.6554774553541 -0.0771754043536146 18.1124276659044 0 11.6703252583604 0.595608745978963 0 0.557846121330674 1.87021398749212 0.366502849043581 -0.475882462382262 1.78570482816813 1.32666692572025 0 -0.163759610799029 4.51637977013196 -1.87978522269045 0.58477505190986 -15.4034501972159 -18.7414049910109 1.24519768417589 19.4777762421769 16.2473004009562 0 15.4001649952262 -0.874160631966852 -0.23258512202305 -0.960433059218541 -0.0759380316156605 0.0703606859223734 -2.41878447859026 -1.46783191220268 0.461214881078906 -0.462485380686114 1.36559249918703 
2.85154247632257 -15.1649440523074 2.65785999801376 3.23005655930846 0 11.3777709698434 3.82697485749469 -0.0771754043536146 19.9770825323309 2.84413004202961 -4.84609227548171 -0.667015781936709 1.51706056500183 1.20186968389986 0.860422585560206 0.366502849043581 0.867401597927046 1.78570482816813 1.21922591098548 0.88817023583137 -0.30158478555809 4.51637977013196 -17.7299109090725 -16.539486076934 0 14.2060071027866 17.6326684363338 17.3993106021543 10.0467394912833 -18.8818193501243 17.4242149374561 -0.874160631966852 0.0310912653948605 0 2.26721421987154 -0.601238451824169 1.46405320403355 -1.70862130471907 -0.00272511171769591 -1.56857905900505 -0.509900116939051 
2.70970140689894 -15.9499448808841 3.19567573822368 3.23005655930846 9.92576415565599 21.2687917057279 10.3223563201364 -0.0771754043536146 22.3340620832211 0 14.3290552097974 -1.10527797925066 0.75899016615422 1.20186968389986 -1.67991403906602 0.366502849043581 -1.13087172879412 1.78570482816813 1.31061227878119 1.456729500078 0.42169452054505 4.41871986287586 0 0 11.1467071403268 10.4952098105546 16.3861564027547 17.3993106021543 7.54197774023841 -18.8818193501243 9.71817587954838 -1.13230030413358 -0.37509373790356 -0.667678957184627 0.106590449701338 0 0.478257727263616 -1.70862130471907 -0.00272511171769591 -1.56857905900505 0.892010547636082 
2.70970140689894 -19.6061065236368 3.19567573822368 3.23005655930846 9.92576415565599 21.2687917057279 10.3223563201364 -0.0771754043536146 22.3340620832211 0 14.3290552097974 -0.699111080644238 0.75899016615422 1.20186968389986 -1.8872255875297 0.366502849043581 -0.4685893375094 1.78570482816813 1.31061227878119 1.456729500078 0.42169452054505 0 0 0 0.780586560108041 -21.5882046992836 14.7024857542023 17.3993106021543 7.54197774023841 -18.8818193501243 9.71817587954838 1.97945172897515 0 -0.667678957184627 0.757044663465137 -0.672353881924578 1.21376743829053 -1.70862130471907 -0.00272511171769591 -1.56857905900505 0.892010547636082 
2.57036047570913 -19.6061065236368 5.75512571609818 3.23005655930846 0 21.2687917057279 3.82697485749469 -0.0771754043536146 20.0620747060338 0 14.3290552097974 -0.699111080644238 0.75899016615422 1.20186968389986 0.860422585560206 -0.155102175090044 0.867401597927046 1.78570482816813 1.23511853673268 1.456729500078 0.42169452054505 4.41871986287586 0 0 5.4091972417241 -21.5882046992836 18.96162224494 17.3993106021543 11.1529800113072 -18.8818193501243 9.71817587954838 -1.13230030413358 -0.0822749015420093 -0.667678957184627 -0.493103477458052 -1.3695590271985 2.29791148500885 -1.70862130471907 -0.00272511171769591 -1.56857905900505 0.892010547636082 
2.56819821463191 -9.6165230449366 -12.6065675134801 6.8892493603701 7.54104370602455 0 3.84524594240135 12.7032875608202 1.18992964191825 -0.307268424195828 15.2766814170762 0.595608745978963 0 0.0225622804661107 0 0.495501579947538 0 0 -0.263255857053798 -0.560845573437794 0.591217487878733 4.51637977013196 19.5161355920677 1.97955692830941 -13.1164008998854 10.4952098105546 17.6326684363338 17.3993106021543 19.4022187426929 7.65148613958223 12.1851239914937 -0.874160631966852 0.72311685530614 -0.794477282801865 0 0.710659971046569 1.46405320403355 -1.70862130471907 1.14097616412257 0.627150817041821 0.892010547636082 
2.57225002648302 -19.6061065236368 7.29248250422184 -2.64826294167352 -0.345942022742677 0 3.84524594240135 -0.768191344718538 0.0801325910399354 -0.173089663974517 14.3290552097974 -0.699111080644238 0.493731254899749 -0.550279709692243 0.586827653109481 0.495501579947538 0.551798150181676 0.944668250719397 0.45396995378843 -0.0716119144864436 0.594697144159441 4.51637977013196 13.8948257145913 -0.88051125410968 0 14.9860957893478 17.6326684363338 17.3993106021543 0 1.01287162700336 9.71817587954838 -0.874160631966852 0 0.485777144919046 0 0 1.46405320403355 -1.70862130471907 0.855582403072893 -1.13195885704456 0.288980994852717 
2.571571100989 -8.20008195107807 -12.6065675134801 14.2524333333841 3.97740714905197 0 3.84524594240135 14.3219155197134 8.71017002361369 0 14.3290552097974 1.09673194805939 0 0 -0.334902758898634 0.495501579947538 0 -0.582755150498243 1.27771223947765 1.01454909248955 0.594697144159441 4.51637977013196 -1.87978522269045 0.546975062460161 -13.5787592957163 -9.44131235542768 20.4858299084407 19.4777762421769 16.2473004009562 7.65148613958223 17.4242149374561 -0.874160631966852 -0.23258512202305 -0.794477282801865 0.741418831498091 -1.64466012438976 2.16036358673142 -1.46783191220268 0.417506059793525 0.627150817041821 0 
2.571571100989 -8.20008195107807 -11.5656656547522 14.2524333333841 -2.80236759679502 1.6904822148804 7.63315461414547 14.5375842109032 8.71017002361369 0 14.3290552097974 1.09673194805939 -0.056031886057943 0 0.270073072374833 0.495501579947538 0.0317848022243869 -1.17270232945341 1.27771223947765 1.55277195365763 0.594697144159441 4.51637977013196 1.66358138861301 0.546975062460161 -14.3428558916519 -9.44131235542768 17.0885945665131 16.5313328005985 16.2473004009562 7.65148613958223 17.4242149374561 -0.874160631966852 -0.842592595882058 -0.794477282801865 0.335774360576539 -1.90298209483874 2.16036358673142 -2.15866238031474 0.417506059793525 0.627150817041821 0 
2.57036047570913 -9.6165230449366 7.30142838116802 1.40910596987657 0 0 3.84524594240135 12.7032875608202 2.12906983419278 -1.30705781563048 14.3290552097974 0.595608745978963 0.0356107136772995 0 0.149359558964781 0.577306153405135 0 0 0.329050810983894 -0.602422650294575 0.594697144159441 4.51637977013196 -17.7299109090725 5.43270056668329 0 10.4952098105546 17.6326684363338 17.3993106021543 -0.931372601716487 0 17.4242149374561 -0.874160631966852 0 -0.230153424074013 2.26721421987154 0 1.46405320403355 -1.70862130471907 0.759239420685563 -0.462485380686114 0 
2.56988634506748 -20.360848803637 4.75203345455324 1.08469953911132 -0.345942022742677 0 3.84524594240135 -0.768191344718538 0.0801325910399354 -1.43331623281507 14.3290552097974 -1.34688545654848 0.493731254899749 0.383975242461998 0.586827653109481 0.495501579947538 0.551798150181676 0.944668250719397 0.45396995378843 -0.457638841302897 0.594697144159441 2.7238626101631 5.09788871437678 0 0 14.9860957893478 -1.10360574545507 17.3993106021543 19.3847518097305 -2.60672700985182 9.71817587954838 -1.4999994316604 -0.324134089557516 -0.744218633945202 0 0 -1.07999967299402 -1.70862130471907 0.581065051635292 -0.590272705508523 0.288980994852717 
1.57142565333233 -9.6165230449366 3.94357362014408 8.0834817620383 17.4451060860628 17.7051188946725 3.84524594240135 -0.0771754043536146 14.9360183285717 0 15.2766814170762 0.595608745978963 0 0.516109605541504 1.11915983826349 0.366502849043581 0 1.78570482816813 1.51028409438687 1.55277195365763 0.086829245056412 7.68102710548836 -17.7299109090725 0.546975062460161 0 -9.44131235542768 17.6326684363338 17.3993106021543 20.1526189096284 -18.8818193501243 11.6100198067771 -0.23366677472073 0 -0.794477282801865 0 -1.64466012438976 1.46405320403355 -1.70862130471907 0.846400391485728 -1.56857905900505 0.892010547636082 
0 -9.78371908857195 3.19298926330776 8.0834817620383 17.4451060860628 17.7051188946725 3.84524594240135 -0.0771754043536146 19.9770825323309 0 14.3290552097974 0.595608745978963 0 0.516109605541504 1.11915983826349 0.366502849043581 -0.296902272145684 1.92025564681751 1.21922591098548 1.55277195365763 0.594697144159441 7.68102710548836 -15.0430522985026 0.58477505190986 0 7.20691330647418 17.6326684363338 -1.04007013903003 16.2473004009562 -18.8818193501243 17.4242149374561 -0.23366677472073 0.777818305035037 -0.960433059218541 0 -0.221321241404545 1.02819702539043 -0.541557176551575 0.461214881078906 -1.56857905900505 0 
2.57036047570913 -19.6061065236368 5.75512571609818 9.42374222859449 0 21.2687917057279 2.82187173304701 -0.0771754043536146 19.9770825323309 5.2824564804707 0.00548789510758961 0.0538649596059065 0.75899016615422 0.463062130279402 0.860422585560206 0.366502849043581 0.79409043040317 1.78570482816813 1.21922591098548 0.88817023583137 0.252594015711264 4.52168711396944 0 0.762630323512774 9.08221915638178 10.4952098105546 18.96162224494 -2.05287800014619 19.3847518097305 -18.8818193501243 5.20655095102571 -1.31971142822863 0 -0.35486993205029 -0.0593000749029685 0 2.29791148500885 -1.9524874333071 0.581065051635292 -1.56857905900505 0.421053572102009 
2.57036047570913 -9.6165230449366 2.58565082428309 14.2524333333841 0.0724695343396019 6.79329176537846 3.82697485749469 -0.0771754043536146 19.9770825323309 0 14.3290552097974 0.595608745978963 -0.128657611714982 0.557846121330674 1.48790800912208 0.165578066150461 0.867401597927046 1.78570482816813 1.21922591098548 1.17758372275978 0.594697144159441 4.51637977013196 -1.87978522269045 0.546975062460161 -17.7115514211876 -9.44131235542768 16.6679209721358 17.3993106021543 0 2.7954618366414 12.1851239914937 -0.874160631966852 0.346731502901172 -0.794477282801865 -1.52048759140097 -2.42243965210972 1.89857760578793 -1.70862130471907 0.0967945445733119 -0.455247693348326 0.892010547636082 
2.56914921254709 -9.6165230449366 2.13387962721003 6.71250458781724 0 0 0.940511759040185 -0.0771754043536146 19.9770825323309 0 15.2766814170762 0.595608745978963 0 0 0.860422585560206 0.495501579947538 0.79409043040317 1.78570482816813 1.21922591098548 0 0.591217487878733 0 0 -1.05203276353517 -3.21213010103075 10.4952098105546 18.3263964258257 10.2228014886718 19.3847518097305 1.58678779503647 9.71817587954838 1.97945172897515 0 -0.653569538357467 1.80799649540707 0 2.29791148500885 -1.54860505999467 0.581065051635292 -0.462485380686114 0.892010547636082 
2.56988634506748 -19.6061065236368 5.75512571609818 8.0834817620383 0 1.09228262307229 2.82187173304701 -0.0771754043536146 18.1124276659044 -3.50348348256828 -4.84609227548171 -0.699111080644238 0.75899016615422 0.516109605541504 0.860422585560206 1.14615855204228 0.79409043040317 1.78570482816813 1.32666692572025 -0.0927300444304617 -0.555537694387854 4.51637977013196 0 0.762630323512774 -17.7115514211876 10.4952098105546 2.62567526075322 -2.05287800014619 9.90086834183935 18.4724600017641 12.1851239914937 -0.874160631966852 0 -0.35486993205029 -1.52048759140097 0.544111050844244 -1.77855653046097 -1.9524874333071 0.63653811690702 1.74054222448754 0.892010547636082 
2.57036047570913 -9.6165230449366 5.75512571609818 3.23005655930846 -3.84526293526649 21.2687917057279 15.0788702420326 -0.0771754043536146 19.9770825323309 -0.0698750087152584 -0.247605343464578 0.595608745978963 0.75899016615422 1.20186968389986 0.149169282824346 -0.155102175090044 0.23761765325331 1.78570482816813 1.21922591098548 -0.263169920194508 -0.691457366464407 4.51637977013196 0.944683132830394 -2.8712082465278 5.4091972417241 -18.7414049910109 0 17.3993106021543 10.0467394912833 5.25630659105084 13.5468737937263 -0.874160631966852 0.705865813962121 -0.667678957184627 -0.493103477458052 0.0703606859223734 -1.81739824908664 -1.70862130471907 -0.00272511171769591 0.966352758899495 -0.390935229217138 
2.57014966626553 -19.9408373859668 3.19567573822368 10.9122204285638 5.51742845897909 21.2687917057279 3.84524594240135 -0.0771754043536146 19.9770825323309 1.83768806752641 14.3290552097974 -0.0292266572449481 0.75899016615422 -0.0821727255928202 1.40742201549347 0.366502849043581 0 1.78570482816813 1.21922591098548 0.695830386884432 0.42169452054505 -7.70568800093871 -0.749227824504128 4.4710669780481 0 10.4952098105546 17.6326684363338 17.3993106021543 10.0467394912833 -17.595429010594 9.71817587954838 0 -0.420737923225732 -0.676888563985419 0 0 1.46405320403355 -1.70862130471907 -0.00272511171769591 -1.56857905900505 0.892010547636082 
1.57142565333233 -15.1649440523074 5.75512571609818 3.58377614448954 0 17.3482750343849 3.82697485749469 -0.0771754043536146 19.9770825323309 2.84413004202961 15.2766814170762 -0.667015781936709 0.75899016615422 1.45442658161485 0.860422585560206 0 0.867401597927046 1.78570482816813 1.21922591098548 0.88817023583137 0.591217487878733 4.51637977013196 -1.87978522269045 -1.78444529317061 -13.1164008998854 10.4952098105546 17.6326684363338 17.3993106021543 22.2941399634788 7.65148613958223 17.4242149374561 -0.874160631966852 -0.23258512202305 -0.397282630236486 0 0 1.46405320403355 -1.70862130471907 0.202662050725269 0.627150817041821 -0.509900116939051 
1.57142565333233 -9.6165230449366 5.75512571609818 8.0834817620383 0 17.3482750343849 3.84524594240135 -0.681672254755009 17.0022688350185 5.2824564804707 15.2766814170762 0.595608745978963 0.75899016615422 0.516109605541504 0.860422585560206 0 0 1.24439924929496 1.21922591098548 0.88817023583137 0.591217487878733 4.51637977013196 -1.87978522269045 0.546975062460161 -13.1164008998854 10.4952098105546 17.6326684363338 16.1533538963429 20.1192461235771 7.65148613958223 12.1851239914937 -0.874160631966852 -0.23258512202305 -0.794477282801865 0 0 1.46405320403355 -1.70862130471907 0.202662050725269 0.627150817041821 0.892010547636082 
2.56946173303402 -19.6061065236368 8.90497230200794 3.23005655930846 0 21.2687917057279 3.82697485749469 -0.0771754043536146 19.9770825323309 5.50948026781412 14.3290552097974 -0.699111080644238 0.549152557686508 1.20186968389986 0.860422585560206 -0.155102175090044 0.867401597927046 1.78570482816813 1.21922591098548 1.0621589898235 0.42169452054505 0 0 -2.8712082465278 5.4091972417241 -21.5882046992836 18.96162224494 17.3993106021543 10.0467394912833 -22.6773594328097 9.71817587954838 1.97945172897515 -0.414059204889489 -0.667678957184627 -0.493103477458052 -1.3695590271985 2.29791148500885 -1.70862130471907 -0.00272511171769591 -0.837680171754994 0.892010547636082 
2.57036047570913 -9.6165230449366 -12.6065675134801 8.0834817620383 3.39300922252844 19.6889129806724 15.6554774553541 -0.0771754043536146 18.4196665497588 0 14.3290552097974 0.595608745978963 0 0.516109605541504 1.48790800912208 0.218225406752073 -0.475882462382262 1.78570482816813 1.21922591098548 0 0.594697144159441 1.9464675152425 -1.87978522269045 0.58477505190986 -13.1164008998854 7.20691330647418 1.24519768417589 19.4777762421769 4.43233030682072 0 17.4242149374561 -0.321095442735169 -0.23258512202305 -0.960433059218541 0 0.270258940993929 -2.41878447859026 -1.46783191220268 0.68044909717536 -0.462485380686114 0 
0 -19.6061065236368 5.75512571609818 3.23005655930846 0 21.2687917057279 10.3223563201364 -0.0771754043536146 22.7057409077677 2.84413004202961 14.3290552097974 -0.699111080644238 0.75899016615422 1.20186968389986 0.860422585560206 0.366502849043581 -0.4685893375094 1.78570482816813 0.989250673022704 0.88817023583137 0.42169452054505 0 0 -2.8712082465278 0 10.4952098105546 14.7024857542023 17.3993106021543 7.54197774023841 -18.8818193501243 9.71817587954838 1.97945172897515 -0.37509373790356 -0.399786077067156 0 0 1.21376743829053 -1.70862130471907 -0.354933112582626 -1.56857905900505 0.892010547636082 
2.85282505739307 -9.6165230449366 2.8344479789885 14.2524333333841 0 3.22595562870892 -4.17879500686135 -0.0771754043536146 10.8199533856101 0.617433711987656 14.3290552097974 0.595608745978963 1.6489678213368 0 0.828666320130539 0.507067203850982 0 1.78570482816813 1.27771223947765 -0.263169920194508 0.187966907856971 4.51637977013196 -1.39660551098483 4.4710669780481 -13.1164008998854 -6.29944497058142 20.4858299084407 19.4777762421769 17.6076137760457 7.65148613958223 16.3208481596414 -0.874160631966852 -0.936698768095439 -0.676888563985419 0 -1.17319025289882 2.16036358673142 -1.46783191220268 0.461214881078906 0.627150817041821 -0.85473623539076 
1.57142565333233 -9.6165230449366 -12.6065675134801 4.05220477541546 3.39300922252844 17.3482750343849 3.84524594240135 -2.90224147150397 19.3124487819674 -1.90690950742313 14.3290552097974 0.595608745978963 0 -0.237615728470318 1.48790800912208 0 0 1.1589896075516 1.21922591098548 -0.901204284895772 0.594697144159441 4.51637977013196 -1.87978522269045 -16.539486076934 -13.1164008998854 7.20691330647418 17.6326684363338 11.736142372124 16.2473004009562 7.65148613958223 12.1851239914937 -0.874160631966852 -0.23258512202305 0 0 -0.221321241404545 1.46405320403355 -2.01234856421703 0.461214881078906 0.627150817041821 0.892010547636082 
2.57014966626553 -9.6165230449366 -12.6065675134801 4.05220477541546 3.39300922252844 17.3482750343849 3.84524594240135 -0.0771754043536146 19.3124487819674 1.67288945774682 14.3290552097974 0.595608745978963 0 -0.237615728470318 1.48790800912208 0 0 1.78570482816813 1.21922591098548 -0.126230486624982 0.594697144159441 4.51637977013196 -1.87978522269045 -16.539486076934 -13.1164008998854 7.20691330647418 17.6326684363338 11.736142372124 16.2473004009562 3.89367877249312 12.1851239914937 -0.874160631966852 -0.23258512202305 0 0 -0.221321241404545 1.46405320403355 -2.01234856421703 0.461214881078906 -0.0839662442654214 0.892010547636082 
2.57014966626553 -9.6165230449366 5.75512571609818 3.23005655930846 0 18.9134139843348 -1.31761275013798 -0.0771754043536146 19.9770825323309 -0.0698750087152584 -0.247605343464578 0.595608745978963 0.75899016615422 1.20186968389986 0.684997031141537 -0.672782602809734 0.737540519022169 1.78570482816813 1.21922591098548 -0.263169920194508 -0.691457366464407 4.51637977013196 0 -5.22881116407402 5.4091972417241 -18.7414049910109 0 17.3993106021543 19.3847518097305 2.7954618366414 9.71817587954838 -0.874160631966852 0 -0.667678957184627 -0.493103477458052 0.0703606859223734 -1.81739824908664 -1.70862130471907 0.581065051635292 0.256481619731747 0.892010547636082 
2.57009741187275 -8.20008195107807 -13.1939307852853 -1.87600797611568 9.0056994075215 3.11781161430656 -7.06128209718097 1.73030284407097 13.9025432355248 0.617433711987656 18.0017163031743 1.09673194805939 -0.539393036509581 0 -0.619922678596304 0.495501579947538 0 -0.612077079500107 1.11344635326576 -0.263169920194508 0.594697144159441 1.6179865369657 15.9200203152699 -13.8402736158298 7.11130042519015 15.718997639799 -5.57841645152234 15.8907709634354 15.8810176175931 1.56924623175023 -2.44195183666514 2.41127853459272 -0.322572452990605 0.703095850154337 -0.263426238784299 0.336617152931456 -1.81739824908664 -2.1462855056982 1.26602399913409 0 -0.044609132243604 
2.57009741187275 -9.6165230449366 2.13387962721003 8.0834817620383 0 0 3.82697485749469 -0.0771754043536146 19.9770825323309 0 14.3290552097974 0.595608745978963 0 0.516109605541504 0.860422585560206 0.495501579947538 0.867401597927046 1.78570482816813 1.21922591098548 0 0.42169452054505 0 0 -1.05203276353517 -3.21213010103075 10.4952098105546 16.6679209721358 17.3993106021543 19.3847518097305 1.58678779503647 12.1851239914937 1.97945172897515 -0.498350015421561 -0.653569538357467 1.80799649540707 0 1.89857760578793 -1.70862130471907 0.581065051635292 -0.462485380686114 0.892010547636082 
0 -19.6061065236368 7.29248250422184 10.9122204285638 -2.39418781134029 21.2687917057279 3.84524594240135 -0.0771754043536146 19.9770825323309 2.84413004202961 14.3290552097974 -0.699111080644238 0.493731254899749 -0.0821727255928202 1.43535901748359 0.366502849043581 0.551798150181676 1.78570482816813 1.21922591098548 0.88817023583137 0.594697144159441 0 0 0 0 -21.5882046992836 -1.10360574545507 17.3993106021543 16.3056339526808 -18.8818193501243 9.71817587954838 1.97945172897515 0 -0.667678957184627 0 -0.672353881924578 -1.07999967299402 -1.70862130471907 0.581065051635292 -1.56857905900505 0.288980994852717 
0 -19.6061065236368 5.15372766144747 8.0834817620383 -3.84526293526649 21.2687917057279 15.0788702420326 -0.0771754043536146 19.9770825323309 2.84413004202961 -0.247605343464578 -0.699111080644238 0.458565329782928 0.516109605541504 0.149169282824346 -0.155102175090044 0.23761765325331 2.24671480168901 1.21922591098548 0.88817023583137 -0.691457366464407 0 0.944683132830394 -2.8712082465278 5.4091972417241 -18.7414049910109 18.96162224494 19.1932869338865 10.0467394912833 -18.8818193501243 9.71817587954838 1.97945172897515 0.705865813962121 -0.667678957184627 -0.493103477458052 0.0703606859223734 2.29791148500885 -1.70862130471907 -0.00272511171769591 -1.56857905900505 1.08447856767312 
2.57036047570913 -9.6165230449366 -16.1009588077203 8.0834817620383 3.39300922252844 21.2687917057279 15.0788702420326 -0.0771754043536146 19.9770825323309 -0.0698750087152584 14.3290552097974 0.595608745978963 0.646693115572768 0.516109605541504 1.48790800912208 -0.155102175090044 0.23761765325331 1.78570482816813 1.21922591098548 -0.263169920194508 0.594697144159441 4.51637977013196 0.944683132830394 0.58477505190986 -13.1164008998854 -18.7414049910109 1.24519768417589 17.3993106021543 10.0467394912833 0 13.5468737937263 -0.874160631966852 1.41387488699233 -0.960433059218541 0 0.0703606859223734 -2.41878447859026 -1.70862130471907 -0.00272511171769591 -0.462485380686114 -0.390935229217138 
2.56988634506748 -9.6165230449366 2.13387962721003 1.40910596987657 0 0 3.84524594240135 16.3652616844816 2.06952411451821 0 14.3290552097974 0.595608745978963 0 0 0.860422585560206 0.495501579947538 0 -0.90179970002817 0.0348374208783905 1.01454909248955 0.594697144159441 4.51637977013196 -17.7299109090725 -16.5850135650416 0 -9.44131235542768 17.6326684363338 19.8129305872661 16.2473004009562 7.65148613958223 17.4242149374561 -0.874160631966852 0 -0.0707014139139566 2.26721421987154 -1.64466012438976 1.46405320403355 -1.39532170068255 0.417506059793525 0.627150817041821 0 
2.56988634506748 -11.9518320115059 5.75512571609818 8.0834817620383 0 21.2687917057279 4.86737827666447 -0.0771754043536146 19.9770825323309 2.84413004202961 -4.84609227548171 -0.848762750117463 0.75899016615422 0.516109605541504 0.860422585560206 0.366502849043581 0 1.78570482816813 1.21922591098548 0.88817023583137 -0.555537694387854 4.51637977013196 -1.87978522269045 1.07730470631612 0 12.2200231809728 17.6326684363338 17.3993106021543 22.2941399634788 18.4724600017641 5.20655095102571 -1.06020367603759 -0.23258512202305 -0.951575753493968 2.26721421987154 0 -0.00347218213764555 -1.70862130471907 0.202662050725269 1.74054222448754 0.421053572102009 
2.56988634506748 -9.6165230449366 -12.6065675134801 6.71250458781724 0 21.2687917057279 3.84524594240135 -0.0771754043536146 19.9770825323309 5.2824564804707 15.2766814170762 0.595608745978963 0 0 0.860422585560206 0.366502849043581 0 1.78570482816813 1.21922591098548 0.88817023583137 0.591217487878733 4.51637977013196 -1.87978522269045 0.546975062460161 -13.1164008998854 10.4952098105546 18.96162224494 -2.05287800014619 16.2473004009562 -18.8818193501243 5.20655095102571 -0.874160631966852 -0.23258512202305 -0.794477282801865 0 0 2.29791148500885 -1.9524874333071 1.14196099509111 -1.56857905900505 0.421053572102009 
2.56988634506748 -19.6061065236368 5.75512571609818 8.0834817620383 -0.345942022742677 0 3.84524594240135 -0.0771754043536146 19.9770825323309 2.84413004202961 0.00548789510758961 -0.699111080644238 0.75899016615422 0.516109605541504 0.586827653109481 0.495501579947538 0.551798150181676 1.78570482816813 1.21922591098548 0.88817023583137 0.719785346272301 2.32480364606008 0 -2.8712082465278 0 14.9860957893478 18.96162224494 17.3993106021543 16.3056339526808 -18.8818193501243 9.71817587954838 1.38077378390393 0 -0.667678957184627 0 0 2.29791148500885 -1.70862130471907 0.581065051635292 -1.56857905900505 0.892010547636082 
2.56988634506748 -19.6061065236368 3.19298926330776 8.0834817620383 13.7380100106765 21.2687917057279 3.84524594240135 -0.0771754043536146 19.9770825323309 2.84413004202961 0.00548789510758961 -0.699111080644238 0 0.516109605541504 -1.47065965604533 0.366502849043581 0 1.78570482816813 1.21922591098548 0.88817023583137 0.252594015711264 7.68102710548836 -15.0430522985026 3.33307312516639 0 -21.5882046992836 17.6326684363338 0 16.2473004009562 -18.8818193501243 17.4242149374561 -0.23366677472073 0.777818305035037 -0.960433059218541 0 -0.672353881924578 1.46405320403355 -0.699646122753455 0.461214881078906 -1.56857905900505 0 
1.57142565333233 -19.6061065236368 7.29248250422184 10.9122204285638 0 12.7497409259201 2.82187173304701 19.0058825253536 19.9770825323309 2.84413004202961 15.2766814170762 -0.699111080644238 0.493731254899749 -0.0821727255928202 0.860422585560206 0 0.79409043040317 0 1.21922591098548 0.88817023583137 0.591217487878733 -17.9936584914074 13.8948257145913 0 0 15.718997639799 3.13085404973517 13.0460968488111 0 -18.8818193501243 9.71817587954838 -1.77381643269854 0 -0.667678957184627 2.26721421987154 0.368912837034516 -1.81739824908664 -1.54860505999467 0.855582403072893 -1.56857905900505 0.288980994852717 
2.85304364239642 -8.20008195107807 5.75512571609818 0 0 3.11781161430656 2.82187173304701 12.7032875608202 19.9770825323309 -0.307268424195828 14.3290552097974 1.09673194805939 0.75899016615422 -0.350463444455743 0.684997031141537 0.495501579947538 0.79409043040317 0 1.21922591098548 -0.560845573437794 0.594697144159441 17.8765355828575 19.5161355920677 -5.22881116407402 -13.1164008998854 10.4952098105546 18.96162224494 17.3993106021543 19.3847518097305 7.65148613958223 0 0.317181885650932 0.72311685530614 -0.667678957184627 0 0 2.57854126267533 -1.70862130471907 0.581065051635292 0 -0.044609132243604 
1.57142565333233 -9.6165230449366 5.75512571609818 6.71250458781724 0 21.2687917057279 3.84524594240135 16.16365037142 2.06952411451821 0 15.2766814170762 0.595608745978963 0.75899016615422 0 0.860422585560206 0.366502849043581 0 0 0.0348374208783905 0 0.591217487878733 4.51637977013196 13.8948257145913 -1.05203276353517 0 10.4952098105546 18.96162224494 10.2228014886718 22.2941399634788 18.4724600017641 5.20655095102571 -0.874160631966852 0 -0.653569538357467 2.26721421987154 0 2.29791148500885 -1.54860505999467 0.202662050725269 1.74054222448754 0.421053572102009 
1.57142565333233 -19.9408373859668 3.19567573822368 14.2524333333841 5.51742845897909 21.2687917057279 3.82697485749469 -1.26443329754492 19.9770825323309 2.84413004202961 14.3290552097974 -0.0292266572449481 0.75899016615422 0 1.40742201549347 0.366502849043581 0.867401597927046 0.103233621894956 1.21922591098548 0.88817023583137 0.594697144159441 -7.70568800093871 -0.749227824504128 -5.22881116407402 0 10.4952098105546 17.6326684363338 17.3993106021543 10.0467394912833 -18.8818193501243 9.71817587954838 0 -0.420737923225732 -0.667678957184627 0 0 1.46405320403355 -1.70862130471907 -0.00272511171769591 -1.56857905900505 0.892010547636082 
2.85380961187157 -8.20008195107807 5.75512571609818 14.2524333333841 0 21.2687917057279 3.84524594240135 -1.26443329754492 19.9770825323309 2.84413004202961 -4.84609227548171 1.09673194805939 0.75899016615422 0 0.684997031141537 0.366502849043581 0 0.103233621894956 1.21922591098548 0.88817023583137 -0.555537694387854 4.51637977013196 0 -5.22881116407402 -17.7115514211876 12.2200231809728 17.6326684363338 17.3993106021543 22.2941399634788 18.4724600017641 5.20655095102571 -0.874160631966852 0 -0.667678957184627 -1.52048759140097 0 0.713218044635476 -1.70862130471907 0.202662050725269 1.74054222448754 0.421053572102009 
2.5665477599918 -9.6165230449366 7.30142838116802 3.23005655930846 0 0 3.82697485749469 -0.0771754043536146 17.2247705823624 -0.307268424195828 14.3290552097974 0.595608745978963 0.0356107136772995 1.20186968389986 0.860422585560206 0.495501579947538 0.867401597927046 1.78570482816813 1.21922591098548 -0.560845573437794 1.23732567997059 4.51637977013196 -17.7299109090725 -5.22881116407402 0 -21.5882046992836 17.6326684363338 18.6946256643369 19.3847518097305 4.61628381703807 17.0681211807617 -0.874160631966852 0 -0.667678957184627 2.26721421987154 -0.672353881924578 1.46405320403355 -2.43359250894449 0.581065051635292 -0.546751117816545 -0.0872464665943973 
2.85360211041643 -15.1649440523074 3.19567573822368 3.23005655930846 9.92576415565599 3.11781161430656 3.82697485749469 -0.0771754043536146 22.3340620832211 2.84413004202961 14.3290552097974 -0.667015781936709 0.75899016615422 1.20186968389986 -1.67991403906602 0.495501579947538 0.867401597927046 1.78570482816813 1.31061227878119 0.88817023583137 0.42169452054505 0 -17.7299109090725 0 0 -21.5882046992836 14.7024857542023 17.3993106021543 19.3847518097305 -18.8818193501243 17.0681211807617 1.97945172897515 0 -0.667678957184627 2.26721421987154 -0.672353881924578 1.21376743829053 -1.70862130471907 0.581065051635292 -1.56857905900505 -0.0872464665943973 
2.571571100989 -15.1649440523074 5.75512571609818 14.2524333333841 3.39300922252844 2.11716746118253 3.84524594240135 -0.0771754043536146 17.2247705823624 0 -4.84609227548171 -0.667015781936709 0.75899016615422 0.557846121330674 1.48790800912208 0.455489467249946 0 1.78570482816813 1.21922591098548 1.55277195365763 -0.555537694387854 4.51637977013196 -1.87978522269045 1.07730470631612 0 -21.5882046992836 17.6326684363338 17.3993106021543 19.3847518097305 -18.8818193501243 12.1851239914937 -1.06020367603759 -0.23258512202305 -0.951575753493968 2.26721421987154 -0.80953590087571 1.46405320403355 -1.70862130471907 0.581065051635292 -1.56857905900505 0.892010547636082 
2.85360211041643 -9.6165230449366 -12.6065675134801 8.0834817620383 0 0 3.84524594240135 12.7032875608202 1.18992964191825 -0.307268424195828 15.2766814170762 0.595608745978963 0 0.516109605541504 1.39766068347621 0.495501579947538 0 0 -0.263255857053798 -0.560845573437794 0.591217487878733 1.46904770725828 -17.7299109090725 0.546975062460161 -13.1164008998854 14.9860957893478 17.6326684363338 11.736142372124 0 11.2722498214674 9.71817587954838 -0.637190314120236 0 -0.794477282801865 0 0 1.46405320403355 -2.01234856421703 0.249457139638 0.796011826021602 0.288980994852717 
0 -19.6061065236368 5.75512571609818 6.71250458781724 0 0 3.84524594240135 -0.0771754043536146 7.17129616400753 0 14.3290552097974 -0.699111080644238 0.75899016615422 0 0.860422585560206 0.495501579947538 0 1.78570482816813 1.27771223947765 0 0.594697144159441 4.41871986287586 0 0 5.4091972417241 10.4952098105546 18.96162224494 17.3993106021543 10.0467394912833 1.58678779503647 0 -1.13230030413358 0 -0.667678957184627 -0.493103477458052 0 2.29791148500885 -1.70862130471907 -0.00272511171769591 -0.462485380686114 -0.044609132243604 
2.57036047570913 -19.6061065236368 8.90497230200794 3.23005655930846 7.34606078842006 0.797857418375955 3.82697485749469 -0.0771754043536146 19.9770825323309 0.593786861115967 14.3290552097974 -0.699111080644238 0.549152557686508 1.20186968389986 0.76188256395137 -0.0635586921049089 0.867401597927046 1.78570482816813 1.21922591098548 -0.151926722378436 0.42169452054505 0 13.8948257145913 5.43270056668329 5.4091972417241 8.48906633264342 13.4998314276337 17.3993106021543 10.0467394912833 -1.99247721675433 0 1.97945172897515 -0.345340259049712 -0.230153424074013 -0.493103477458052 0 0.831472883835189 -1.70862130471907 -0.00272511171769591 -0.418065901565396 -0.044609132243604 
2.85189431548331 -9.6165230449366 3.94357362014408 0 3.39300922252844 17.7051188946725 2.82187173304701 -0.0771754043536146 18.1124276659044 0 14.3290552097974 0.595608745978963 0 -0.350463444455743 1.48790800912208 0.366502849043581 0.79409043040317 1.78570482816813 1.32666692572025 0 0.594697144159441 17.8765355828575 -1.87978522269045 0.58477505190986 -13.1164008998854 -18.7414049910109 1.24519768417589 19.4777762421769 19.3847518097305 0 0 0.317181885650932 -0.23258512202305 -0.960433059218541 0 0.0703606859223734 -2.41878447859026 -1.46783191220268 0.581065051635292 -0.462485380686114 -0.044609132243604 
2.85282505739307 -9.6165230449366 3.94357362014408 3.23005655930846 3.39300922252844 21.2687917057279 15.0788702420326 -0.0771754043536146 19.9770825323309 -0.0698750087152584 -0.247605343464578 0.595608745978963 0 1.20186968389986 1.48790800912208 -0.155102175090044 0.23761765325331 1.78570482816813 1.21922591098548 -0.263169920194508 -0.691457366464407 4.51637977013196 -1.87978522269045 -2.8712082465278 -13.1164008998854 -18.7414049910109 1.24519768417589 19.4777762421769 16.2473004009562 2.7954618366414 15.4001649952262 -0.874160631966852 -0.23258512202305 -0.667678957184627 0 0.0703606859223734 -2.41878447859026 -1.46783191220268 0.461214881078906 0.256481619731747 1.36559249918703 
1.57142565333233 -9.6165230449366 2.13387962721003 1.40910596987657 0 14.6344713646381 3.84524594240135 14.3219155197134 19.9770825323309 2.84413004202961 14.3290552097974 0.595608745978963 0 0 0.860422585560206 0.366502849043581 0 -0.582755150498243 1.21922591098548 0.88817023583137 0.594697144159441 4.51637977013196 -17.7299109090725 -16.5850135650416 0 -9.44131235542768 17.6326684363338 17.3993106021543 16.2473004009562 -18.8818193501243 17.4242149374561 -0.874160631966852 0 -0.0707014139139566 2.26721421987154 -1.64466012438976 1.46405320403355 -1.70862130471907 0.417506059793525 -1.56857905900505 -0.509900116939051 
2.56458936199833 -9.6165230449366 3.19567573822368 8.0834817620383 0 17.3482750343849 3.84524594240135 -0.0771754043536146 22.3340620832211 5.2824564804707 15.2766814170762 0.595608745978963 0.75899016615422 0.516109605541504 0.860422585560206 0 0 1.78570482816813 1.31061227878119 0.88817023583137 0.591217487878733 4.41871986287586 -1.87978522269045 0 -13.1164008998854 10.4952098105546 17.6326684363338 17.3993106021543 7.54197774023841 7.65148613958223 12.1851239914937 -1.13230030413358 -0.23258512202305 -0.667678957184627 0 0 1.46405320403355 -1.70862130471907 -0.00272511171769591 0.627150817041821 0.892010547636082 
2.56862651070109 -19.6061065236368 3.19567573822368 3.23005655930846 -2.80236759679502 21.2687917057279 10.3223563201364 -0.0771754043536146 8.71017002361369 0 14.3290552097974 -0.699111080644238 0.75899016615422 1.20186968389986 0.270073072374833 0.366502849043581 -0.4685893375094 1.78570482816813 1.27771223947765 1.55277195365763 0.42169452054505 0 0 0 -14.3428558916519 -21.5882046992836 17.0885945665131 19.4777762421769 7.54197774023841 7.65148613958223 17.4242149374561 1.97945172897515 0 -0.667678957184627 0.335774360576539 -0.672353881924578 2.16036358673142 -1.46783191220268 -0.00272511171769591 0.627150817041821 0 
1.57142565333233 -19.6061065236368 2.13387962721003 3.23005655930846 0 21.2687917057279 2.82187173304701 19.0058825253536 22.3340620832211 0 15.2766814170762 -0.699111080644238 0 1.20186968389986 0.860422585560206 -0.155102175090044 0.79409043040317 0 1.31061227878119 1.55277195365763 0.591217487878733 -17.9936584914074 13.8948257145913 0 0 -21.5882046992836 18.96162224494 17.3993106021543 0 18.4724600017641 9.71817587954838 -1.77381643269854 0 -0.667678957184627 2.26721421987154 -1.3695590271985 2.29791148500885 -1.70862130471907 0.855582403072893 1.74054222448754 0.892010547636082 
0 -9.6165230449366 -12.6065675134801 0 7.54104370602455 0 3.84524594240135 -0.768191344718538 0.0801325910399354 -0.173089663974517 15.2766814170762 0.595608745978963 0 -0.550279709692243 0 0.495501579947538 0.551798150181676 0.944668250719397 0.45396995378843 -0.0716119144864436 0.591217487878733 4.51637977013196 13.8948257145913 0.546975062460161 0 14.9860957893478 17.6326684363338 17.3993106021543 0 1.01287162700336 12.1851239914937 -0.874160631966852 0 -0.794477282801865 0 0 1.46405320403355 -1.70862130471907 0.855582403072893 -1.13195885704456 0.892010547636082 
2.57036047570913 -19.6061065236368 7.29248250422184 0 -0.345942022742677 0 3.84524594240135 -0.0771754043536146 19.9770825323309 -0.173089663974517 14.3290552097974 -0.699111080644238 0.493731254899749 -0.550279709692243 0.586827653109481 0.495501579947538 0 1.78570482816813 1.21922591098548 -0.0716119144864436 0.594697144159441 4.51637977013196 -1.87978522269045 0 0 14.9860957893478 17.6326684363338 17.3993106021543 0 1.01287162700336 5.20655095102571 -0.874160631966852 -0.23258512202305 0.485777144919046 0 0 1.46405320403355 -1.70862130471907 0.855582403072893 -1.13195885704456 0.421053572102009 
1.57142565333233 -19.6061065236368 -12.6065675134801 14.2524333333841 0 0 3.82697485749469 14.3219155197134 8.71017002361369 0 14.3290552097974 -0.699111080644238 0 0 0.860422585560206 0.495501579947538 0.867401597927046 -0.582755150498243 1.27771223947765 1.01454909248955 0.42169452054505 4.51637977013196 -1.87978522269045 -2.8712082465278 -13.5787592957163 -9.44131235542768 20.4858299084407 19.4777762421769 16.2473004009562 7.65148613958223 17.4242149374561 -0.874160631966852 -0.23258512202305 -0.667678957184627 0.459378367047467 -1.64466012438976 2.16036358673142 -1.46783191220268 0.417506059793525 0.627150817041821 0 
0 -8.20008195107807 5.15372766144747 8.0834817620383 -3.84526293526649 21.2687917057279 7.63315461414547 14.3219155197134 8.71017002361369 2.84413004202961 14.3290552097974 1.09673194805939 0.458565329782928 0.516109605541504 0.149169282824346 -0.155102175090044 0.0317848022243869 -0.582755150498243 1.27771223947765 0.88817023583137 0.594697144159441 4.51637977013196 1.66358138861301 -2.8712082465278 5.4091972417241 -18.7414049910109 18.96162224494 17.3993106021543 16.2473004009562 -18.8818193501243 9.71817587954838 -0.874160631966852 -0.842592595882058 -0.667678957184627 -0.493103477458052 0.0703606859223734 2.29791148500885 -1.70862130471907 0.417506059793525 -1.56857905900505 1.08447856767312 
0.748595936178965 -11.9518320115059 7.30142838116802 1.40910596987657 4.55314261757449 0 3.84524594240135 12.7032875608202 18.1124276659044 0 14.3290552097974 -0.848762750117463 0.0356107136772995 0 1.59397134224138 0.577306153405135 0 0 1.32666692572025 1.55277195365763 0.594697144159441 4.51637977013196 -17.7299109090725 5.43270056668329 -2.09385935305332 10.4952098105546 17.6326684363338 17.3993106021543 16.2473004009562 0 12.1851239914937 -0.874160631966852 0 -0.230153424074013 1.78330288695325 0 1.46405320403355 -1.70862130471907 0.461214881078906 -0.462485380686114 0.892010547636082 
0 -8.20008195107807 7.29248250422184 1.08469953911132 -2.80236759679502 1.6904822148804 3.84524594240135 -0.768191344718538 0.0801325910399354 -1.43331623281507 14.3290552097974 1.09673194805939 0.493731254899749 0.383975242461998 0.270073072374833 0.495501579947538 0.551798150181676 0.944668250719397 0.45396995378843 -0.457638841302897 0.594697144159441 4.51637977013196 1.66358138861301 0 -14.3428558916519 -9.44131235542768 17.0885945665131 16.5313328005985 19.3847518097305 -2.60672700985182 17.4242149374561 -0.874160631966852 -0.842592595882058 -0.744218633945202 0.335774360576539 -1.90298209483874 2.16036358673142 -2.15866238031474 0.581065051635292 -0.590272705508523 0 
2.56962366136775 -9.6165230449366 5.75512571609818 8.0834817620383 17.4451060860628 21.2687917057279 3.84524594240135 -0.0771754043536146 17.5530130550047 0 15.2766814170762 0.595608745978963 0.75899016615422 0.516109605541504 1.11915983826349 -0.155102175090044 0 1.78570482816813 1.21922591098548 1.55277195365763 0.086829245056412 7.68102710548836 -17.7299109090725 -2.8712082465278 0 -18.7414049910109 17.6326684363338 17.3993106021543 10.0467394912833 2.7954618366414 13.5468737937263 -0.23366677472073 0 -0.667678957184627 0 0.0703606859223734 1.46405320403355 -1.70862130471907 -0.00272511171769591 0.256481619731747 -0.390935229217138 
2.56988634506748 -9.78371908857195 5.15372766144747 8.0834817620383 -3.84526293526649 17.7051188946725 3.84524594240135 -0.0771754043536146 19.9770825323309 2.84413004202961 14.3290552097974 0.595608745978963 0.458565329782928 0.516109605541504 0.149169282824346 0.366502849043581 -0.296902272145684 1.78570482816813 1.21922591098548 0.88817023583137 0.594697144159441 0 -15.0430522985026 0.58477505190986 0 7.20691330647418 17.6326684363338 17.3993106021543 10.0467394912833 -18.8818193501243 17.4242149374561 1.97945172897515 0.777818305035037 -0.960433059218541 0 -0.221321241404545 1.02819702539043 -1.70862130471907 -0.00272511171769591 -1.56857905900505 0 
2.56650670918409 -19.6061065236368 -12.6065675134801 4.05220477541546 3.39300922252844 17.3482750343849 2.82187173304701 -0.0771754043536146 19.3124487819674 5.2824564804707 0.00548789510758961 -0.699111080644238 0 -0.237615728470318 1.48790800912208 0 0.79409043040317 1.78570482816813 1.21922591098548 0.88817023583137 0.252594015711264 4.51637977013196 0 0.762630323512774 9.08221915638178 7.20691330647418 17.6326684363338 -2.05287800014619 19.3847518097305 -18.8818193501243 12.1851239914937 -0.874160631966852 0 -0.35486993205029 -0.0593000749029685 -0.221321241404545 1.46405320403355 -1.9524874333071 0.581065051635292 -1.56857905900505 0.892010547636082 
2.56988634506748 -9.6165230449366 2.13387962721003 14.2524333333841 0.0724695343396019 12.7497409259201 2.82187173304701 -0.0771754043536146 19.9770825323309 0 15.2766814170762 0.595608745978963 0 0.557846121330674 1.48790800912208 0 0.79409043040317 1.78570482816813 1.21922591098548 1.55277195365763 0.591217487878733 4.51637977013196 13.8948257145913 0.546975062460161 0 -9.44131235542768 16.6679209721358 13.0460968488111 0 18.4724600017641 12.1851239914937 -0.874160631966852 0 -0.794477282801865 2.26721421987154 -2.42243965210972 1.89857760578793 -1.54860505999467 0.855582403072893 1.74054222448754 0.892010547636082 
1.57142565333233 -7.63946444598933 7.30142838116802 6.71250458781724 7.34606078842006 0 3.84524594240135 13.3852330933256 19.9770825323309 0 15.2766814170762 1.01640145159159 0.0356107136772995 0 0.76188256395137 0.495501579947538 0 0.00994011856147093 1.21922591098548 0 0.591217487878733 0 13.8948257145913 5.43270056668329 -3.21213010103075 8.48906633264342 18.96162224494 15.3693023355535 19.3847518097305 1.58678779503647 0 1.97945172897515 -0.345340259049712 -0.230153424074013 1.80799649540707 0 2.29791148500885 -2.39877426929715 0.581065051635292 -0.462485380686114 -0.044609132243604 
1.57142565333233 -19.6061065236368 5.75512571609818 8.0834817620383 0 3.11781161430656 3.84524594240135 14.3219155197134 18.1124276659044 0 14.3290552097974 -0.699111080644238 0.75899016615422 0.516109605541504 0.860422585560206 0.495501579947538 0 -0.582755150498243 1.32666692572025 1.01454909248955 0.594697144159441 4.51637977013196 0 -16.5850135650416 0 -9.44131235542768 2.62567526075322 -2.05287800014619 9.90086834183935 18.4724600017641 12.1851239914937 -0.874160631966852 0 -0.0707014139139566 2.26721421987154 -1.64466012438976 -1.77855653046097 -1.9524874333071 0.63653811690702 1.74054222448754 0.892010547636082 
2.5694115145838 -11.9518320115059 5.75512571609818 3.23005655930846 -3.84526293526649 21.2687917057279 3.84524594240135 -0.0771754043536146 19.9770825323309 -0.0698750087152584 -4.84609227548171 -0.848762750117463 0.75899016615422 1.20186968389986 0.149169282824346 0.366502849043581 0 1.78570482816813 1.21922591098548 -0.263169920194508 -0.555537694387854 4.51637977013196 -1.87978522269045 1.07730470631612 5.4091972417241 12.2200231809728 0 17.3993106021543 22.2941399634788 2.7954618366414 13.5468737937263 -1.06020367603759 -0.23258512202305 -0.951575753493968 -0.493103477458052 0 -1.81739824908664 -1.70862130471907 0.202662050725269 0.256481619731747 -0.390935229217138 
2.57036047570913 -19.9408373859668 5.15372766144747 8.0834817620383 5.51742845897909 21.2687917057279 15.0788702420326 -0.0771754043536146 19.9770825323309 2.84413004202961 -0.247605343464578 -0.0292266572449481 0.458565329782928 0.516109605541504 1.40742201549347 -0.155102175090044 0.23761765325331 1.78570482816813 1.21922591098548 0.88817023583137 -0.691457366464407 0 -0.749227824504128 -2.8712082465278 0 10.4952098105546 17.6326684363338 17.3993106021543 10.0467394912833 -18.8818193501243 9.71817587954838 1.97945172897515 -0.420737923225732 -0.667678957184627 0 0 1.46405320403355 -1.70862130471907 -0.00272511171769591 -1.56857905900505 0.892010547636082 
1.57142565333233 -15.1649440523074 3.94357362014408 3.23005655930846 3.39300922252844 17.3482750343849 3.82697485749469 -0.0771754043536146 19.9770825323309 0 11.6703252583604 -0.667015781936709 0 1.20186968389986 1.87021398749212 0 0.867401597927046 1.78570482816813 1.21922591098548 0 -0.163759610799029 4.51637977013196 -1.87978522269045 0.58477505190986 -15.4034501972159 10.4952098105546 17.6326684363338 19.4777762421769 16.2473004009562 7.65148613958223 17.4242149374561 -0.874160631966852 -0.23258512202305 -0.960433059218541 -0.0759380316156605 0 1.46405320403355 -1.46783191220268 0.461214881078906 0.627150817041821 -0.509900116939051 
0 -9.6165230449366 5.75512571609818 8.0834817620383 0 17.3482750343849 3.84524594240135 -0.0771754043536146 2.12906983419278 5.2824564804707 15.2766814170762 0.595608745978963 0.75899016615422 0.516109605541504 0.860422585560206 0 0 1.78570482816813 0.329050810983894 0.88817023583137 0.591217487878733 4.51637977013196 -1.87978522269045 0.546975062460161 -13.1164008998854 10.4952098105546 17.6326684363338 17.3993106021543 -0.931372601716487 0 12.1851239914937 -0.874160631966852 -0.23258512202305 -0.794477282801865 0 0 1.46405320403355 -1.70862130471907 0.759239420685563 -0.462485380686114 0.892010547636082 
2.56962366136775 -19.6061065236368 7.30142838116802 3.23005655930846 7.34606078842006 0.797857418375955 3.82697485749469 -0.0771754043536146 7.17129616400753 2.84413004202961 14.3290552097974 -0.699111080644238 0.0356107136772995 1.20186968389986 0.76188256395137 -0.0635586921049089 0.867401597927046 1.78570482816813 1.27771223947765 0.88817023583137 0.42169452054505 4.51637977013196 0 5.43270056668329 -17.4379540257333 -21.5882046992836 18.96162224494 17.3993106021543 0 -18.8818193501243 9.71817587954838 -0.874160631966852 -0.414059204889489 -0.230153424074013 -1.82784736913994 -1.3695590271985 2.29791148500885 -1.70862130471907 0.249457139638 -1.56857905900505 0.892010547636082 
1.57142565333233 -19.6061065236368 7.29248250422184 -2.64826294167352 -0.345942022742677 0 15.6554774553541 -0.768191344718538 18.4196665497588 -0.173089663974517 14.3290552097974 -0.699111080644238 0.493731254899749 -0.550279709692243 0.586827653109481 0.495501579947538 -0.475882462382262 0.944668250719397 1.21922591098548 -0.0716119144864436 0.594697144159441 4.51637977013196 -1.87978522269045 0.58477505190986 0 7.20691330647418 17.6326684363338 19.4777762421769 0 1.01287162700336 9.71817587954838 -0.874160631966852 -0.23258512202305 -0.960433059218541 0 0.270258940993929 1.46405320403355 -1.46783191220268 0.855582403072893 -1.13195885704456 0.288980994852717 
2.571571100989 -19.6061065236368 5.75512571609818 8.0834817620383 0 1.09228262307229 10.3223563201364 -0.0771754043536146 18.1124276659044 -3.50348348256828 -4.84609227548171 -0.699111080644238 0.75899016615422 0.516109605541504 0.860422585560206 1.14615855204228 -0.4685893375094 1.78570482816813 1.32666692572025 -0.0927300444304617 -0.555537694387854 0 0 -2.8712082465278 0 10.4952098105546 2.62567526075322 17.3993106021543 7.54197774023841 18.4724600017641 12.1851239914937 1.97945172897515 -0.37509373790356 -0.399786077067156 0 0 -1.77855653046097 -1.70862130471907 -0.00272511171769591 1.74054222448754 0.892010547636082 
2.56919853847738 -19.6061065236368 5.75512571609818 14.2524333333841 0 1.09228262307229 2.82187173304701 -0.0771754043536146 10.8199533856101 0.617433711987656 -4.84609227548171 -0.699111080644238 0.75899016615422 0 0.860422585560206 1.14615855204228 0.79409043040317 1.78570482816813 1.27771223947765 -0.263169920194508 -0.555537694387854 4.51637977013196 1.59900633234019 0.762630323512774 -17.7115514211876 -6.29944497058142 20.4858299084407 19.4777762421769 9.90086834183935 18.4724600017641 12.1851239914937 -0.874160631966852 -0.218789631579439 -0.35486993205029 -1.52048759140097 -1.17319025289882 2.16036358673142 -1.46783191220268 0.63653811690702 1.74054222448754 0.892010547636082 
2.56988634506748 -9.6165230449366 5.75512571609818 4.05220477541546 0 17.3482750343849 3.84524594240135 -0.0771754043536146 18.1124276659044 -3.50348348256828 -4.84609227548171 0.595608745978963 0.75899016615422 -0.237615728470318 0.860422585560206 0 0 1.78570482816813 1.32666692572025 -0.0927300444304617 -0.555537694387854 4.51637977013196 0 -16.539486076934 -17.7115514211876 10.4952098105546 17.6326684363338 11.736142372124 16.2473004009562 18.4724600017641 12.1851239914937 -0.874160631966852 0 0 -1.52048759140097 0.544111050844244 1.46405320403355 -2.01234856421703 0.461214881078906 1.74054222448754 0.892010547636082 
2.57014966626553 -9.6165230449366 -12.6065675134801 4.05220477541546 3.39300922252844 17.3482750343849 3.84524594240135 -0.0771754043536146 19.3124487819674 1.67288945774682 14.3290552097974 0.595608745978963 0 -0.237615728470318 1.48790800912208 0 0 1.78570482816813 1.21922591098548 -0.126230486624982 0.594697144159441 4.51637977013196 -1.87978522269045 -16.539486076934 -13.1164008998854 7.20691330647418 17.6326684363338 11.736142372124 16.2473004009562 7.65148613958223 12.1851239914937 -0.874160631966852 -0.23258512202305 0 0 -0.221321241404545 1.46405320403355 -2.01234856421703 0.461214881078906 -0.0839662442654214 0.892010547636082 
2.56988634506748 -9.6165230449366 -12.6065675134801 8.0834817620383 3.39300922252844 21.2687917057279 15.0788702420326 -0.0771754043536146 19.9770825323309 -0.0698750087152584 14.3290552097974 0.595608745978963 0 0.516109605541504 1.48790800912208 -0.155102175090044 0.23761765325331 1.78570482816813 1.21922591098548 -0.263169920194508 0.594697144159441 4.51637977013196 0 -5.22881116407402 -13.1164008998854 -18.7414049910109 0 17.3993106021543 19.3847518097305 0 9.71817587954838 -0.874160631966852 0 -0.667678957184627 0 0.0703606859223734 -1.81739824908664 -1.70862130471907 0.581065051635292 -0.462485380686114 0.892010547636082 
1.57142565333233 -15.1649440523074 -13.1939307852853 3.58377614448954 0 3.11781161430656 3.82697485749469 -0.0771754043536146 19.9770825323309 2.84413004202961 15.2766814170762 -0.667015781936709 -0.539393036509581 1.45442658161485 0.860422585560206 0.495501579947538 0.867401597927046 1.78570482816813 1.21922591098548 0.88817023583137 0.591217487878733 1.6179865369657 15.9200203152699 -1.78444529317061 -13.1164008998854 10.4952098105546 -5.57841645152234 17.3993106021543 22.2941399634788 7.65148613958223 17.4242149374561 2.41127853459272 -0.322572452990605 -0.397282630236486 0 0 -1.81739824908664 -1.70862130471907 0.202662050725269 0.627150817041821 -0.509900116939051 
2.57036047570913 -19.6061065236368 5.15372766144747 8.0834817620383 -3.84526293526649 21.2687917057279 3.82697485749469 -0.0771754043536146 19.9770825323309 0 14.3290552097974 -0.699111080644238 0.458565329782928 0.516109605541504 0.149169282824346 -0.155102175090044 0.867401597927046 1.78570482816813 1.21922591098548 0 0.42169452054505 0 0.944683132830394 -2.8712082465278 -3.21213010103075 -18.7414049910109 16.6679209721358 17.3993106021543 10.0467394912833 -18.8818193501243 9.71817587954838 1.97945172897515 0.705865813962121 -0.667678957184627 1.80799649540707 0.0703606859223734 1.89857760578793 -1.70862130471907 -0.00272511171769591 -1.56857905900505 1.08447856767312 
1.57142565333233 -19.6061065236368 -12.6065675134801 10.9122204285638 7.54104370602455 21.2687917057279 3.84524594240135 12.7032875608202 1.18992964191825 -0.307268424195828 14.3290552097974 -0.699111080644238 0 -0.0821727255928202 0 0.366502849043581 0.551798150181676 0 -0.263255857053798 -0.560845573437794 0.594697144159441 4.51637977013196 19.5161355920677 0 -13.1164008998854 -21.5882046992836 17.6326684363338 17.3993106021543 16.3056339526808 -18.8818193501243 12.1851239914937 -0.874160631966852 0.72311685530614 -0.667678957184627 0 -0.672353881924578 1.46405320403355 -1.70862130471907 0.581065051635292 -1.56857905900505 0.892010547636082 
2.56988634506748 -9.6165230449366 2.58565082428309 14.2524333333841 -3.84526293526649 6.79329176537846 3.82697485749469 -0.0771754043536146 19.9770825323309 2.84413004202961 14.3290552097974 0.595608745978963 -0.128657611714982 0.557846121330674 0.149169282824346 0.165578066150461 0.867401597927046 1.78570482816813 1.21922591098548 0.88817023583137 0.594697144159441 0 0.944683132830394 0.546975062460161 5.4091972417241 -18.7414049910109 16.6679209721358 17.3993106021543 10.0467394912833 -18.8818193501243 9.71817587954838 1.97945172897515 0.705865813962121 -0.794477282801865 -0.493103477458052 0.0703606859223734 1.89857760578793 -1.70862130471907 -0.00272511171769591 -1.56857905900505 1.08447856767312 
1.57142565333233 -9.6165230449366 -12.6065675134801 0 3.39300922252844 21.2687917057279 15.0788702420326 12.6731360311961 1.18992964191825 -0.307268424195828 14.3290552097974 0.595608745978963 0 1.47072999340982 1.48790800912208 -0.155102175090044 0.23761765325331 0 -0.263255857053798 -0.560845573437794 0.594697144159441 4.51637977013196 0.944683132830394 0.58477505190986 -13.1164008998854 -18.7414049910109 3.13085404973517 18.6946256643369 19.4022187426929 0 0 -0.874160631966852 0.705865813962121 -0.960433059218541 0 0.0703606859223734 -1.81739824908664 -2.43359250894449 1.14097616412257 -0.462485380686114 -0.044609132243604 
0 -20.360848803637 2.13387962721003 1.08469953911132 0 0 3.84524594240135 -0.768191344718538 2.06952411451821 0 14.3290552097974 -1.34688545654848 0 0.383975242461998 0.860422585560206 0.495501579947538 0.551798150181676 0.944668250719397 0.0348374208783905 1.01454909248955 0.594697144159441 2.7238626101631 5.09788871437678 0 0 -9.44131235542768 17.6326684363338 19.4777762421769 19.3847518097305 -2.60672700985182 17.4242149374561 -1.4999994316604 -0.324134089557516 -0.744218633945202 2.26721421987154 -1.64466012438976 1.46405320403355 -1.46783191220268 0.581065051635292 -0.590272705508523 0 
1.57142565333233 -11.9518320115059 2.13387962721003 6.71250458781724 7.34606078842006 0 3.84524594240135 15.8927855005454 19.9770825323309 2.84413004202961 14.3290552097974 -0.848762750117463 0 0 0.76188256395137 0.495501579947538 0 0.032354881378056 1.21922591098548 0.88817023583137 0.594697144159441 4.51637977013196 0 1.07730470631612 0 12.2200231809728 18.96162224494 17.3993106021543 22.2941399634788 1.58678779503647 0 -0.874160631966852 0 -0.951575753493968 2.26721421987154 0 2.29791148500885 -1.70862130471907 0.202662050725269 -0.462485380686114 -0.044609132243604 
0 -19.6061065236368 -12.6065675134801 8.0834817620383 -3.84526293526649 21.2687917057279 3.84524594240135 -0.0771754043536146 19.9770825323309 5.2824564804707 15.2766814170762 -0.699111080644238 0 0.516109605541504 0.149169282824346 -0.155102175090044 0 2.24671480168901 1.21922591098548 0.88817023583137 0.591217487878733 0 -1.87978522269045 0.546975062460161 -13.1164008998854 10.4952098105546 18.96162224494 -2.05287800014619 16.2473004009562 -18.8818193501243 9.71817587954838 1.97945172897515 -0.23258512202305 -0.794477282801865 0 0 2.29791148500885 -1.9524874333071 0.461214881078906 -1.56857905900505 1.08447856767312 
1.57142565333233 -9.6165230449366 7.30142838116802 8.0834817620383 -0.345942022742677 0 3.84524594240135 12.7032875608202 19.9770825323309 2.84413004202961 14.3290552097974 0.595608745978963 0.0356107136772995 0.516109605541504 0.586827653109481 0.495501579947538 0.551798150181676 0 1.21922591098548 0.88817023583137 0.594697144159441 0 19.5161355920677 4.75644002943599 0 14.9860957893478 18.96162224494 17.3993106021543 16.3056339526808 -18.8818193501243 9.71817587954838 1.97945172897515 0.72311685530614 -0.388893530442796 0 0 2.29791148500885 -1.70862130471907 0.581065051635292 -1.56857905900505 0.892010547636082 
0.748595936178965 -19.6061065236368 3.19298926330776 0 13.7380100106765 21.2687917057279 3.84524594240135 12.7032875608202 1.18992964191825 2.84413004202961 14.3290552097974 -0.699111080644238 0 -0.350463444455743 -1.47065965604533 0.366502849043581 0 0 0.510160379144438 0.88817023583137 0.594697144159441 7.68102710548836 -15.0430522985026 4.75644002943599 -13.1164008998854 10.4952098105546 3.13085404973517 17.3993106021543 16.2473004009562 7.65148613958223 0 -0.23366677472073 0.777818305035037 -0.388893530442796 0 0 -1.81739824908664 -1.70862130471907 0.461214881078906 0 -0.044609132243604 
