100
10
2.85401682280935 -9.6165230449366 2.13387962721003 -10.3638491455297 0 12.7497409259201 2.82187173304701 19.0058825253536 2.06952411451821 0 15.2766814170762 0.595608745978963 0 0 0.860422585560206 0 0.79409043040317 0 0.0348374208783905 1.55277195365763 0.591217487878733 -17.9936584914074 13.8948257145913 5.43270056668329 0 15.718997639799 3.13085404973517 13.0460968488111 0 18.4724600017641 -4.22133633644382 -1.77381643269854 0 -0.230153424074013 2.26721421987154 0.368912837034516 -1.81739824908664 -1.54860505999467 0.855582403072893 1.74054222448754 -0.044609132243604 
2.85401682280935 -9.6165230449366 7.30142838116802 0 0 0 2.82187173304701 12.7032875608202 1.18992964191825 -0.307268424195828 14.3290552097974 0.595608745978963 0.0356107136772995 -0.350463444455743 0.860422585560206 0.495501579947538 0.79409043040317 0 0.510160379144438 -0.560845573437794 0.594697144159441 17.8765355828575 19.5161355920677 4.75644002943599 -13.1164008998854 8.74422812601283 3.13085404973517 17.3993106021543 19.3847518097305 7.65148613958223 0 0.317181885650932 0.72311685530614 -0.388893530442796 0 -0.594654094937562 -1.81739824908664 -1.70862130471907 0.581065051635292 0 -0.044609132243604 
2.85401682280935 -9.6165230449366 5.75512571609818 14.2524333333841 3.39300922252844 0.422914800873452 2.82187173304701 -0.0771754043536146 22.3340620832211 0.112371983175339 12.1445830739777 0.595608745978963 0.75899016615422 0.475854398424669 1.48790800912208 0.389900489700912 0.79409043040317 1.78570482816813 1.31061227878119 1.24312016103096 1.02763989435399 0 -1.87978522269045 -0.1098511438397 0 7.20691330647418 17.6326684363338 17.3993106021543 0 -19.3184636123099 14.8171766717998 1.97945172897515 -0.23258512202305 -0.254479559261575 0 -0.221321241404545 1.46405320403355 -1.70862130471907 0.855582403072893 -1.17049035844882 0.48456446357284 
2.85401682280935 -8.20008195107807 5.75512571609818 14.2524333333841 0.560331688663145 21.2687917057279 0.528384908325219 -1.26443329754492 19.9770825323309 3.66679412732683 14.3290552097974 1.09673194805939 0.806164592437523 0 0.860422585560206 -0.155102175090044 0.560553998039362 0.103233621894956 1.21922591098548 0.88817023583137 0.594697144159441 4.45314907918365 0 -5.22881116407402 -17.7115514211876 -21.5882046992836 17.5984415930223 17.3993106021543 16.1866752375554 21.3171087949384 9.71817587954838 -0.474160196829662 0.0297454405900768 -0.667678957184627 -1.52048759140097 -0.672353881924578 0.872266607620878 -1.70862130471907 0.581065051635292 1.74054222448754 0.892010547636082 
1.57142565333233 -9.6165230449366 3.94357362014408 3.23005655930846 0 9.27179465944497 2.82187173304701 -0.0771754043536146 15.6168571068518 0 14.3290552097974 0.595608745978963 -0.101165666739068 1.20186968389986 0.860422585560206 0 0.79409043040317 1.78570482816813 1.54839687116835 0 0.594697144159441 4.51637977013196 -1.87978522269045 5.43270056668329 0 10.4952098105546 0 17.3993106021543 11.1529800113072 1.58678779503647 0 -0.874160631966852 -0.0506815778187856 -0.230153424074013 1.52201228954923 0 -1.81739824908664 -1.70862130471907 0.720047440133079 -0.462485380686114 -0.044609132243604 
1.57142565333233 -9.6165230449366 -12.6065675134801 3.23005655930846 0 22.6080074404171 2.82187173304701 -0.0771754043536146 17.6040560016893 0 13.6869094112129 0.778663264717284 0 1.20186968389986 0.860422585560206 -0.794128951562628 0.79409043040317 1.78570482816813 2.01455453285694 1.21117743209525 0.794030423445641 4.51637977013196 -1.87978522269045 5.43270056668329 0 -21.5882046992836 17.6326684363338 11.736142372124 0.0416182798992927 3.89367877249312 12.1851239914937 -0.874160631966852 -0.23258512202305 -0.230153424074013 2.26721421987154 -0.672353881924578 -0.00347218213764555 -2.01234856421703 0.855582403072893 -0.243710812988556 0.892010547636082 
2.85349825055944 -9.6165230449366 -13.6339770814562 3.23005655930846 0 17.7051188946725 2.82187173304701 -0.0771754043536146 22.3340620832211 0 13.3823069946525 0.778663264717284 0.10111332265712 1.20186968389986 0.860422585560206 0.366502849043581 0.79409043040317 1.78570482816813 1.31061227878119 1.81926005851909 1.02494542801517 4.51637977013196 -3.36397987090236 5.43270056668329 0 -21.5882046992836 3.13085404973517 17.3993106021543 0 3.89367877249312 8.84818001969167 -0.596963967241796 -0.113791921685353 -0.230153424074013 2.26721421987154 -0.672353881924578 -1.81739824908664 -1.70862130471907 0.855582403072893 -0.0839662442654214 1.20179758336479 
0 -4.5343740807075 -12.6065675134801 3.23005655930846 0 17.7051188946725 2.82187173304701 -0.361338886507479 22.3340620832211 0 14.3290552097974 -0.320331846838971 0 1.20186968389986 0.860422585560206 0.366502849043581 0.79409043040317 1.78570482816813 1.31061227878119 1.55277195365763 0.594697144159441 2.95382719736259 -1.87978522269045 5.43270056668329 0 -21.5882046992836 1.24519768417589 18.927278767306 0 2.80304112206355 15.7378656628718 -0.403265590101138 -0.23258512202305 -0.230153424074013 2.26721421987154 -0.672353881924578 -2.41878447859026 -1.62910555160097 0.855582403072893 0.176467678168075 -0.69018793441364 
2.85345938451829 -4.5343740807075 -12.6065675134801 3.23005655930846 0 17.7051188946725 2.82187173304701 -0.0771754043536146 22.3340620832211 0 14.3290552097974 -0.381935718973137 0 1.20186968389986 0.860422585560206 0.366502849043581 0.79409043040317 1.78570482816813 1.31061227878119 1.55277195365763 0.594697144159441 3.30415186155781 -1.87978522269045 5.43270056668329 -13.1164008998854 -21.5882046992836 17.6326684363338 19.4777762421769 10.0467394912833 -0.430134157384808 12.1851239914937 -0.874160631966852 -0.23258512202305 -0.230153424074013 0 -0.672353881924578 1.50988520317706 -1.46783191220268 -0.00272511171769591 0.1631679539956 0.892010547636082 
2.85314768722572 -15.1649440523074 2.93995959958525 3.23005655930846 2.95717485444954 22.6080074404171 3.82697485749469 -0.0771754043536146 19.9770825323309 -3.41742904289506 -4.84609227548171 -0.134093350513882 1.51706056500183 1.20186968389986 0.860422585560206 -0.794128951562628 0.867401597927046 1.78570482816813 1.21922591098548 0.331607856234353 -0.30158478555809 6.24673527607077 -17.6228249814468 -16.539486076934 0 -21.5882046992836 17.6326684363338 20.7742899487839 10.0467394912833 -17.7926458053024 12.1851239914937 -0.856933155915203 0.0310912653948605 0 2.26721421987154 -1.3695590271985 1.46405320403355 -3.00226242427354 -0.00272511171769591 -1.56857905900505 0.892010547636082 
2.85314768722572 -8.5880554152597 2.8344479789885 16.9659098322345 0 15.5122106060443 -4.17879500686135 -0.0771754043536146 9.48171761707948 -2.80035309344547 0.00548789510758961 0.952860246437071 1.6489678213368 0.57008058175914 0.828666320130539 0.366502849043581 0 1.78570482816813 1.27771223947765 0 0.252594015711264 10.0643274118958 -15.0430522985026 6.3126108834113 -13.1164008998854 9.34647103284787 20.4858299084407 0 10.4699979327479 7.65148613958223 17.4242149374561 0.230906117218968 0.777818305035037 -0.676888563985419 0 -0.289473239509143 2.16036358673142 -0.699646122753455 -0.00272511171769591 0.627150817041821 0 
2.85314768722572 -17.0448515280592 3.94357362014408 14.2524333333841 3.39300922252844 0.422914800873452 1.91597240048739 -0.0771754043536146 18.1124276659044 0.112371983175339 14.3290552097974 -1.33736437542241 0 0.557846121330674 1.48790800912208 0.389900489700912 0.79409043040317 1.78570482816813 1.32666692572025 1.24312016103096 0.594697144159441 0.262759531714376 -1.87978522269045 0 0 -21.5882046992836 17.0318198844473 19.4777762421769 16.2473004009562 2.80304112206355 0 1.97945172897515 -0.23258512202305 -0.667678957184627 0 -1.3695590271985 1.46405320403355 -1.46783191220268 0.461214881078906 0.176467678168075 -0.044609132243604 
1.57142565333233 -7.55835132019518 7.29248250422184 8.0834817620383 3.39300922252844 0.422914800873452 2.82187173304701 -0.0771754043536146 22.3340620832211 -1.18797411468717 -5.62973323617118 0.408509649330988 0.493731254899749 0.516109605541504 1.48790800912208 0.389900489700912 0.79409043040317 1.78570482816813 1.78458551220809 -0.263169920194508 -0.555537694387854 2.95382719736259 -1.87978522269045 0 0 -21.5882046992836 17.6326684363338 17.3993106021543 18.821806095248 -18.8818193501243 14.8171766717998 -0.403265590101138 -0.23258512202305 -0.667678957184627 0 -0.404981171402606 1.46405320403355 -1.70862130471907 0.581065051635292 -1.56857905900505 0.48456446357284 
2.40626824834408 -9.6165230449366 1.73438365926705 -2.17944260206047 3.39300922252844 18.9134139843348 2.82187173304701 -0.0771754043536146 19.1344463176254 -0.125524705287779 14.3290552097974 0.538946988223562 0.611240587072093 -0.0703306671512922 1.51589967753082 -0.106938016557572 0.79409043040317 1.78570482816813 0.671886730926059 0.287503853918753 0.594697144159441 0 -1.87978522269045 0.58477505190986 4.64828505248217 -18.7414049910109 0 19.4777762421769 19.3847518097305 2.80304112206355 0 1.73176888700191 -0.23258512202305 -1.48280597844757 -0.100654125246524 0.0703606859223734 -1.81739824908664 -1.46783191220268 0.477618470884682 0.176467678168075 -0.044609132243604 
2.56967445372853 -9.6165230449366 7.29248250422184 0 3.39300922252844 17.6844792424862 3.82697485749469 -0.0771754043536146 22.3340620832211 -0.0698750087152584 1.77938435379387 0.595608745978963 0.493731254899749 -0.550279709692243 1.48790800912208 -0.160235606604365 0.867401597927046 1.78570482816813 0.828731150491504 -0.263169920194508 -0.58537630092603 4.51637977013196 0 1.39058398219784 3.3398776808008 -18.7414049910109 17.6326684363338 17.3993106021543 -3.0072766933624 -0.430134157384808 12.1851239914937 -0.874160631966852 0 0.173234727332943 -0.309161031879094 0.168417195248612 1.50988520317706 -1.70862130471907 0.949875445202866 0.102783863201171 0.892010547636082 
2.85349825055944 -9.6165230449366 10.7108050502887 6.69565338811169 3.39300922252844 0 2.82187173304701 -0.0771754043536146 22.3340620832211 -1.96301868812322 1.89087667804718 0.595608745978963 0.493731254899749 0.113440549901426 1.48790800912208 0.495501579947538 0.79409043040317 1.78570482816813 1.31061227878119 0.398703834413878 0.0866061290989659 4.51637977013196 0.976683238487077 1.39058398219784 9.08221915638178 14.9860957893478 16.6679209721358 17.3993106021543 19.3847518097305 5.55246178456697 12.1851239914937 -0.874160631966852 0.383926654292236 0.173234727332943 -0.0593000749029685 0 1.89857760578793 -1.70862130471907 0.581065051635292 0.376858007869151 0.892010547636082 
2.85296702945728 -7.88964496626968 6.1105536567562 6.40022221775736 3.39300922252844 18.5528534135096 7.29032523263727 -0.0771754043536146 18.1124276659044 -0.0698750087152584 14.3290552097974 0.595608745978963 0 0.963090784811923 1.48790800912208 -0.191552240341693 -1.13388523669629 1.78570482816813 1.32666692572025 -0.263169920194508 0.594697144159441 3.30415186155781 1.55421874250947 4.04985858486027 -13.1164008998854 -18.7414049910109 2.04711511409707 19.4777762421769 16.2473004009562 -0.430134157384808 12.1851239914937 -0.874160631966852 -0.410449242401146 -1.07924685198313 0 0.168417195248612 -1.60309314721408 -1.46783191220268 0.461214881078906 0.102783863201171 0.892010547636082 
1.57142565333233 -7.96469454465653 3.94357362014408 8.0018293219627 3.39300922252844 22.6080074404171 3.82697485749469 -0.0771754043536146 18.1124276659044 -0.0698750087152584 14.3290552097974 -0.809334380849886 0 0.564712925318029 1.48790800912208 -0.794128951562628 0.867401597927046 1.78570482816813 2.00060000792174 -0.0899025188199722 0.594697144159441 0.912785321270481 -1.87978522269045 0.58477505190986 0 -21.5882046992836 17.6326684363338 17.3993106021543 12.4746600683661 -18.8818193501243 12.1851239914937 1.97945172897515 -0.23258512202305 -0.960433059218541 2.26721421987154 -1.3695590271985 1.50988520317706 -1.70862130471907 0.616483395437935 -1.56857905900505 0.892010547636082 
2.8528631250774 -15.1649440523074 2.93995959958525 14.2524333333841 2.95717485444954 22.6080074404171 3.82697485749469 -0.0771754043536146 22.3340620832211 -3.41742904289506 -5.62973323617118 -0.667015781936709 1.51706056500183 0.557846121330674 0.860422585560206 -0.794128951562628 0.867401597927046 1.78570482816813 1.31061227878119 0.331607856234353 -0.555537694387854 4.51637977013196 -17.6228249814468 -16.539486076934 3.37488473876141 -21.5882046992836 17.6326684363338 17.3993106021543 0 -21.8937005505402 14.8171766717998 -0.874160631966852 0.0310912653948605 0 2.65146339469192 -0.404981171402606 1.46405320403355 -1.70862130471907 0.855582403072893 -0.928333118198595 0.48456446357284 
2.85275914795274 -8.5880554152597 2.8344479789885 16.9659098322345 0 15.5122106060443 -4.17879500686135 -0.0771754043536146 9.48171761707948 -2.80035309344547 0.00548789510758961 0.952860246437071 1.6489678213368 0.57008058175914 1.39173703975591 0.366502849043581 0 1.78570482816813 1.32205672695397 0 0.252594015711264 10.0643274118958 -15.0430522985026 6.3126108834113 -14.7038870438486 9.34647103284787 20.4858299084407 0 10.0467394912833 7.65148613958223 17.4242149374561 0.230906117218968 0.777818305035037 -0.676888563985419 0.432495423980288 -0.289473239509143 2.16036358673142 -0.699646122753455 0.443096199246634 0.627150817041821 0 
2.85248450694752 -8.5880554152597 2.8344479789885 16.9659098322345 -2.64423923149902 15.5122106060443 -4.17879500686135 -0.0771754043536146 9.48171761707948 0.617433711987656 1.77938435379387 0.952860246437071 1.6489678213368 0.57008058175914 0.867914221169387 0.366502849043581 0 1.78570482816813 1.32205672695397 -0.263169920194508 -0.58537630092603 8.84275944765786 -15.0430522985026 6.3126108834113 -13.1164008998854 9.34647103284787 20.4858299084407 17.3993106021543 10.0467394912833 7.65148613958223 17.4242149374561 -0.356071219451759 0.777818305035037 -0.676888563985419 0 -0.289473239509143 2.16036358673142 -1.70862130471907 0.443096199246634 0.627150817041821 0 
2.85248450694752 -8.20008195107807 5.75512571609818 0 1.52916748615874 3.11781161430656 2.82187173304701 12.7032875608202 19.9770825323309 -2.06931370341653 11.0606298292105 1.09673194805939 0.0496205396669084 0.315337148111005 1.23595773071794 0.495501579947538 0.79409043040317 0 1.21922591098548 -1.70639345396142 0.921548834732524 17.8765355828575 19.5161355920677 -8.34236005900537 -14.4431679363331 10.4952098105546 18.96162224494 17.3993106021543 19.3847518097305 10.4032606837355 0.22068421948733 0.317181885650932 0.72311685530614 -0.034078713047355 -0.259408905370817 0 2.57854126267533 -1.70862130471907 0.581065051635292 0.045583046379305 -0.044609132243604 
0 -9.6165230449366 2.8344479789885 8.0834817620383 0 17.7051188946725 3.82697485749469 -3.34183910472404 9.48171761707948 0.112371983175339 0.00548789510758961 0.595608745978963 1.6489678213368 0.516109605541504 0.828666320130539 0.366502849043581 0.867401597927046 1.78570482816813 1.27771223947765 1.24312016103096 0.252594015711264 4.51637977013196 2.65421858390524 -16.539486076934 0 10.4952098105546 17.6326684363338 18.2699297589576 10.0467394912833 7.65148613958223 0 -0.874160631966852 -0.28109782528649 0 0 0 1.46405320403355 -2.26559591538533 -0.00272511171769591 0.627150817041821 -0.044609132243604 
2.8523801306885 -12.1666011978717 -12.6065675134801 0 3.39300922252844 0.422914800873452 3.82697485749469 -0.0771754043536146 22.3340620832211 -0.0698750087152584 1.77938435379387 0.706191634119578 0 -0.550279709692243 1.48790800912208 0.389900489700912 0.867401597927046 1.78570482816813 1.31061227878119 -0.263169920194508 -0.58537630092603 2.74256187432565 -1.87978522269045 1.38156475896554 0 -18.7414049910109 3.13085404973517 17.3993106021543 8.60062024663231 7.65148613958223 15.4001649952262 -0.874160631966852 -0.23258512202305 -0.960433059218541 2.06864346923709 0.0703606859223734 -1.75876191552671 -1.70862130471907 0.0949900055886199 -0.0839662442654214 0.77956829406301 
2.8523801306885 -12.1666011978717 7.29248250422184 0 3.39300922252844 -0.309863696973707 3.82697485749469 -0.0771754043536146 22.3340620832211 -0.0698750087152584 1.77938435379387 0.706191634119578 0.493731254899749 -0.550279709692243 1.48790800912208 0.679107252261186 0.867401597927046 1.78570482816813 1.31061227878119 -0.263169920194508 -0.58537630092603 2.74256187432565 0 1.39058398219784 3.3398776808008 -23.5621707292097 1.24519768417589 17.3993106021543 0 -19.3184636123099 15.4001649952262 -0.874160631966852 0 0.173234727332943 -0.309161031879094 -0.886556222809737 -2.9477450249287 -1.70862130471907 0.855582403072893 -1.17049035844882 0.77956829406301 
2.56962366136775 -8.06952989272286 7.29248250422184 -2.17944260206047 6.5819661794612 0 2.82187173304701 -0.0771754043536146 18.1124276659044 1.83768806752641 14.3290552097974 -0.071687208549905 0.493731254899749 -0.0703306671512922 0.881296339263812 0.495501579947538 0.79409043040317 1.78570482816813 1.32666692572025 0.695830386884432 0.594697144159441 4.51637977013196 -1.87978522269045 1.39058398219784 -15.773435087769 -18.7414049910109 3.13085404973517 17.3993106021543 19.3847518097305 6.52482635107582 9.71817587954838 -0.874160631966852 -0.23258512202305 0.173234727332943 -0.407677780514433 0.0703606859223734 -1.81739824908664 -1.70862130471907 0.581065051635292 -0.0839662442654214 0.892010547636082 
2.85206656194692 -7.96469454465653 3.94357362014408 8.0018293219627 3.39300922252844 17.7051188946725 3.84524594240135 -0.0771754043536146 18.1124276659044 -2.80035309344547 14.3290552097974 -0.809334380849886 0 0.564712925318029 1.48790800912208 0.366502849043581 0 1.78570482816813 1.32666692572025 0 0.594697144159441 0.912785321270481 -2.0694721698386 0.58477505190986 -13.1164008998854 -20.780959787141 17.6326684363338 17.3993106021543 10.0467394912833 0.0708602927955151 0 1.97945172897515 -0.23258512202305 -0.960433059218541 0 -0.935607305995937 1.50988520317706 -1.70862130471907 -0.00272511171769591 0.176467678168075 -0.044609132243604 
2.85206656194692 -8.06952989272286 -12.6065675134801 -2.59057254744255 3.51764245741891 17.7051188946725 2.82187173304701 -0.0771754043536146 18.1124276659044 1.83768806752641 14.3290552097974 -0.071687208549905 0 -0.0703306671512922 1.48126034934132 0.366502849043581 0.79409043040317 1.78570482816813 1.32666692572025 0.695830386884432 0.594697144159441 4.51637977013196 -1.87978522269045 0.69404680484163 -13.1164008998854 -18.7414049910109 3.13085404973517 19.4777762421769 19.3847518097305 7.65148613958223 9.71817587954838 -0.874160631966852 -0.23258512202305 -0.310013441913768 0 0.0703606859223734 -1.81739824908664 -1.46783191220268 0.581065051635292 -0.0839662442654214 0.892010547636082 
1.57142565333233 -7.96469454465653 3.94357362014408 -2.17944260206047 3.39300922252844 18.9134139843348 2.82187173304701 -0.0771754043536146 17.1238220059889 -2.80035309344547 14.3290552097974 -0.809334380849886 0 -0.0703306671512922 1.48790800912208 -0.106938016557572 0.79409043040317 1.78570482816813 1.4092535164716 0 0.594697144159441 0 -1.87978522269045 0.58477505190986 5.4091972417241 -20.780959787141 17.6326684363338 19.4777762421769 6.95862534137379 2.80304112206355 0 1.73176888700191 -0.23258512202305 -1.48280597844757 -0.493103477458052 -0.935607305995937 1.46405320403355 -1.46783191220268 0.498807430336628 0.176467678168075 -0.044609132243604 
2.85206656194692 -7.96469454465653 3.94357362014408 8.0018293219627 3.39300922252844 17.7051188946725 3.84524594240135 -0.0771754043536146 18.1124276659044 -2.80035309344547 14.3290552097974 -1.12923244310507 0 0.564712925318029 1.48790800912208 0.366502849043581 0 1.78570482816813 1.32666692572025 0 0.594697144159441 1.5975760122517 -1.87978522269045 0 -13.1164008998854 7.20691330647418 17.6326684363338 11.736142372124 10.0467394912833 2.80304112206355 0 1.97945172897515 -0.23258512202305 -0.667678957184627 0 -0.221321241404545 1.46405320403355 -2.01234856421703 -0.00272511171769591 0.176467678168075 -0.044609132243604 
2.85206656194692 -7.96469454465653 3.13629086042582 8.0018293219627 3.39300922252844 17.7051188946725 2.82187173304701 -0.0771754043536146 18.1124276659044 -2.80035309344547 14.2602092911304 -0.809334380849886 0 0.564712925318029 1.48790800912208 0.366502849043581 0.383149220567732 1.78570482816813 1.32666692572025 0 0.594697144159441 0.912785321270481 -2.0694721698386 0.58477505190986 -13.1164008998854 7.20691330647418 17.6326684363338 17.3993106021543 10.0467394912833 2.80304112206355 1.75905532844321 1.97945172897515 -0.23258512202305 -0.960433059218541 0 -0.221321241404545 1.50988520317706 -1.70862130471907 -0.00272511171769591 0.176467678168075 -0.044609132243604 
2.85206656194692 -7.96469454465653 1.73438365926705 -2.17944260206047 3.39300922252844 17.7051188946725 3.410206303564 -0.0771754043536146 18.1124276659044 -2.80035309344547 14.3290552097974 -0.632761416571569 0.611240587072093 -0.0703306671512922 1.48790800912208 0.366502849043581 0.271811686834233 1.78570482816813 1.32666692572025 0 0.594697144159441 25.2945487222609 1.69765792542494 0.58477505190986 -13.1164008998854 -18.7414049910109 4.49852210190078 19.4777762421769 19.3847518097305 2.80304112206355 -3.11203519167008 1.03065258613352 -0.23258512202305 -0.355160973647219 0 0.0703606859223734 -2.70501538077603 -1.46783191220268 0.581065051635292 0.176467678168075 -0.044609132243604 
2.85206656194692 -9.6165230449366 7.29248250422184 16.9659098322345 3.39300922252844 17.7051188946725 -4.17879500686135 -0.0771754043536146 18.1124276659044 -2.64093658334619 15.2766814170762 0.595608745978963 0.493731254899749 0.545840444381274 1.48790800912208 0.366502849043581 0 1.78570482816813 1.32666692572025 0 0.591217487878733 4.51637977013196 -15.0430522985026 7.93350558280177 -13.1164008998854 14.9860957893478 20.4858299084407 0 19.3847518097305 4.63563457468321 5.20655095102571 -0.874160631966852 0.777818305035037 -0.387402305690293 0 0 2.16036358673142 -0.699646122753455 0.581065051635292 -0.462485380686114 0.421053572102009 
2.85189431548331 -9.6165230449366 -13.3281067257412 -2.17944260206047 3.39300922252844 17.7051188946725 2.82187173304701 -0.0771754043536146 18.1124276659044 0 14.3290552097974 0.595608745978963 -0.0115807310731992 -0.0703306671512922 1.48790800912208 0.366502849043581 0.79409043040317 1.78570482816813 1.32666692572025 0 0.594697144159441 4.51637977013196 -0.14319507328011 0.58477505190986 0 -18.7414049910109 3.13085404973517 17.3993106021543 0 7.65148613958223 9.71817587954838 -0.874160631966852 -1.22670822586711 -0.355160973647219 1.52201228954923 0.0703606859223734 -1.81739824908664 -1.70862130471907 0.855582403072893 -0.0839662442654214 1.35861408496677 
2.8517153593779 -19.6061065236368 -12.6065675134801 3.23005655930846 3.39300922252844 0 5.24386391134181 -0.0771754043536146 19.9770825323309 -1.30612647182128 14.3290552097974 -0.699111080644238 0 1.20186968389986 1.48790800912208 0.495501579947538 0.79409043040317 1.78570482816813 1.21922591098548 0.759274047240277 0.594697144159441 4.51637977013196 -1.87978522269045 0.58477505190986 0 -18.7414049910109 3.13085404973517 11.736142372124 8.60062024663231 7.65148613958223 17.4242149374561 -0.874160631966852 -0.23258512202305 -0.960433059218541 2.06864346923709 0.0703606859223734 -1.75876191552671 -2.01234856421703 0.0949900055886199 0.0800315101258603 0 
2.8517153593779 -9.6165230449366 5.75512571609818 3.23005655930846 0 12.7497409259201 -0.264169320517297 -0.0771754043536146 18.1124276659044 0 12.1445830739777 0.595608745978963 0.75899016615422 1.20186968389986 0.860422585560206 0 0.79409043040317 1.78570482816813 1.32666692572025 1.55277195365763 1.02763989435399 0 13.8948257145913 5.43270056668329 0 15.718997639799 2.0032446126003 13.0460968488111 19.3847518097305 2.80304112206355 9.71817587954838 1.73176888700191 0 -0.230153424074013 2.26721421987154 0.368912837034516 -1.81739824908664 -1.54860505999467 0.581065051635292 0.899531756206197 0.892010547636082 
2.8517153593779 -10.0868849364281 5.75512571609818 3.23005655930846 0 17.7051188946725 2.82187173304701 -0.0771754043536146 18.1124276659044 -2.80035309344547 14.3290552097974 0.34073995715973 0.75899016615422 1.20186968389986 0.910377350044612 0.366502849043581 0.79409043040317 1.78570482816813 1.32666692572025 0 0.962441256419961 0 -1.87978522269045 -2.04416472785834 2.60369903901764 -18.7414049910109 1.24519768417589 21.2051998741483 19.3847518097305 2.80304112206355 10.6914820638911 1.54672771768026 -0.23258512202305 -0.716334602244354 -0.176892329425035 0.0703606859223734 -2.41878447859026 -1.70862130471907 0.581065051635292 0.176467678168075 0.393495418947887 
2.8517153593779 -9.6165230449366 5.75512571609818 3.23005655930846 0 12.7497409259201 2.82187173304701 -0.0771754043536146 18.1124276659044 -0.941491564429128 12.1445830739777 0.595608745978963 0.75899016615422 1.20186968389986 1.16322991966886 0 0.79409043040317 1.78570482816813 1.32666692572025 0.287503853918753 1.02763989435399 0 -1.87978522269045 5.43270056668329 7.43751919543721 7.20691330647418 0 21.2051998741483 19.3847518097305 2.80304112206355 9.71817587954838 1.73176888700191 -0.23258512202305 -0.230153424074013 -0.493103477458052 -0.221321241404545 -1.81739824908664 -1.70862130471907 0.581065051635292 0.481224283432226 0.892010547636082 
2.85164744090438 -7.96469454465653 3.94357362014408 7.86436607770825 3.39300922252844 14.7329414774351 3.84524594240135 -0.0771754043536146 18.1124276659044 -0.0698750087152584 14.3290552097974 -0.215791586579658 0 0.963090784811923 1.48790800912208 0.366502849043581 0 1.78570482816813 1.32666692572025 -0.263169920194508 0.594697144159441 3.30415186155781 -1.87978522269045 0.58477505190986 -13.1164008998854 -19.2798999723885 17.6326684363338 19.4777762421769 10.0467394912833 -0.430134157384808 12.1851239914937 -0.874160631966852 -0.23258512202305 -1.28212209064147 0 -0.100454165707554 1.50988520317706 -1.46783191220268 -0.00272511171769591 0.102783863201171 0.892010547636082 
0.748595936178965 -7.84576496893809 3.94357362014408 3.23005655930846 9.92576415565599 17.7051188946725 3.61720275421031 -0.0771754043536146 18.1124276659044 -2.80035309344547 14.3290552097974 -0.704994169871785 0 1.20186968389986 -1.8872255875297 0.366502849043581 0.61903098956171 1.78570482816813 1.32666692572025 0 0.594697144159441 -1.04831799743619 -1.87978522269045 0 -13.1164008998854 -20.780959787141 17.6326684363338 11.736142372124 10.0467394912833 2.80304112206355 0 1.82759699492138 -0.23258512202305 -0.667678957184627 0 -0.935607305995937 1.05969638239113 -2.01234856421703 -0.00272511171769591 0.176467678168075 -0.044609132243604 
2.67300617130744 -15.1649440523074 7.29248250422184 3.23005655930846 -2.67812249161216 11.47205793209 2.82187173304701 -0.0771754043536146 22.3340620832211 0 12.9003652864603 -0.667015781936709 0.493731254899749 1.20186968389986 0.586827653109481 0.172167882631611 0.79409043040317 1.78570482816813 1.31061227878119 1.456729500078 0.967422614138304 4.51637977013196 -1.87978522269045 5.43270056668329 0 14.5670878234399 3.13085404973517 17.3993106021543 0 0 12.0432411057145 -0.874160631966852 -0.23258512202305 -0.230153424074013 2.26721421987154 0.214942639449119 -1.81739824908664 -1.70862130471907 0.855582403072893 -0.462485380686114 0.287101972003981 
2.61930163874916 -7.96469454465653 3.94357362014408 6.40022221775736 3.39300922252844 17.7051188946725 2.84657071328097 -0.0771754043536146 18.1124276659044 2.31664948596929 14.3290552097974 -0.215791586579658 0 0.963090784811923 1.48790800912208 0.366502849043581 0 1.78570482816813 1.32666692572025 -0.466260913510928 0.594697144159441 20.127102311946 -17.7299109090725 5.43270056668329 -13.1164008998854 -18.7414049910109 19.5581655390599 19.4777762421769 19.4120751846405 0.673815453273158 17.4242149374561 1.01429005688722 0 -0.230153424074013 0 0.168417195248612 1.24746193448429 -1.46783191220268 0.892246200033578 0.591525792368466 0 
2.56698428064656 -7.96469454465653 3.94357362014408 6.40022221775736 4.05558788057211 17.7051188946725 3.84524594240135 -0.0771754043536146 18.1124276659044 -1.43399806692451 14.3290552097974 -0.215791586579658 0 0.963090784811923 1.29801923303307 0.366502849043581 0 1.78570482816813 1.32666692572025 -0.00511327814548901 0.594697144159441 3.30415186155781 -1.87978522269045 0.58477505190986 -13.1164008998854 -18.7414049910109 17.6326684363338 17.3993106021543 10.0467394912833 -0.430134157384808 12.1851239914937 -0.874160631966852 -0.23258512202305 -0.960433059218541 0 0.168417195248612 1.50988520317706 -1.70862130471907 -0.00272511171769591 0.1631679539956 0.892010547636082 
2.61930163874916 -7.96469454465653 3.94357362014408 6.40022221775736 3.39300922252844 17.7051188946725 3.84524594240135 -0.0771754043536146 18.1124276659044 -1.43399806692451 16.1415796129692 -0.215791586579658 -0.327238895430806 0.963090784811923 1.48790800912208 0.366502849043581 0 1.78570482816813 1.32666692572025 -0.00511327814548901 0.600710843666788 3.30415186155781 -1.87978522269045 0.58477505190986 -13.1164008998854 -18.7414049910109 17.6326684363338 17.3993106021543 10.0467394912833 -0.430134157384808 13.0930053509041 -0.874160631966852 0.298030199072338 -0.960433059218541 0 0.168417195248612 1.50988520317706 -1.70862130471907 -0.00272511171769591 0.1631679539956 1.12520309806112 
2.61200305480772 -9.6165230449366 7.29248250422184 3.23005655930846 0 11.47205793209 5.9701287271083 -0.0771754043536146 22.3340620832211 0 15.2766814170762 0.595608745978963 0.493731254899749 1.20186968389986 0.860422585560206 0.657552726509772 0.867401597927046 1.78570482816813 1.31061227878119 1.456729500078 0.591217487878733 -17.9936584914074 0 5.43270056668329 3.3398776808008 -18.7414049910109 17.6326684363338 13.0460968488111 0 3.89367877249312 12.1851239914937 -1.77381643269854 0 -0.230153424074013 -0.309161031879094 0.168417195248612 2.10620860279361 -1.54860505999467 0.855582403072893 -0.0839662442654214 0.892010547636082 
2.60433352204283 -9.6165230449366 3.94357362014408 3.23005655930846 0.0724695343396019 17.7051188946725 3.26914040966385 -0.0771754043536146 20.8293769432369 0 14.3290552097974 0.595608745978963 -0.101165666739068 1.20186968389986 1.48790800912208 0.366502849043581 0.436780483059948 1.78570482816813 1.32666692572025 0 0.594697144159441 4.51637977013196 -2.63655989679348 0 5.4091972417241 10.4952098105546 20.6543767362155 14.4794912018718 11.1529800113072 1.58678779503647 0 -0.874160631966852 -1.22670822586711 -0.667678957184627 -0.493103477458052 0 1.92585700434905 -1.26606603548679 0.462349843612103 -0.462485380686114 -0.044609132243604 
2.57251523508209 -19.8999924756587 5.15372766144747 14.2524333333841 -0.37096006172754 0 15.0788702420326 -0.0771754043536146 22.3340620832211 2.84413004202961 -4.08325131937547 -0.699111080644238 0.458565329782928 0.557846121330674 -0.106938836410147 1.08766929275713 0.23761765325331 1.78570482816813 1.31061227878119 0.88817023583137 -0.912886453188437 5.75275976979302 -15.0430522985026 -16.539486076934 -1.74817996683911 -21.5882046992836 17.6326684363338 17.3993106021543 10.0467394912833 1.01287162700336 17.4242149374561 -1.02459396173926 0.777818305035037 0 -0.0808739939894872 -0.80953590087571 1.46405320403355 -1.70862130471907 -0.00272511171769591 -1.13195885704456 -1.01674286813789 
0 -15.1649440523074 7.29248250422184 14.2524333333841 3.39300922252844 0.422914800873452 3.82697485749469 -0.0771754043536146 22.3340620832211 -3.14911976759281 -5.62973323617118 -0.667015781936709 0.493731254899749 0.557846121330674 1.48790800912208 1.26292353507733 0.867401597927046 1.78570482816813 1.31061227878119 1.3106932861268 -0.555537694387854 0 -1.87978522269045 0 0 -23.7276062339207 17.6326684363338 17.3993106021543 0 -21.8937005505402 14.8171766717998 1.97945172897515 -0.23258512202305 -0.667678957184627 0 -0.564429142137258 1.46405320403355 -1.70862130471907 0.855582403072893 -0.928333118198595 0.48456446357284 
2.56819821463191 -9.6165230449366 2.13387962721003 -2.17944260206047 0 17.7051188946725 2.82187173304701 -0.0771754043536146 22.3340620832211 0 1.89087667804718 0.462086608615744 0 -0.0703306671512922 0.860422585560206 0.366502849043581 0.79409043040317 1.78570482816813 1.31061227878119 1.456729500078 0.0866061290989659 7.08938576634479 -1.87978522269045 0.58477505190986 -13.1164008998854 -21.5882046992836 3.13085404973517 17.3993106021543 19.3847518097305 3.89367877249312 9.71817587954838 -1.16460756113036 -0.23258512202305 -0.355160973647219 0 -0.672353881924578 -1.81739824908664 -1.70862130471907 0.581065051635292 -0.0839662442654214 0.892010547636082 
2.56728782341509 -9.6165230449366 5.75512571609818 3.23005655930846 0.560331688663145 11.47205793209 1.88353217385408 -0.0771754043536146 19.9770825323309 3.66679412732683 14.3290552097974 0.778663264717284 0.806164592437523 1.20186968389986 0.860422585560206 0.3806206840559 0.278607121635511 1.78570482816813 1.21922591098548 0.88817023583137 0.594697144159441 -17.9936584914074 0 5.43270056668329 -17.7115514211876 -22.1305153078542 16.7554569353608 17.3993106021543 0 3.89367877249312 9.71817587954838 -1.77381643269854 0.0297454405900768 -0.230153424074013 -1.52048759140097 -1.01349051759741 1.04884079272805 -1.70862130471907 0.855582403072893 -0.0839662442654214 0.892010547636082 
1.57142565333233 -9.6165230449366 7.29248250422184 -10.3638491455297 3.39300922252844 0.422914800873452 2.82187173304701 19.0058825253536 22.3340620832211 -1.18797411468717 -5.62973323617118 0.595608745978963 0.493731254899749 0 1.48790800912208 0.389900489700912 0.79409043040317 0 1.31061227878119 -0.263169920194508 -0.555537694387854 -17.9936584914074 13.8948257145913 5.43270056668329 0 15.718997639799 3.13085404973517 17.3993106021543 19.3847518097305 -18.8818193501243 -4.22133633644382 -1.77381643269854 0 -0.230153424074013 2.26721421987154 0.368912837034516 -1.81739824908664 -1.70862130471907 0.581065051635292 -1.56857905900505 -0.044609132243604 
2.57014966626553 -9.6165230449366 10.7108050502887 6.69565338811169 3.39300922252844 0 2.82187173304701 -0.0771754043536146 1.18992964191825 0 1.89087667804718 0.595608745978963 0.493731254899749 0.113440549901426 1.48790800912208 0.495501579947538 0.79409043040317 1.78570482816813 0.510160379144438 0 0.0866061290989659 4.51637977013196 0.976683238487077 4.75644002943599 9.08221915638178 8.74422812601283 3.13085404973517 17.3993106021543 19.3847518097305 6.52482635107582 0 -0.874160631966852 0.383926654292236 -0.388893530442796 -0.0593000749029685 -0.594654094937562 -1.81739824908664 -1.70862130471907 0.581065051635292 -0.0839662442654214 -0.044609132243604 
2.85265509800914 -9.6165230449366 5.75512571609818 14.2524333333841 3.39300922252844 0.422914800873452 2.82187173304701 -0.0771754043536146 22.3340620832211 0.112371983175339 14.3290552097974 0.595608745978963 0.75899016615422 0.475854398424669 1.48790800912208 0.389900489700912 0.79409043040317 1.78570482816813 1.31061227878119 1.24312016103096 0.594697144159441 0.262759531714376 -1.87978522269045 -0.1098511438397 0 7.20691330647418 17.6326684363338 17.3993106021543 16.2473004009562 2.80304112206355 0 1.97945172897515 -0.23258512202305 -0.254479559261575 0 -0.221321241404545 1.46405320403355 -1.70862130471907 0.461214881078906 0.176467678168075 -0.044609132243604 
2.85161057714398 -8.20008195107807 5.75512571609818 0 0.560331688663145 3.11781161430656 2.82187173304701 12.7032875608202 19.9770825323309 -2.06931370341653 11.0606298292105 1.09673194805939 0.806164592437523 -0.0876153327187595 0.860422585560206 0.495501579947538 0.79409043040317 0 1.21922591098548 -1.70639345396142 0.921548834732524 4.45314907918365 0 -5.22881116407402 -17.7115514211876 -21.5882046992836 18.96162224494 17.3993106021543 16.1866752375554 10.4032606837355 0.22068421948733 -0.474160196829662 0.0297454405900768 -0.667678957184627 -1.52048759140097 -0.672353881924578 2.57854126267533 -1.70862130471907 0.581065051635292 0.045583046379305 -0.044609132243604 
2.85248450694752 -9.6165230449366 5.75512571609818 3.23005655930846 0.560331688663145 9.27179465944497 1.88353217385408 -0.0771754043536146 18.1124276659044 3.66679412732683 14.3290552097974 0.595608745978963 0.806164592437523 1.20186968389986 0.860422585560206 0 0.278607121635511 1.78570482816813 1.32666692572025 0.88817023583137 0.594697144159441 -17.9936584914074 0 5.43270056668329 -17.7115514211876 -21.5882046992836 0 17.3993106021543 11.1529800113072 3.89367877249312 0 -1.77381643269854 0.0297454405900768 -0.230153424074013 -1.52048759140097 -0.672353881924578 -1.81739824908664 -1.70862130471907 0.462349843612103 -0.0839662442654214 -0.044609132243604 
2.85356313813162 -9.6165230449366 5.75512571609818 3.23005655930846 0.560331688663145 22.6080074404171 2.82187173304701 -0.0771754043536146 18.1124276659044 0 14.3290552097974 0.778663264717284 0.806164592437523 1.20186968389986 0.860422585560206 -0.794128951562628 0.79409043040317 1.78570482816813 1.32666692572025 1.21117743209525 0.594697144159441 4.51637977013196 0 5.43270056668329 0 -21.5882046992836 17.6326684363338 11.736142372124 0 3.89367877249312 12.1851239914937 -0.874160631966852 0.0297454405900768 -0.230153424074013 2.26721421987154 -0.672353881924578 -0.00347218213764555 -2.01234856421703 0.855582403072893 -0.0839662442654214 0.892010547636082 
2.5694115145838 -15.1649440523074 -12.6065675134801 14.2524333333841 0 17.7051188946725 3.82697485749469 -0.0771754043536146 22.3340620832211 -3.14911976759281 13.3823069946525 -0.667015781936709 0 0.557846121330674 0.860422585560206 0.366502849043581 0.867401597927046 1.78570482816813 1.31061227878119 1.3106932861268 1.02494542801517 4.51637977013196 -1.87978522269045 5.43270056668329 0 -21.5882046992836 3.13085404973517 17.3993106021543 0 3.89367877249312 8.84818001969167 -0.596963967241796 -0.23258512202305 -0.230153424074013 2.26721421987154 -0.672353881924578 -1.81739824908664 -1.70862130471907 0.855582403072893 -0.0839662442654214 1.20179758336479 
0.748595936178965 -7.96469454465653 1.73438365926705 -2.17944260206047 3.39300922252844 17.7051188946725 3.410206303564 -0.0771754043536146 22.3340620832211 0 14.3290552097974 -0.632761416571569 0.611240587072093 -0.0703306671512922 1.48790800912208 0.366502849043581 0.271811686834233 1.78570482816813 1.31061227878119 1.55277195365763 0.594697144159441 2.95382719736259 -1.87978522269045 0.58477505190986 -13.1164008998854 -21.5882046992836 1.24519768417589 19.4777762421769 0 2.80304112206355 0 -0.403265590101138 -0.23258512202305 -0.355160973647219 0 -0.672353881924578 -2.41878447859026 -1.46783191220268 0.855582403072893 0.176467678168075 -0.044609132243604 
2.8517153593779 -10.0868849364281 -12.6065675134801 3.23005655930846 0 17.7051188946725 2.82187173304701 -0.0771754043536146 18.1124276659044 -2.80035309344547 14.3290552097974 0.34073995715973 0 1.20186968389986 0.860422585560206 0.366502849043581 0.79409043040317 1.78570482816813 1.32666692572025 0 0.962441256419961 0 -1.87978522269045 -2.04416472785834 -13.1164008998854 -18.7414049910109 17.6326684363338 19.4777762421769 19.3847518097305 -0.430134157384808 12.1851239914937 1.54672771768026 -0.23258512202305 -0.716334602244354 0 0.0703606859223734 1.50988520317706 -1.46783191220268 0.581065051635292 0.1631679539956 0.892010547636082 
1.57142565333233 -7.96469454465653 2.93995959958525 3.23005655930846 3.39300922252844 22.6080074404171 3.82697485749469 -0.0771754043536146 18.1124276659044 -3.41742904289506 -4.84609227548171 -0.215791586579658 1.51706056500183 1.20186968389986 1.48790800912208 -0.794128951562628 0.867401597927046 1.78570482816813 1.32666692572025 0.331607856234353 -0.30158478555809 4.51637977013196 -17.6228249814468 -16.539486076934 -13.1164008998854 -21.5882046992836 17.6326684363338 19.4777762421769 19.4120751846405 -17.7926458053024 12.1851239914937 -0.874160631966852 0.0310912653948605 0 0 -1.3695590271985 1.46405320403355 -1.46783191220268 0.892246200033578 -1.56857905900505 0.892010547636082 
2.5665477599918 -8.5880554152597 7.29248250422184 3.23005655930846 0 15.5122106060443 -4.17879500686135 -0.0771754043536146 9.48171761707948 -2.80035309344547 0.00548789510758961 0.952860246437071 0.493731254899749 1.20186968389986 0.860422585560206 0.366502849043581 0 1.78570482816813 1.27771223947765 0 0.252594015711264 10.0643274118958 0 5.43270056668329 -13.1164008998854 9.34647103284787 17.6326684363338 13.0460968488111 10.0467394912833 7.65148613958223 17.4242149374561 0.230906117218968 0 -0.230153424074013 0 -0.289473239509143 1.50988520317706 -1.54860505999467 -0.00272511171769591 0.627150817041821 0 
2.85290128070377 -9.6165230449366 -12.6065675134801 -2.17944260206047 3.39300922252844 0.422914800873452 2.82187173304701 -0.0771754043536146 18.1124276659044 0.112371983175339 14.3290552097974 0.595608745978963 0 -0.0703306671512922 1.48790800912208 0.389900489700912 0.79409043040317 1.78570482816813 1.32666692572025 1.24312016103096 0.594697144159441 4.51637977013196 -1.87978522269045 0 0 -21.5882046992836 3.13085404973517 17.3993106021543 0 7.65148613958223 0 -0.874160631966852 -0.23258512202305 -0.667678957184627 1.52201228954923 -1.3695590271985 -1.81739824908664 -1.70862130471907 0.855582403072893 -0.0839662442654214 -0.044609132243604 
2.85269303993233 -19.6061065236368 7.29248250422184 8.0834817620383 3.39300922252844 0.422914800873452 5.24386391134181 -0.0771754043536146 22.3340620832211 -1.18797411468717 14.3290552097974 -0.699111080644238 0.493731254899749 0.516109605541504 1.48790800912208 0.389900489700912 0.79409043040317 1.78570482816813 1.31061227878119 -0.263169920194508 0.594697144159441 4.51637977013196 -1.87978522269045 0.58477505190986 0 -21.5882046992836 17.6326684363338 11.736142372124 8.60062024663231 -18.8818193501243 17.4242149374561 -0.874160631966852 -0.23258512202305 -0.960433059218541 0 -0.404981171402606 1.46405320403355 -2.01234856421703 0.0949900055886199 -1.56857905900505 0 
2.85269303993233 -15.1649440523074 2.93995959958525 -2.17944260206047 2.95717485444954 22.6080074404171 3.82697485749469 -0.0771754043536146 18.1124276659044 -0.125524705287779 -4.84609227548171 -0.134093350513882 1.51706056500183 -0.0703306671512922 0.860422585560206 -0.794128951562628 0.867401597927046 1.78570482816813 1.32666692572025 0.287503853918753 -0.30158478555809 0 -1.87978522269045 -16.539486076934 0 -21.5882046992836 17.6326684363338 19.4777762421769 10.0467394912833 -17.7926458053024 0 1.73176888700191 -0.23258512202305 0 2.26721421987154 -1.3695590271985 1.46405320403355 -1.46783191220268 -0.00272511171769591 -1.56857905900505 -0.044609132243604 
2.8517153593779 -9.6165230449366 7.29248250422184 3.23005655930846 0 17.6844792424862 2.82187173304701 -0.0771754043536146 18.1124276659044 -0.0698750087152584 12.1445830739777 0.595608745978963 0.493731254899749 1.20186968389986 1.16322991966886 -0.160235606604365 0.79409043040317 1.78570482816813 1.32666692572025 -0.263169920194508 1.02763989435399 4.51637977013196 -1.87978522269045 5.43270056668329 7.43751919543721 7.20691330647418 0 17.3993106021543 0 2.80304112206355 12.1851239914937 -0.874160631966852 -0.23258512202305 -0.230153424074013 -0.493103477458052 -0.221321241404545 -1.81739824908664 -1.70862130471907 0.855582403072893 0.899531756206197 0.892010547636082 
2.85216340300209 -9.6165230449366 10.7108050502887 6.69565338811169 3.39300922252844 18.5528534135096 7.29032523263727 -0.0771754043536146 22.3340620832211 0 1.89087667804718 0.595608745978963 0.493731254899749 0.113440549901426 1.48790800912208 -0.191552240341693 -1.13388523669629 1.78570482816813 1.31061227878119 0 0.0866061290989659 4.51637977013196 0.976683238487077 4.04985858486027 9.08221915638178 -18.7414049910109 16.6679209721358 17.3993106021543 16.2473004009562 6.52482635107582 12.1851239914937 -0.874160631966852 0.383926654292236 -1.07924685198313 -0.0593000749029685 0.168417195248612 1.89857760578793 -1.70862130471907 0.461214881078906 -0.0839662442654214 0.892010547636082 
2.85296702945728 -7.88964496626968 3.94357362014408 6.40022221775736 3.39300922252844 18.5528534135096 7.29032523263727 -0.0771754043536146 18.1124276659044 -0.0698750087152584 14.3290552097974 0.595608745978963 0 0.963090784811923 1.48790800912208 -0.191552240341693 -1.13388523669629 1.78570482816813 1.32666692572025 -0.263169920194508 0.594697144159441 3.30415186155781 -1.87978522269045 4.04985858486027 -13.1164008998854 -18.7414049910109 2.04711511409707 19.4777762421769 16.2473004009562 -0.430134157384808 12.1851239914937 -0.874160631966852 -0.23258512202305 -1.07924685198313 0 0.168417195248612 -1.60309314721408 -1.46783191220268 0.461214881078906 0.102783863201171 0.892010547636082 
2.85189431548331 -7.88964496626968 3.94357362014408 8.0018293219627 3.39300922252844 22.6080074404171 7.29032523263727 -0.0771754043536146 18.1124276659044 -0.0698750087152584 14.3290552097974 0.595608745978963 0 0.564712925318029 1.48790800912208 -0.794128951562628 -1.13388523669629 1.78570482816813 1.32666692572025 -0.263169920194508 0.594697144159441 3.30415186155781 -1.87978522269045 4.04985858486027 0 -21.5882046992836 17.6326684363338 17.3993106021543 10.0467394912833 -0.430134157384808 12.1851239914937 -0.874160631966852 -0.23258512202305 -1.07924685198313 2.26721421987154 -1.3695590271985 1.50988520317706 -1.70862130471907 -0.00272511171769591 0.102783863201171 0.892010547636082 
0 -15.1649440523074 7.29248250422184 14.2524333333841 2.95717485444954 22.6080074404171 3.82697485749469 -0.0771754043536146 22.3340620832211 -3.41742904289506 1.77938435379387 -0.667015781936709 0.493731254899749 0.557846121330674 0.860422585560206 -0.794128951562628 0.867401597927046 1.78570482816813 0.828731150491504 0.331607856234353 -0.58537630092603 4.51637977013196 0 1.39058398219784 0 -21.5882046992836 17.6326684363338 17.3993106021543 -3.0072766933624 -21.8937005505402 14.8171766717998 -0.874160631966852 0 0.173234727332943 2.26721421987154 -0.404981171402606 1.46405320403355 -1.70862130471907 0.949875445202866 -0.928333118198595 0.48456446357284 
2.57009741187275 -8.5880554152597 -12.6065675134801 -2.17944260206047 3.51764245741891 15.5122106060443 -4.17879500686135 -0.0771754043536146 18.1124276659044 -2.80035309344547 14.3290552097974 0.952860246437071 0 -0.0703306671512922 1.48126034934132 0.366502849043581 0 1.78570482816813 1.32666692572025 0 0.594697144159441 4.51637977013196 -1.87978522269045 0.58477505190986 -13.1164008998854 9.34647103284787 20.4858299084407 19.4777762421769 19.3847518097305 7.65148613958223 17.4242149374561 -0.874160631966852 -0.23258512202305 -0.355160973647219 0 -0.289473239509143 2.16036358673142 -1.46783191220268 0.581065051635292 -0.0839662442654214 0 
2.56793731455563 -7.96469454465653 3.94357362014408 -2.17944260206047 -2.67812249161216 18.9134139843348 2.82187173304701 -0.0771754043536146 18.1124276659044 -2.80035309344547 14.3290552097974 -0.809334380849886 0 -0.0703306671512922 0.586827653109481 -0.106938016557572 0.79409043040317 1.78570482816813 1.32666692572025 0 0.594697144159441 8.84275944765786 -1.87978522269045 0.58477505190986 5.4091972417241 -20.780959787141 20.4858299084407 19.4777762421769 10.0467394912833 7.65148613958223 0 -0.356071219451759 -0.23258512202305 -1.48280597844757 -0.493103477458052 -0.935607305995937 2.16036358673142 -1.46783191220268 -0.00272511171769591 0.627150817041821 -0.044609132243604 
2.56750516746731 -8.20008195107807 -12.6065675134801 0 3.39300922252844 17.7051188946725 2.82187173304701 -0.0771754043536146 18.1124276659044 -2.06931370341653 14.3290552097974 1.09673194805939 0 -0.0876153327187595 1.48790800912208 0.366502849043581 0.79409043040317 1.78570482816813 1.32666692572025 -1.70639345396142 0.594697144159441 17.8765355828575 19.5161355920677 -8.34236005900537 -14.4431679363331 -18.7414049910109 3.13085404973517 17.3993106021543 0 7.65148613958223 9.71817587954838 0.317181885650932 0.72311685530614 -0.034078713047355 -0.259408905370817 0.0703606859223734 -1.81739824908664 -1.70862130471907 0.855582403072893 -0.0839662442654214 1.35861408496677 
2.36023650536628 -9.6165230449366 7.29248250422184 8.0834817620383 3.39300922252844 17.7051188946725 3.82697485749469 -0.0771754043536146 9.48171761707948 0.112371983175339 15.2766814170762 0.595608745978963 0.493731254899749 0.516109605541504 1.48790800912208 0.366502849043581 0.867401597927046 1.78570482816813 1.27771223947765 1.24312016103096 0.591217487878733 4.51637977013196 -15.0430522985026 -16.539486076934 0 14.9860957893478 17.6326684363338 17.3993106021543 19.3847518097305 7.65148613958223 5.20655095102571 -0.874160631966852 0.777818305035037 0 0 0 1.46405320403355 -1.70862130471907 0.581065051635292 0.627150817041821 0.421053572102009 
2.85283533369343 -12.1666011978717 -12.6065675134801 0 3.39300922252844 17.7051188946725 3.84524594240135 -0.0771754043536146 18.1124276659044 -2.80035309344547 1.77938435379387 0.706191634119578 0 -0.550279709692243 1.48790800912208 0.366502849043581 0 1.78570482816813 1.32666692572025 0 -0.58537630092603 0.912785321270481 -2.0694721698386 0.58477505190986 -13.1164008998854 -18.7414049910109 17.6326684363338 17.3993106021543 10.0467394912833 7.65148613958223 0 1.97945172897515 -0.23258512202305 -0.960433059218541 0 0.0703606859223734 1.50988520317706 -1.70862130471907 -0.00272511171769591 -0.0839662442654214 -0.044609132243604 
2.8523801306885 -12.1666011978717 -12.6065675134801 0 3.39300922252844 0.422914800873452 3.82697485749469 -0.0771754043536146 22.3340620832211 -0.0698750087152584 1.77938435379387 0.706191634119578 0 -0.550279709692243 1.48790800912208 0.389900489700912 0.867401597927046 1.78570482816813 1.31061227878119 -0.263169920194508 -0.58537630092603 2.74256187432565 0 1.39058398219784 0 -18.7414049910109 3.13085404973517 17.3993106021543 0 7.65148613958223 15.4001649952262 -0.874160631966852 0 0.173234727332943 2.06864346923709 0.0703606859223734 -1.75876191552671 -1.70862130471907 0.855582403072893 -0.0839662442654214 0.77956829406301 
2.56962366136775 -8.06952989272286 5.75512571609818 14.2524333333841 0.560331688663145 0 2.82187173304701 -0.0771754043536146 18.1124276659044 1.83768806752641 14.3290552097974 -0.071687208549905 0.806164592437523 0 0.860422585560206 0.495501579947538 0.79409043040317 1.78570482816813 1.32666692572025 0.695830386884432 0.594697144159441 4.51637977013196 -1.87978522269045 1.39058398219784 -13.1164008998854 -21.5882046992836 3.13085404973517 17.3993106021543 16.1866752375554 6.52482635107582 9.71817587954838 -0.874160631966852 -0.23258512202305 0.173234727332943 0 -0.672353881924578 -1.81739824908664 -1.70862130471907 0.581065051635292 -0.0839662442654214 0.892010547636082 
2.56819821463191 -15.1649440523074 3.94357362014408 8.0018293219627 2.95717485444954 22.6080074404171 3.84524594240135 -0.0771754043536146 22.3340620832211 -2.80035309344547 -5.62973323617118 -0.667015781936709 0 0.564712925318029 0.860422585560206 -0.794128951562628 0 1.78570482816813 1.31061227878119 0 -0.555537694387854 4.51637977013196 -17.6228249814468 0.58477505190986 -13.1164008998854 -21.5882046992836 17.6326684363338 17.3993106021543 10.0467394912833 2.80304112206355 14.8171766717998 -0.874160631966852 0.0310912653948605 -0.960433059218541 0 -0.404981171402606 1.50988520317706 -1.70862130471907 -0.00272511171769591 0.176467678168075 0.48456446357284 
2.85269303993233 -8.06952989272286 -12.6065675134801 -2.17944260206047 3.51764245741891 0.422914800873452 1.91597240048739 -0.0771754043536146 18.1124276659044 0.112371983175339 14.3290552097974 -0.071687208549905 0 -0.0703306671512922 1.48126034934132 0.389900489700912 0.79409043040317 1.78570482816813 1.32666692572025 1.24312016103096 0.594697144159441 4.51637977013196 -1.87978522269045 0.58477505190986 -13.1164008998854 -21.5882046992836 3.13085404973517 19.4777762421769 16.2473004009562 2.80304112206355 9.71817587954838 -0.874160631966852 -0.23258512202305 -0.355160973647219 0 -1.3695590271985 -1.81739824908664 -1.46783191220268 0.461214881078906 0.176467678168075 0.892010547636082 
2.85189431548331 -7.96469454465653 3.94357362014408 -2.17944260206047 3.39300922252844 22.6080074404171 2.82187173304701 -0.0771754043536146 18.1124276659044 -3.41742904289506 -5.62973323617118 -0.809334380849886 0 -0.0703306671512922 1.48790800912208 -0.794128951562628 0.79409043040317 1.78570482816813 1.32666692572025 0.331607856234353 -0.555537694387854 4.51637977013196 -17.6228249814468 0.58477505190986 5.4091972417241 -21.5882046992836 17.6326684363338 17.3993106021543 0 2.80304112206355 0 -0.874160631966852 0.0310912653948605 -1.48280597844757 -0.493103477458052 -0.404981171402606 1.46405320403355 -1.70862130471907 0.855582403072893 0.176467678168075 -0.044609132243604 
2.36739402191826 -8.5880554152597 3.94357362014408 8.0018293219627 0 15.5122106060443 3.84524594240135 -0.0771754043536146 18.1124276659044 -2.80035309344547 0.00548789510758961 0.952860246437071 0 0.564712925318029 1.39173703975591 0.366502849043581 0 1.78570482816813 1.32666692572025 0 0.252594015711264 10.0643274118958 -15.0430522985026 6.3126108834113 -14.7038870438486 9.34647103284787 17.6326684363338 0 10.0467394912833 2.80304112206355 0 0.230906117218968 0.777818305035037 -0.676888563985419 0.432495423980288 -0.289473239509143 1.46405320403355 -0.699646122753455 0.443096199246634 0.176467678168075 -0.044609132243604 
1.57142565333233 -7.96469454465653 2.8344479789885 8.0018293219627 3.39300922252844 15.5122106060443 2.82187173304701 -0.0771754043536146 9.48171761707948 0.617433711987656 14.3290552097974 -0.809334380849886 1.6489678213368 0.564712925318029 1.48790800912208 0.366502849043581 0.383149220567732 1.78570482816813 1.32205672695397 -0.263169920194508 0.594697144159441 0.912785321270481 -15.0430522985026 0.58477505190986 -13.1164008998854 9.34647103284787 20.4858299084407 17.3993106021543 10.0467394912833 2.80304112206355 17.4242149374561 1.97945172897515 0.777818305035037 -0.960433059218541 0 -0.289473239509143 2.16036358673142 -1.70862130471907 0.443096199246634 0.176467678168075 0 
1.57142565333233 -7.96469454465653 2.8344479789885 16.9659098322345 0 15.5122106060443 3.410206303564 -0.0771754043536146 18.1124276659044 -2.80035309344547 14.3290552097974 -0.632761416571569 1.6489678213368 0.57008058175914 0.828666320130539 0.366502849043581 0.271811686834233 1.78570482816813 1.32666692572025 0 0.594697144159441 10.0643274118958 -15.0430522985026 0.58477505190986 -13.1164008998854 -18.7414049910109 20.4858299084407 0 10.4699979327479 2.80304112206355 17.4242149374561 0.230906117218968 0.777818305035037 -0.355160973647219 0 0.0703606859223734 2.16036358673142 -0.699646122753455 -0.00272511171769591 0.176467678168075 0 
1.57142565333233 -7.55835132019518 7.29248250422184 8.0834817620383 3.39300922252844 0.422914800873452 2.82187173304701 -0.0771754043536146 22.3340620832211 -2.80035309344547 15.2766814170762 0.408509649330988 0.493731254899749 0.516109605541504 1.48790800912208 0.389900489700912 0.79409043040317 1.78570482816813 1.78458551220809 0 0.591217487878733 2.95382719736259 -15.0430522985026 0 -13.1164008998854 -21.5882046992836 17.6326684363338 17.3993106021543 19.3847518097305 -18.8818193501243 14.8171766717998 -0.403265590101138 0.777818305035037 -0.667678957184627 0 -0.404981171402606 1.46405320403355 -1.70862130471907 0.581065051635292 -1.56857905900505 0.48456446357284 
2.85189431548331 -9.6165230449366 10.7108050502887 6.69565338811169 3.39300922252844 0 2.82187173304701 -0.0771754043536146 18.1124276659044 -1.96301868812322 14.3290552097974 0.595608745978963 0.493731254899749 0.113440549901426 1.48790800912208 0.495501579947538 0.79409043040317 1.78570482816813 1.32666692572025 0.398703834413878 0.594697144159441 4.51637977013196 -2.63655989679348 1.39058398219784 9.08221915638178 14.9860957893478 16.6679209721358 17.3993106021543 19.3847518097305 5.55246178456697 12.1851239914937 -0.874160631966852 -1.22670822586711 0.173234727332943 -0.0593000749029685 0 1.89857760578793 -1.70862130471907 0.581065051635292 0.376858007869151 0.892010547636082 
2.56728782341509 -7.96469454465653 3.94357362014408 3.23005655930846 9.92576415565599 17.7051188946725 5.24386391134181 -0.0771754043536146 19.9770825323309 -2.80035309344547 14.3290552097974 -0.809334380849886 0 1.20186968389986 -1.8872255875297 0.366502849043581 0.79409043040317 1.78570482816813 1.21922591098548 0 0.594697144159441 0.912785321270481 -1.87978522269045 0 -13.1164008998854 -18.7414049910109 17.6326684363338 11.736142372124 8.60062024663231 2.80304112206355 0 1.97945172897515 -0.23258512202305 -0.667678957184627 0 0.0703606859223734 1.05969638239113 -2.01234856421703 0.0949900055886199 0.176467678168075 -0.044609132243604 
1.57142565333233 -9.6165230449366 2.93995959958525 3.23005655930846 2.95717485444954 12.7497409259201 2.82187173304701 -0.0771754043536146 22.3340620832211 -3.41742904289506 -5.62973323617118 0.595608745978963 1.51706056500183 1.20186968389986 0.860422585560206 0 0.79409043040317 1.78570482816813 1.31061227878119 0.331607856234353 -0.555537694387854 0 -17.6228249814468 5.43270056668329 3.37488473876141 -21.5882046992836 17.6326684363338 17.3993106021543 0 -21.8937005505402 9.71817587954838 1.73176888700191 0.0310912653948605 -0.230153424074013 2.65146339469192 -0.404981171402606 1.46405320403355 -1.70862130471907 0.855582403072893 -0.928333118198595 0.892010547636082 
2.85143743786121 -7.96469454465653 1.73438365926705 3.23005655930846 0 17.7051188946725 2.82187173304701 -0.0771754043536146 18.1124276659044 -2.80035309344547 14.3290552097974 -0.632761416571569 0.611240587072093 1.20186968389986 0.684997031141537 0.366502849043581 0.79409043040317 1.78570482816813 1.32666692572025 0 0.594697144159441 0 -1.87978522269045 -2.04416472785834 5.4091972417241 -18.7414049910109 1.24519768417589 19.4777762421769 19.3847518097305 2.80304112206355 -3.11203519167008 1.54672771768026 -0.23258512202305 -0.716334602244354 -0.493103477458052 0.0703606859223734 -2.41878447859026 -1.46783191220268 0.581065051635292 0.176467678168075 -0.044609132243604 
2.8517153593779 -9.6165230449366 5.75512571609818 3.23005655930846 0 17.7051188946725 -4.17879500686135 -0.0771754043536146 18.1124276659044 -0.125524705287779 12.1445830739777 0.595608745978963 0.75899016615422 1.20186968389986 1.16322991966886 0.366502849043581 0 1.78570482816813 1.32666692572025 0.287503853918753 1.02763989435399 0 -1.87978522269045 5.43270056668329 -13.1164008998854 14.9860957893478 0 21.2051998741483 19.3847518097305 2.80304112206355 9.71817587954838 1.73176888700191 -0.23258512202305 -0.230153424074013 0 0 -1.81739824908664 -1.70862130471907 0.581065051635292 0.899531756206197 0.892010547636082 
2.56802859629803 -9.6165230449366 3.94357362014408 7.86436607770825 0 17.7051188946725 3.84524594240135 -0.0771754043536146 22.3340620832211 -0.0698750087152584 14.3290552097974 0.778663264717284 0 0.963090784811923 0.860422585560206 0.366502849043581 0 1.78570482816813 1.31061227878119 -0.263169920194508 0.594697144159441 3.30415186155781 -1.87978522269045 0.58477505190986 -13.1164008998854 -21.5882046992836 17.6326684363338 17.3993106021543 19.3847518097305 3.89367877249312 9.71817587954838 -0.874160631966852 -0.23258512202305 -1.28212209064147 0 -0.672353881924578 1.50988520317706 -1.70862130471907 0.581065051635292 -0.0839662442654214 0.892010547636082 
2.85143743786121 -4.5343740807075 3.94357362014408 3.23005655930846 0 17.7051188946725 2.82187173304701 -0.0771754043536146 18.1124276659044 0 14.3290552097974 -0.381935718973137 0 1.20186968389986 0.860422585560206 0.366502849043581 0.79409043040317 1.78570482816813 1.32666692572025 1.55277195365763 0.594697144159441 0.912785321270481 -1.87978522269045 5.43270056668329 -13.1164008998854 -21.5882046992836 17.6326684363338 11.736142372124 10.0467394912833 -0.430134157384808 0 1.97945172897515 -0.23258512202305 -0.230153424074013 0 -0.672353881924578 1.50988520317706 -2.01234856421703 -0.00272511171769591 0.1631679539956 -0.044609132243604 
2.85251322763588 -15.1649440523074 7.29248250422184 -2.17944260206047 -2.67812249161216 18.9134139843348 2.82187173304701 -0.0771754043536146 17.1238220059889 0 14.3290552097974 -0.667015781936709 0.493731254899749 -0.0703306671512922 0.586827653109481 -0.106938016557572 0.79409043040317 1.78570482816813 1.4092535164716 1.456729500078 0.594697144159441 4.51637977013196 -1.87978522269045 5.43270056668329 5.4091972417241 -20.780959787141 17.6326684363338 19.4777762421769 0 2.80304112206355 0 -0.874160631966852 -0.23258512202305 -0.230153424074013 -0.493103477458052 -0.935607305995937 1.46405320403355 -1.46783191220268 0.855582403072893 0.176467678168075 -0.044609132243604 
2.56967445372853 -9.6165230449366 3.94357362014408 6.40022221775736 3.39300922252844 17.7051188946725 2.84657071328097 -0.0771754043536146 2.06952411451821 -0.0698750087152584 15.2766814170762 0.595608745978963 0 0.963090784811923 1.48790800912208 0.366502849043581 0 1.78570482816813 0.0348374208783905 -0.263169920194508 0.591217487878733 20.127102311946 13.8948257145913 5.43270056668329 0 15.718997639799 19.5581655390599 13.0460968488111 0 18.4724600017641 17.4242149374561 1.01429005688722 0 -0.230153424074013 2.26721421987154 0.368912837034516 1.24746193448429 -1.54860505999467 0.855582403072893 1.74054222448754 0 
2.85143743786121 -9.6165230449366 3.94357362014408 3.23005655930846 0.0724695343396019 17.7051188946725 3.84524594240135 -0.0771754043536146 18.1124276659044 0 14.3290552097974 0.595608745978963 0 1.20186968389986 1.48790800912208 0.366502849043581 0 1.78570482816813 1.32666692572025 0 0.594697144159441 3.30415186155781 -1.87978522269045 0 5.4091972417241 -18.7414049910109 17.6326684363338 14.4794912018718 10.0467394912833 -0.430134157384808 0 -0.874160631966852 -0.23258512202305 -0.667678957184627 -0.493103477458052 0.168417195248612 1.50988520317706 -1.26606603548679 -0.00272511171769591 0.1631679539956 -0.044609132243604 
1.57142565333233 -7.96469454465653 7.29248250422184 3.23005655930846 3.39300922252844 11.47205793209 3.82697485749469 -0.0771754043536146 22.3340620832211 -1.43399806692451 16.1415796129692 -0.215791586579658 0.493731254899749 1.20186968389986 1.48790800912208 0.657552726509772 0.867401597927046 1.78570482816813 1.31061227878119 -0.00511327814548901 0.600710843666788 -17.9936584914074 -1.87978522269045 0.58477505190986 -13.1164008998854 -18.7414049910109 17.6326684363338 17.3993106021543 10.0467394912833 3.89367877249312 12.1851239914937 -1.77381643269854 -0.23258512202305 -0.960433059218541 0 0.168417195248612 1.50988520317706 -1.70862130471907 -0.00272511171769591 -0.0839662442654214 0.892010547636082 
1.57142565333233 -9.6165230449366 2.13387962721003 -10.3638491455297 0 12.7497409259201 3.82697485749469 19.0058825253536 22.3340620832211 0 15.2766814170762 0.595608745978963 0 0 0.860422585560206 0 0.867401597927046 0 1.31061227878119 1.456729500078 0.591217487878733 -17.9936584914074 0 5.43270056668329 0 -18.7414049910109 3.13085404973517 13.0460968488111 0 18.4724600017641 12.1851239914937 -1.77381643269854 0 -0.230153424074013 2.26721421987154 0.168417195248612 -1.81739824908664 -1.54860505999467 0.855582403072893 1.74054222448754 0.892010547636082 
1.57142565333233 -9.6165230449366 6.1105536567562 3.23005655930846 3.39300922252844 18.5528534135096 7.29032523263727 -0.0771754043536146 18.1124276659044 -0.0698750087152584 14.3290552097974 0.595608745978963 0 1.20186968389986 1.48790800912208 -0.191552240341693 -1.13388523669629 1.78570482816813 1.32666692572025 -0.263169920194508 0.594697144159441 3.30415186155781 1.55421874250947 4.04985858486027 5.4091972417241 -18.7414049910109 2.04711511409707 19.4777762421769 11.1529800113072 -0.430134157384808 0 -0.874160631966852 -0.410449242401146 -1.07924685198313 -0.493103477458052 0.168417195248612 -1.60309314721408 -1.46783191220268 0.462349843612103 0.102783863201171 -0.044609132243604 
2.85154247632257 -19.8999924756587 5.15372766144747 3.23005655930846 0 12.7497409259201 2.82187173304701 -0.0771754043536146 18.1124276659044 -0.941491564429128 12.1445830739777 -0.699111080644238 0.458565329782928 1.20186968389986 1.16322991966886 0 0.79409043040317 1.78570482816813 1.32666692572025 0.287503853918753 1.02763989435399 0 -1.87978522269045 -16.539486076934 -1.74817996683911 7.20691330647418 17.6326684363338 21.2051998741483 10.0467394912833 2.80304112206355 17.4242149374561 1.73176888700191 -0.23258512202305 0 -0.0808739939894872 -0.221321241404545 1.46405320403355 -1.70862130471907 -0.00272511171769591 0.481224283432226 -0.509900116939051 
2.33642770756219 -7.96469454465653 3.94357362014408 14.2524333333841 3.39300922252844 17.7051188946725 2.84657071328097 -0.0771754043536146 18.1124276659044 -3.14911976759281 14.3290552097974 -0.215791586579658 0 0.557846121330674 1.48790800912208 0.366502849043581 0 1.78570482816813 1.32666692572025 1.3106932861268 0.594697144159441 20.127102311946 -1.87978522269045 5.43270056668329 0 -18.7414049910109 17.6326684363338 19.4777762421769 19.4120751846405 0.673815453273158 17.4242149374561 1.01429005688722 -0.23258512202305 -0.230153424074013 0 0.168417195248612 1.46405320403355 -1.46783191220268 0.892246200033578 0.591525792368466 0 
2.85240913886679 -9.6165230449366 7.29248250422184 14.2524333333841 3.39300922252844 0.422914800873452 2.82187173304701 -0.0771754043536146 22.3340620832211 0 -5.62973323617118 0.778663264717284 0.493731254899749 0.557846121330674 1.48790800912208 1.26292353507733 0.79409043040317 1.78570482816813 1.31061227878119 1.456729500078 -0.555537694387854 4.51637977013196 -1.87978522269045 0 -13.1164008998854 -23.7276062339207 3.13085404973517 17.3993106021543 19.3847518097305 3.89367877249312 14.8171766717998 -0.874160631966852 -0.23258512202305 -0.667678957184627 0 -0.564429142137258 -1.81739824908664 -1.70862130471907 0.581065051635292 -0.0839662442654214 0.48456446357284 
2.57014966626553 -9.6165230449366 5.75512571609818 3.23005655930846 0.560331688663145 11.47205793209 7.29032523263727 -0.0771754043536146 19.9770825323309 -0.0698750087152584 14.3290552097974 0.778663264717284 0.806164592437523 1.20186968389986 0.860422585560206 0.657552726509772 -1.13388523669629 1.78570482816813 1.21922591098548 -0.263169920194508 0.594697144159441 3.30415186155781 1.55421874250947 4.04985858486027 -13.1164008998854 -21.5882046992836 16.7554569353608 17.3993106021543 0 -0.430134157384808 12.1851239914937 -0.874160631966852 -0.410449242401146 -1.07924685198313 0 -0.672353881924578 1.04884079272805 -1.70862130471907 0.855582403072893 0.102783863201171 0.892010547636082 
