100
10
1.57142565333233 -1.78796895862928 -16.5183464328378 -18.4925046649261 0 0 0 0 -4.68225491451205 0 4.79890490174243 -0.630967898588147 -1.5335068393189 1.24028402997194 0.559117778464741 -1.24509222677215 -0.231540630679364 0.321793873944224 -0.170136558902514 1.36552410263825 0 19.9610012117592 0 7.29772884738526 -17.2569449605685 -18.4825621072587 0 -19.6919577101674 -2.41281903461219 -6.34477863383702 -3.57320316302274 -0.166137135664996 0 0.279403324369063 -1.84664526295226 -0.134435967604833 1.82806366208385 -0.149194221081768 0.770035954550857 0 0 
0 -8.21511196355108 1.89418355091204 0 14.7645996486603 -5.00484117539825 0 0 -8.73879827034604 0 -2.17981404726385 -0.911468295804909 1.78868548562223 0 0 -1.36422228224772 0 0 0 -1.0986397401889 1.95705523805556 0.608325405329617 -2.15507437575379 8.50976115488902 -11.3400387071725 -13.2424378829275 -14.9384392588113 -2.33806861673392 0 12.3803451994342 0 0.0806440050157923 -0.190769779584729 1.21244873721732 0 0 0.8990258941888 0 -0.437837019766605 -0.821898850063746 0.489368121367585 
2.36431119505926 -15.1649440523074 0 3.97482614218016 7.54104370602455 17.3482750343849 15.0788702420326 -0.884963926339971 18.1124276659044 0 0 -0.667015781936709 0 0 0 0 0.092221798418193 1.51713979221747 1.32666692572025 1.55277195365763 0 -7.97975425980042 0 -13.8402736158298 10.6418154251956 -12.5584815221645 0 0 0 -1.55922105608472 9.71817587954838 0 0 0.41138055101567 0 -1.64466012438976 -1.0288879233547 -1.9524874333071 0.249457139638 0.031732575051362 0.892010547636082 
1.57142565333233 0 15.7029531876105 -17.7932643786973 14.9720461922568 4.29867561175426 0 0 -16.1604769230636 -12.5359003024809 0 0 0 0 -0.992810893334826 1.97938650286728 1.99397958442288 0 0 0.644045354167021 0 0 -10.0607482111364 14.1446062802079 -16.4899671061383 0 0 4.87944621819977 -11.2333667423732 -12.7090003307485 0 1.17204904703984 -1.00884031644503 0 -1.0689892783151 -0.159753744564836 0 0 0 -1.2192026149571 -1.44838599555585 
0 -16.1889029928431 0 17.5846011180359 0 2.63017070602168 -9.62810194568154 13.2406323278512 0 19.4693237633767 -3.68596685290614 -0.0665955357563661 0 -0.304883782893831 -1.35347311913663 0 0 0 -1.28895947024643 -1.01521439152547 0 3.94232945700285 0 17.9567122356765 -11.7405227812661 0 -5.56775394155074 -11.696666922279 -12.0563168227935 16.2899895740161 -19.5947933474531 0.0565105676914149 -1.48497485624858 1.74231564800363 0 -0.819110590414661 -1.05142219041075 -0.818555624605415 0 -0.7170138911889 0 
1.57142565333233 0 -11.8526667039155 0 6.66342057597983 -6.47522796246932 0 13.9164683287574 6.37093605770307 0 -8.10293901157702 0.732894560663446 0.637298246211046 0.755583508292019 0 -0.621955655804815 0.920083173979113 0.876339606417501 -1.26178413874553 0 -0.570956805986798 0 3.19131139814449 -13.3200310139544 0 9.39001620253083 0 0 0 12.3927913570743 -17.6649725985085 0 -0.899900544853835 0.642118996308241 0 0.18449743659445 -0.319856071993642 1.80549443876627 0 1.30766445366091 0 
0 -19.6988189312158 0 14.6088386395056 7.02885615035373 10.195705224851 0 17.9079093215558 -4.11827105289245 -17.594625846294 0 1.78021902021962 0 0 0.892183964556169 -0.573872914805018 -1.01652213792155 -0.92550796034071 0 1.74268709390549 0 0 -9.62026105710317 15.2710355609986 -19.036235752998 1.33384740973536 19.4781567153885 -0.523020774369603 18.0281752711293 -15.8983560632441 -12.0222834926202 0.913294363260872 1.79833092344847 0 0.213646509784109 1.53468523245989 0.384874852553417 0 1.72206812897793 -1.80979650831306 1.17355430739632 
0 4.00519771687928 0 -13.8404902042078 2.76032519655317 -11.0655489987999 -3.61482510511522 10.2974833409756 -0.260270396368704 14.8756129457036 -5.5310133218444 0 0.201978415344832 0.712886858132149 -1.0316330273783 0.686628423019605 1.97698681614221 0 0 0 1.4233062469509 16.0680263005514 0 0 3.34725919335487 0 0 0.469727842355952 10.2841020889041 2.83111814541329 -6.11098234826279 -1.31068102145134 0 -0.25292190082973 1.83196428782864 0 -1.89556734631563 0.332005468351769 0 0 -1.71961007533577 
0.748595936178965 0 17.7734047629747 0 0 5.32489440651838 0 -1.06563187253924 0 6.58643116549888 18.6007942625325 -1.49039895808808 0 -0.487351265031542 0 0 0 -0.534297627645683 -0.646514385308379 0 -0.626195859455595 16.0636020154057 -16.865610562668 -7.18233200124573 0 -1.02586017038015 0 0 0 0 0 -1.49486694833956 1.64211982937628 0 -1.2794824704898 -1.21081255246457 0 1.53981722590505 1.41410825560526 0 -1.08011443404486 
1.57142565333233 -15.278613742105 -3.60599176194798 -13.652855955834 -13.6759281967189 12.8831791658342 0 6.52057687124264 10.4359794549812 3.39998066583647 -8.76640110684857 0.65367790621411 0 0 0.671028182222987 0 0.582926592129714 1.01030189684141 0.287285943649377 -1.62543839664452 0.540851375339949 -18.1020162711395 0 -3.30926314150415 -5.68516797650846 0 2.28200829694141 -17.3905679478266 -4.5484045541605 0 15.0526962871909 0 0.799274848214944 0 0 0 1.24938009830629 0 0 0 0.779248982099466 
1.57142565333233 3.69465236724105 -15.1900240942789 0 8.39497065562521 0 0 0 -16.4872037975524 0 19.669886324401 0 -0.281934283805049 1.61532027256457 -0.807541307437951 -1.34094786333896 1.01342390617981 0 -1.89490356850201 -0.442838477177005 0.694426898236585 0.133648654508241 -0.282188663390553 15.3591191188242 5.4091972417241 -18.7414049910109 -18.7475263694057 -13.2188631376339 0.368191376499921 -15.5948004385432 1.98019134904267 0 0 1.97026141079621 0 0.918205051179139 1.29385954667528 0.00617582816918186 0 0 0 
0.748595936178965 14.6203832862062 -4.25736270111863 17.5292681146084 0 0 15.3583635088794 -12.2884688583615 3.30214217458951 17.4217365204458 0 0 0.952716915380543 -0.10457234927666 -0.785528053895351 -1.09796638092863 0.0241243969761414 -0.0358805582094381 0 1.42511306769453 0.895574214353959 -3.71102816598072 -2.10928833210342 0 16.7487082987785 0 3.01130999951219 -4.16107200279882 0 0 -16.358884561974 0 -1.35463939763356 -0.413496671437051 0 0 0 0 1.04691692862982 1.7818023840812 0.2686288898199 
0 6.45792557227329 0 -0.0799775123968616 -18.5603811864557 0 -7.88805676991495 -13.336171616491 -19.5514891946462 0 -17.5129411357981 0 0 0 0 0.399484516307472 -1.27138132381783 0 -0.890530830663876 -1.74599242477957 -1.91060436419705 0 -8.35627046802839 18.4188258547424 0 0 0 5.64487191179994 11.9780805855887 9.15364220233338 13.961761758645 0 0 -1.69539743833961 0 0 0.718601618296747 0 0.257408560373545 0 0 
1.57142565333233 2.50537998159667 0 -16.9107069153854 0 -19.2019175920644 -8.92065639091686 0 -0.351844448760079 0 -6.27449319990095 -1.94549651255156 1.87261713290243 1.62493443285345 -1.31100091864867 0 -1.69916298319547 0.590479438468106 -0.540700045666052 1.61367673222612 0.945593946122375 0 0 -1.44702604107886 0 17.3885414457827 -17.0328129534762 0 -15.2866566345499 0 17.4242149374561 -0.340474872077105 1.83476196687425 0 1.92878267351947 0 1.67957935653607 0.828061712360038 0 0 0 
1.57142565333233 0.762469144893097 16.9096652590249 0 13.3382992136005 -10.0853921426858 -17.9818515004506 0 -17.6131929911734 -1.52316533100007 -11.5094779392283 0 0 0 0.91641967693177 -0.30421774941693 -1.99974191375065 0 1.63444772811348 0.215231344204038 1.12576079327881 16.3074849994422 -13.8537899189879 0 0 15.5722134074067 0 -7.54909484998747 -0.917273043150675 12.1232721265979 0 -1.47097152260643 1.27288315970119 1.50723698619159 -1.90363006289286 -1.28987801507575 0 0 0 -1.86015513160273 1.19067444707764 
0 4.31259633242739 15.9130153227192 3.36145128279992 0 -9.14708881133566 17.5472597952687 0 12.5464736542415 -15.6404182480836 -19.5961291247961 -0.800980661437372 -0.573967791429706 -0.147910412469837 1.74743481341164 1.46683673722057 0.20666760122714 1.10114679909365 0.243026018255868 -1.15966505331903 -0.710577839385056 11.3761135895625 -5.78134986841183 11.120969816633 0 0 10.6069782891343 0 0 0 -2.16484991003054 0 -0.53487968655996 1.86228096758122 0.333437684147357 -1.80128228282616 1.73099700721493 0.718851870260598 0 -1.04024884898227 0 
1.57142565333233 -2.53898822820698 -13.9048458700557 7.13468860235749 -3.13445302803742 0 0 12.7032875608202 0 1.71811433588998 0 -1.46952433300648 0.369594797664133 -0.0655310107700205 0 -1.35148547093919 1.20801857263223 0 1.91856534961544 -1.17557673862929 -0.468302361885227 0 -1.19464436601598 -13.1234265738742 -19.5663545930601 0 0 0 -6.38333837798952 8.66892316782331 0 0 0.702423476941149 0 -1.25114107469616 -0.121819525082512 0 1.46843379524929 -0.988824465772521 -1.52909076098776 1.85346160915376 
0.748595936178965 8.51936551207647 0 0 17.8778460239423 0 0 -5.12901365064504 0 19.9671538453396 -15.3373811651661 0 1.33558417360093 -1.75104259874255 1.63065750414071 0 1.70603493680527 -0.899617916391985 0.908489326438163 -0.834143937953815 0 0 0 -8.89672846947644 0.0224081240698733 -1.90059151588967 0 14.1692451081095 -15.7724444362207 -12.7575307212572 0 0 1.91244867905623 -0.342868664461593 -1.05987295650871 1.22121997420733 0 0 1.13338693936047 1.67399387605209 0 
1.57142565333233 -6.09769621216585 16.4955065848751 16.3752983493615 1.45031612433974 0 -15.1206735591966 -4.95993956223127 8.70392385344204 18.9822119283407 -11.6466324085587 1.26966244320835 -0.619988617775956 1.5594764992406 0 0 0.457184590612158 -1.05318726648259 1.65633325076491 0 0 17.4762229423394 0 19.2432750571721 0 -0.805783402549933 8.60222427575021 5.09376057660848 0 0 0 1.10089556085919 0 1.98964778519685 1.62764544395155 0 0 -1.00681905309056 0.691541088135699 0 0.916256303394333 
2.57109798855871 -9.6165230449366 3.94357362014408 0 0 0 3.84524594240135 19.0058825253536 0 0 14.3290552097974 0.595608745978963 0 0 0.860422585560206 0.495501579947538 0 0 -0.263255857053798 0 0.594697144159441 4.51637977013196 13.8948257145913 0 -13.1164008998854 10.4952098105546 0 13.0460968488111 16.1367461253594 7.65148613958223 0 -0.874160631966852 0 -0.667678957184627 0 0 -1.81739824908664 -1.54860505999467 0 0 -0.044609132243604 
1.57142565333233 0 0.538538526994427 17.0548388720745 17.4451060860628 0 0 2.77723446617705 -13.3775255146332 0 -4.75414227915655 0 0 -0.750603255234008 1.76842868596708 0.361514742654522 0 -0.0900088604958769 -1.5158906315993 -1.79228180357827 0 0 -16.9134174366078 7.7265433630564 -19.8002807701939 13.0024174940784 -2.94343250009391 0 1.03424918886006 2.7954618366414 13.5468737937263 1.97945172897515 0 -1.50750137935742 0 1.06894400299943 -1.13865786098813 1.44560278740041 0 0 0 
1.57142565333233 -2.09156102598252 0 -10.2832084569536 0 0 10.8674261490197 -7.99757213704175 0 15.137319851265 -8.15232555761576 0 0.630917375269773 0 1.63483198715133 -1.82742675106387 -0.79123492668906 0 -1.66100091005722 -0.232633700702635 0 -15.6841440199335 0 0 11.279499219395 -19.105037301362 -2.05992214477617 -9.07914077354555 2.86064426547878 -13.2386580078111 12.7464825626213 0 1.86266355023843 1.83564992893285 0 0 1.44400890052505 0.120850089062401 0 0 -1.16060079408838 
1.57142565333233 -8.13937099098199 0 18.0523822354397 9.45624415271741 -9.80856429310914 -13.529719912228 0 1.62801802234166 0 14.1182688596278 0.66826056254481 0.538111629215121 0 0.493940389945144 0 -1.34747704740031 0 0 -0.413301439216966 1.7060296161594 -6.3659592095604 -2.86820723808753 0 3.00340570649291 -19.0435638181137 -17.2638521144464 10.6971740306808 0 0 0 0 0.495940478749546 0 0 0.144729333997112 0 1.69650647495711 0 -1.76574398193776 0.965711629467882 
0.748595936178965 0 -17.0853816704291 0 3.22615794987704 13.5412160277093 -9.53388272297284 0 -7.08915648380721 -18.701132758847 11.1336948588182 -1.44662463266711 -0.899571231985265 -1.32717459803781 1.26664849057172 0 0 0.941017878680033 0 0.895931227549879 0 4.3061320690001 9.32683637800013 13.7533729866861 13.5314148634353 0 0 0 -5.42969606138286 -1.99605466890896 -10.0021184096123 0 -0.0557588925844798 -1.3466499109504 0 -0.605233637897872 1.65071196185924 0.195909520702394 -1.82604000336772 -1.14293342695708 1.18967304434146 
0.748595936178965 17.1204720982911 -18.5343261242538 10.6148789220559 0 0 8.57225642007415 -6.56543655626729 11.1152983229213 -6.72413025364472 -14.9893665476653 1.81121852612645 0 1.26222409459866 -0.553162273277139 -1.31267969743939 -1.84243207045013 0 0 -0.944286704503133 -0.924648139125038 0 0 -8.56301862213901 -18.197275715972 0 0 -19.775956291601 0 0 0 0.567207994203646 0 0 0.577453408659181 1.67905354112343 0 -0.790772468219871 0 0 0.590863200179703 
0 -5.0317108002639 -8.99226742284012 -12.6542767661876 -16.4980229253406 -0.888069123443248 5.19012499842333 0 -8.9169876784631 -15.4628772081169 -0.802940791846691 0 -1.39909239364746 1.97633224910886 1.33250803748728 -0.350121345534046 0 0.950849730032892 -1.06399078902974 0 0.881096602827821 6.57612767376757 0 12.9542524055365 -13.7767840613503 18.6068607394615 11.0440522204358 -13.2579811817305 -19.52375885077 0 -12.69634569655 1.87240799231101 0 0.545871791684009 1.17407907413974 0 0.586025215026934 0.531056503081255 0.268702853596165 0 0.654045640795513 
2.40066164539662 17.2969402825911 -0.24496794689678 5.28798746191337 0 14.5686138768534 -9.85824882511899 0 -8.43781127987328 -19.3594054967907 0 0 0 0 1.91099939398048 -0.59964300161211 0 1.04267997156953 0 0 0.123702540119971 13.5030781913097 -6.20102287558886 -5.60238617733232 0.50793375843574 0 -11.1682280018778 7.9804703257887 2.9511073152307 6.52096737479836 -16.570451835436 0.605855025633171 1.23044581302928 0.309703365112517 0.609546169922476 0 0 1.08095965212256 -1.32258408485101 0 0.70701173912129 
0 -2.28691808054546 -3.68029243484153 5.83817697402005 0 0 18.6267827631099 -3.52053869679595 -19.2083278946617 -7.49018879956109 -19.7772764413512 -1.95902310496151 0 -0.865816981934857 0.173791798843905 -1.08175901932724 0 0 -0.183689898896818 0 -0.437553486059212 5.51102113235324 0 4.00574982352823 -0.275294110307141 13.7262506288133 14.7057489560478 10.2993746615478 -9.41971656373689 0 3.15962590424327 0 0.635136993897677 0.331094851871531 0.166560710485354 0 0 1.54531161931591 -0.872265392389272 -0.587908721802714 0 
1.57142565333233 -15.514817505849 0 -10.3638491455297 4.8182367183353 18.0117085939328 0 1.92062777556508 0 7.56782445477686 -5.50427740696085 0 0 0 0 -1.00626904378006 0 1.36685086012206 0 1.3042757871115 0 0 0 0 -17.7115514211876 -0.229985965522931 17.6326684363338 0 3.99048991687153 0 0 0 0 0 -1.52048759140097 0 1.46405320403355 0 0 0.775189758639405 0 
1.57142565333233 -19.8062348923675 4.73770835657497 0 -5.21813744922082 0 0 3.35635418228635 13.0612709899718 0 -19.2743971754212 -0.696059548620162 0 0.494778570949462 1.14482963138485 1.27703834757071 -1.39075198182406 0 0 -1.87791616277672 -0.473343413543582 -17.1952333847039 -11.0217875759219 -14.5943358422231 16.7592955272455 -9.56061311511352 -5.0983895850826 14.5296161410071 17.7414800402436 0 -9.29353019655381 1.46314108905529 -0.613488386670821 0 0 -1.40467941640163 -0.839068591054095 -1.79419201323492 -1.82568877927293 -1.12908972852355 0.372241596864649 
1.57142565333233 0 0 0 -15.0563635560946 2.62789748731437 -4.74278559197801 -16.7346931792492 13.8610990410024 16.8580064814808 6.93394487115273 0 0 -1.74925549502916 1.02557531233205 0 1.64170756174331 0.366769787094914 0 0 1.73062504908565 -5.29501771800919 -17.7299109090725 4.4710669780481 0 14.9860957893478 -11.6971095985254 19.4777762421769 0 14.260890741954 -11.8019485062929 -1.49015409289401 0 -0.676888563985419 1.41468335381461 0 -0.462183201900769 -1.46783191220268 0 1.74054222448754 -1.12435175903344 
1.57142565333233 0 9.4323747555876 -8.98222134866855 -10.5492893562416 16.4593546821081 16.8058828063337 -11.2389959726664 -0.511209201305736 18.5954367456005 -13.8955245231723 0 1.28062896303862 -0.0268837595483678 0 -0.139489319240437 0.135332819137412 0.572312833076489 0 0 0.586016308789149 15.1475826814527 -10.0211418653005 0 -11.2124111183045 0 -15.9966852031633 7.29520733807944 16.751151865698 0 -11.0036963368783 1.98017895593316 0 0 0.897129770786096 1.64780915139607 0.625020461448012 1.56076928300819 0 1.42291382859597 -1.52462071437604 
0.748595936178965 0 9.13208364002969 -0.936522754345333 -10.8171510001724 0 15.8752223364428 4.45584510660537 0 10.0627149315843 -5.40836913763004 0 0.426717463148161 0 0 -1.90760119348187 1.88289387425543 -1.51102273236542 -1.86657452111439 0.359465041365225 1.54548049510712 0 -3.82451126530045 1.56813391557342 0 0 -10.1526351972263 -16.9507756535666 14.1098939599981 0 0.429462194642733 0.933798887270409 0.00899577141227004 0 0 0 1.60602238942218 0.320195403099151 -1.79107955647217 0.804803043978663 1.71935042260184 
1.57142565333233 0 9.99146679881563 -11.6049692181893 1.32051943862835 0 0 0 -12.7556904278489 0 0.385756818757279 0 -1.37559206289034 -0.648182133514519 0 0.512038452789205 -0.367440475322046 0 1.14410374739398 0.465078023478891 -1.91115276511347 0 -16.533510236318 0 0 -2.55315663411895 1.00403893785739 4.2743019500162 0 -7.6634243725163 -8.06836848522926 0 1.41584377801784 0 -1.39605881990681 -1.12043163977583 0 0 0 0 0.655210762589802 
1.57142565333233 -8.81016282774981 13.7953941122607 19.0996843013445 0 -18.7380937294746 -10.7589042888763 0.671316217943708 0 -14.552054505121 0 0.88316143345235 -0.0897939894766519 0 -0.709138222368964 -0.880340076461593 0 0 -1.33079474853854 0.137653090123857 0 0 -15.1598809823207 -3.84543605327859 0 0 12.2307142113478 -2.19771960852562 0 -16.6357951316218 14.5378714867578 -0.215132057766957 -0.124585746845503 -1.90735403723426 -0.415124763927946 -0.235332614851805 -1.40987321520684 1.24730596376923 1.33174366193439 -1.10906455717472 -0.85473623539076 
0.748595936178965 0 0 9.46267947063906 -9.78608873197161 8.69166315006635 0 0 7.5402845756804 2.85834514669066 0 0.00891285948870371 -0.492925263239502 -1.66109333264692 0 -0.912398663774318 -0.426797354792616 0 0.48872698028047 -1.58762721232494 0 0 0 0 5.06095209394626 -8.37114448117611 0.39628406073725 -9.92357305713164 16.37732648122 0 -19.0693415231394 1.89711157879658 0 0 -0.250661308062571 -0.913230772555447 -0.571312502292596 0 -0.984811567228665 0 0 
0.748595936178965 4.79651340506808 0 0 0 18.3757205951846 -8.70017462815166 9.10031780092992 0 0 2.93163199114224 0.773915215755773 -1.90486128996353 0 -1.69135247715346 -1.09959839242492 0 0.0505685843762795 0 0 -0.259734803931664 10.8070995988357 0.53446359025988 0 8.1031549573425 15.646332798361 -3.71635146612132 -1.84916457247416 -0.270520998290983 -2.77836299630737 -18.9246437693595 -1.58949174712854 0 0 -1.30543897827409 0 -1.0400938983262 -0.151537519950204 0 0 0 
1.57142565333233 7.09937914605224 -1.37710145738772 -9.1407495872773 0 7.55045987085926 4.15735367879148 -16.1343217064321 0 0 0 -1.43106898173274 1.48228125156941 0 -1.45428966332892 0 1.10723076253535 1.42770609139824 -1.27025979537063 0 -0.622408810361479 -19.1064242735069 16.8016952913262 7.57710514011658 0 2.00004676450046 12.204178325927 0 0 -18.8818193501243 0 1.91697638571122 0.73103691112764 -0.0388094382541298 -0.368162372320966 -1.05248496171668 -1.44416876204506 -0.110677490062396 0.160673894062952 0 0.998112815897033 
1.57142565333233 0 0 -2.19332058084818 10.430913395449 0 0 -7.82775693937566 -19.3029917680207 6.74716253147794 0 -0.761378320288555 -1.78454721615862 0.672007331937555 0.391724723573646 0 0 1.98367159906014 -1.11570918146321 0 0 -17.9936584914074 0.00863527879521031 0 0 2.5642339710911 0 -14.0715165036132 19.40161666805 -12.316610437034 15.1969395462409 -1.77381643269854 1.82786254390509 -0.421186248967976 -1.07895026126828 -0.00397545378840317 0.708276998581494 -1.46589660247131 0.379948443910083 1.61979038250623 0 
1.57142565333233 -4.06953606012721 7.10130215021842 14.485626246075 0 0 -8.23920169297569 9.82467826913329 17.2902936289507 15.068403945802 18.6279595078099 0.640201305337344 0 -0.0126820039063143 0 0 0.288750406489126 -1.2833170608074 0 0 0 -18.8428908581114 -19.7399863785785 -19.0331820021538 -12.7431722137812 13.7445908942002 17.6468423929284 0 0 8.91237465148437 0 -1.01458165376195 0 0 0 0.0176781890996165 -1.72422607043955 0 1.16079363374076 0 1.03004743765576 
0 -14.8638044646307 15.1980469260356 0 7.75090946245515 0 2.50008975272071 -7.59886644203163 -3.51567224763132 -0.194500377492281 0 1.74628678231793 -1.20210161488601 0 -0.434471113809604 -1.70425126874086 0 0 -0.794229759273226 1.61222702246729 0.93372530906169 -1.78265574471217 3.64751697687782 -3.30982328546691 -12.793180426952 -16.9250424098806 -0.351912984788377 -0.957066379933183 0.879903557188764 0 0 0 -1.15987717228005 0 0.250345592503597 0 0.697309758838876 0 1.60946320817315 0.690976258689061 -1.00725079002196 
1.57142565333233 0 -10.9704006048713 -8.55682962972523 -11.9938574321539 0 -9.84683908980658 2.01416446921144 6.05411009213613 0 5.98353707510211 1.67831776462417 1.93775742311858 -1.05863183972362 0.422197433385159 -0.0340225771227957 -0.527438999399282 -0.876975858061097 0.286481964535304 -1.50088981795166 0 0 0 -13.4413036394125 10.5281553932131 5.29441916630343 0 0 1.13631875307128 3.87897992687252 -0.595567683035306 -1.58895293604068 0 0.500489259371762 0.499858509050616 0 0 -1.0613520290057 0 0 0.484981212990815 
0.748595936178965 10.121169383694 0 0 0 -8.95149951286218 -16.9278227896094 10.2782060905724 0 0 0 0 0 -1.28583066039059 -1.45188746762084 -0.573462491190742 0 1.16775146087993 0.203644935136496 0 0 10.3939538869979 0 -9.18626586403058 -15.3279688187539 -4.81018737182496 4.93960823162441 0 0 0 -15.6371461766014 -0.914735468530439 0 0 0.376243077393734 -1.9634780594909 -0.220407144269164 -0.731947825631103 -0.632902161512944 0 0.81209406015095 
0.748595936178965 0 14.8788075963402 1.21847774890181 0 -1.66032126250692 -9.66565345864075 3.02756933636385 -0.932488879623119 -7.20437274649943 0 0 0 1.96073656993021 0.645395880865583 -1.27897346265566 1.30996290562207 0.840089679155541 1.7819722740827 0 0 13.6840258043651 -11.5928223969381 -14.3247095655299 9.13192006253261 2.17031821709607 15.6478294896185 16.2861031928501 0 -15.8589011597721 -11.6800659856201 1.13703839626957 -1.96593597529732 0 -0.897461980999197 -1.24231131805215 0 -0.493860835439461 -0.755704244019326 1.95862562393706 -1.32668234283416 
0.748595936178965 -7.47558833448011 0 2.04036558141949 -2.84313049299788 -16.4941556735403 -16.5380661825361 -18.738565407106 0 7.82415797366954 5.07005829600154 -1.34908834628253 0 0 -0.0428639091750904 1.17030373735833 -1.1186778308445 0 -0.321723380275873 1.28669773847177 -1.44577687859804 0 8.30875028311682 -19.4159090329967 5.96345585117278 -4.79487817026436 9.65002349095886 -17.1962303841469 4.15967205733046 -15.6413045877783 10.5246628124847 0 0 -1.2504949566212 -1.47180952200285 0 0 0.45669369420814 0 0.361563875508292 0 
0 0 -17.3377297526867 18.2224260634847 5.05545664814089 -8.1179164108438 12.77135365306 -2.17773395691893 -3.55964145788906 13.4492393086894 10.2961894265824 -0.388890830049706 1.0465401173786 -1.66696679856021 -0.624088571697515 0 0 0 1.78092418600848 -0.932582233535397 0.784566581614579 0 0 -10.3086581408552 0 -4.33893700332331 -2.23582003369733 6.23644483566119 -13.5546012751547 1.810252322727 -1.93012517966802 0.408836833391728 0.380785726188117 0 -0.317216741068855 0.67395953679176 0.31518886718675 1.82058154969503 0 1.33585128809132 0.817751781464439 
0.748595936178965 0 16.3810665422962 -1.8110146195679 0 0 -13.7931362044966 0 0 16.1002555750777 6.30438909228164 -0.43110796643007 -0.534985426131164 0 0.103033980402646 1.88917089900429 0 0 0 0 -1.70913405796007 0 17.2309125667582 -2.9416983867724 0 0 0 0 -15.9497504476224 -14.3827263332823 -6.6238271662145 -1.58002745619976 -0.155883184706738 1.79627676112404 1.71702223444219 0 1.69729396500499 -1.45297874298551 -1.55193104480949 -0.902088449756656 0 
0.748595936178965 13.9016917226378 0 -15.6583702916551 -9.94900976770977 14.3566437691248 0 0 -18.092860429591 -8.28547712801279 -18.9161189267953 -1.77240727831256 -0.469939828137839 -1.18933716564874 0.268512743650243 1.48977416916274 1.40914698755795 0.976753685146921 0 0 -0.675422207766875 0 0 0 -13.4621698937668 0 -7.17680584042184 18.5936552000203 0 6.16159840773866 -13.2757645441572 0 -1.47735517354559 0 1.81568261041105 -0.403853937240249 0 0.0110593931800962 0 -1.33116593646406 0 
1.57142565333233 -5.2005691291767 -1.74370995803909 0 6.48363125812431 -5.03607406515445 -0.395180266534528 -3.54791060255277 0 -4.32146393895217 -1.27322487592382 0.190236597410513 -0.00401793699898661 0.601433353778642 0 -0.745963859719207 0 -0.0382628804250913 -1.31417429415238 0 -1.42927973877139 -9.68138864714717 0 12.5052397756396 0 0.998886200133192 15.7718509695362 5.48022766852762 -17.8426819005249 0 6.26030777872554 0 -0.351049727923726 -0.109193132309799 0 0.0447444552764038 -0.624618927307715 -1.73645732632673 0.357664245347336 0 -0.640693242960001 
1.57142565333233 0 0 -17.7261609573505 18.1685062489326 -8.0294700842488 9.41117128795533 -11.5435959731897 -14.1847238383185 10.0066026160524 9.70094932694964 0.909547092816582 -0.190822756006766 0.418539211348882 0 1.78949920916441 1.31065537562159 0.716203958129605 1.8254941272668 1.55165766903742 1.02647220018621 17.2906091517259 13.9616580745027 -0.544542223468675 -16.5644057730978 8.06639671701305 0 -17.5763499352971 -12.16287014641 -17.3967204323955 7.92305454049402 0 -1.63931630907548 0 -1.89358647721521 -0.00812134147068548 -1.34377650047828 0.565311347397655 1.32973337607911 1.46104832434144 0 
0 -8.53185963282914 -9.98266964684365 2.77012274729559 17.0083131720351 -18.5451546490868 0 -9.51012477721559 0 0 -6.18779635344995 -0.176457023330246 0.118358567412178 0.616588913191384 0.445094549304384 0 -0.728186916899023 1.64136770350922 0 0 1.1649616692052 -13.2404439678604 -11.5264023335308 10.926260496921 0 14.2557188189848 0 0 0 1.47837310166954 2.416254702218 0.648698317189095 -1.11879938613567 -0.863927345193889 0.75321237032917 0 -0.769617753461757 1.76186986908404 -0.796331162935277 0.925331044441709 0 
0 0 0 0 -18.932799845437 -10.3616232380092 0 -19.4896941909053 0 12.0649608746474 0 0 1.40617013788138 0 1.31686737263429 0 0 0 0 -0.311521894443558 -1.17384217361633 -1.10670548915244 -17.6998569433111 5.01546872081955 0 0 12.6711748040613 0 0 -10.4205650512225 0 -1.74819612305062 0 0 0 1.9036579485534 1.81692787251292 0 0 -1.52587777633494 -1.75236729427817 
1.57142565333233 -18.5065390535195 -7.13311007578536 0 0 -1.44976940073528 -14.7614464511915 7.52386665322067 -13.2427075660055 -5.83852268095991 8.32403839022109 1.50191845907919 -1.82798352829552 -1.92497534673893 -1.64505172131818 0 -1.75804084435014 -1.38469491311568 0 -1.95520586425215 -1.03748144350829 -16.644828103783 0 -7.55176784822334 -8.4136866258521 0 -5.29580354937157 11.2517787382248 -3.05914677821991 -12.8920902837497 11.1808512598187 0 0.271671568170037 0.475332658027919 0 0 -0.231343342099033 0 1.89902076492972 0.0489701861743676 0 
0 0 4.99026945093194 3.06906540089709 -7.78746568960485 -6.35480298956614 -16.381859321325 6.69713699570724 -11.9880498535875 0 11.8576619643055 -1.4065763677501 -1.54101245177026 -1.64850752691203 -1.76833179023505 -1.87815018551338 1.85810212970623 -0.178585396231425 0 0 0.906864550386958 -4.1519076675884 0 0 0 14.7085020387119 7.06132167347768 0 0 -11.0231205313574 -12.2523328253312 0 0.941941459170515 0.983026309396618 0 0 0.605311067125439 0.0500598652521427 1.04394648458992 0 -0.657303942673516 
1.57142565333233 -2.38310036360431 12.5837992004043 0 10.1674139081349 11.9093893430705 -11.0439164708573 13.2440273059737 15.3552433081694 -13.2894042754962 0 1.98346096928393 -1.22751825266868 0 0 0 0 -1.22565257140699 0.780063479570701 0 0.127760910488554 -14.1140178656736 -12.3494343237716 4.37375178764283 0 4.18715110243631 -3.0530582103194 -13.2918481870051 14.0569540458065 0 6.97055879373595 1.0733002177781 0 0.61089637158946 -0.503787088442495 0 1.85055468410745 0.0157319633363429 0 0.891185528082394 1.0441133207847 
1.57142565333233 17.0974629079446 11.988046035165 11.8690344746546 5.13332087785626 10.8662453158136 8.20939297238802 3.94097969119483 8.27927703423392 0 -7.39731701435396 0 -1.52747630305936 0 -1.71674844423158 1.79971888745191 0 0.256305675141656 0 1.34823094836819 0 0 4.39875859040709 -15.8892673886797 0 0 -9.842232917362 -0.204194346537904 11.7794977742152 0 0 0 1.50044177542461 -0.646551857072186 0.956681861987655 -1.11162661067752 1.15297563055203 -0.194848525428608 -1.83687361694727 -1.63640452438798 0 
1.57142565333233 0 0 2.64758282464351 0 -1.79338834331994 -19.8717385716139 -14.1413777946222 0 0.645875335040444 -17.5254523928861 1.9709476092695 0 0 -1.18812326862855 0 0 -0.798535757138643 1.69834654671063 0 0 -14.337169339106 0 -16.819782125214 -12.6102689246695 0 11.6444858776613 -6.44157256299703 0 -19.9564837198502 -4.04007308373231 1.75608755823043 0 1.18547644707629 0 -1.15070721001863 1.64520700631906 -1.47500940853497 -0.643047354483533 1.72144485345178 -0.521094512437049 
0.748595936178965 -16.2430864555031 0 -3.16183626798998 -19.8022683615807 2.89690337278736 14.1549181445292 7.83992712751028 4.2262133137445 15.4254229159213 -7.06818499931515 0 -1.98136973100778 0 0.283419449014319 1.92501926139231 0 0 1.10760942991246 -0.0665179053631229 1.30695005101475 0 0 -19.4419716854775 -15.0575671415113 0.39122928883472 -14.3864301193442 -1.2653756892613 14.5202498857492 0 -1.70859837984135 0.518550007845531 0 1.61173703969071 0 -1.54605349970332 0 0.678017398658217 0.414542769274927 -1.23619759047227 1.94569006187175 
0 -14.9830379127446 -13.6350429400965 0 0 0 6.68022547228272 -1.93121390507147 -11.4094700717411 19.4978682601349 0 -0.979572016270632 0.969658394795683 -1.77286922548566 0 -0.300418838998498 0.802645811253528 1.55367921365131 0 -0.902401338751615 -1.85983137686729 0 -5.12434156850183 15.2599915746879 -0.983683644320669 -4.89158091363105 0 -12.497989187249 -10.92466571877 2.20340044340277 12.9409453239948 1.17969291060217 -0.930661097602295 0 -1.48580630192804 0.587818352779289 0 0 0 0 0.909746136008644 
1.57142565333233 0 0 15.6851160692447 17.2437094791065 11.0030013653464 0 0 0 0.367673253811744 -0.307288114124578 0.947260268473653 1.06362275642512 1.68346783317787 -0.556065117267922 0 0.658433632300437 0.956921047045347 0 0.247750077511999 -0.889872159291931 17.0922148214151 0 -16.539486076934 14.626130030782 0 -8.43019170147841 8.50329419062626 1.69083809558807 -2.88289268635348 3.61207955685075 0 -0.464818962134802 0 -1.81821059613405 0 0 -0.0263543734449681 0 -1.23442778514439 0.0347239384589363 
0.898007417786343 18.4702185906797 0 -16.4153815882352 9.47364329801576 12.3925125749747 -6.5591583710905 -17.6089222159278 -17.0435237870754 -11.937059504882 1.25537905900524 0.364652385173669 -1.64426594210987 0 1.73642755287533 -1.22884629537763 0 0 0 -0.935676859196125 0 12.6441195572932 2.34618500915644 0 -13.1394584445001 0 17.6781446103371 1.24951087927889 -18.9475353895442 17.7363109857479 -16.0662185661803 -1.42883979595678 1.11931155487863 0 -0.245252391437652 1.88080632029139 -0.149138612742135 0 0.848729181498629 0 -1.047272591408 
0 -1.37377061945096 11.192658520859 -15.892089128444 0 0.926380716695627 -4.57352784675245 0 -9.52528090659775 5.59978649280955 17.7704613272894 -1.83015619489837 0.63433211978261 -0.0929897344172884 -0.864197531186136 0 0.931452150890349 1.09997656806371 1.48514064098016 0 0 0 0 5.61953432188348 9.24118962569218 -19.3455157891594 -16.981069434891 18.4412655320211 -8.65566972114875 0 8.928637452856 0 0 0 0 0 -0.850498759583802 0 0 0 0 
0.748595936178965 -10.7300290235924 16.1153695807398 10.9920146088079 -18.6198773601185 11.0941565088435 0.0830774754672672 -15.1459295186894 0 0 0.715749804263818 -1.81455873037435 0 1.43858254767888 0 0.374406858521703 0 -1.77475413110794 0 0 -1.94728235804815 4.18245320403131 0 10.3775765329495 0 0 -13.534037318795 -12.4067725578355 1.5149505816004 0 -10.2868214018116 1.43830699540596 -1.8802287000605 0 0 0.369434270248485 1.90015501896858 -0.0285529652743381 -1.64526359068475 -1.55277754345572 0 
1.57142565333233 0.0511298422008426 -2.57992349685166 0 0 0 -17.0653020297481 0 -4.48880472429507 16.5729914589659 -0.46083783752324 -1.56061935311212 0 -1.71875939132588 -0.374940340581788 0 0 0 -1.87428322614836 -1.9124447544629 0.61666142317311 -16.9267938364888 15.1473982237034 0 0 0 12.4439704196732 0 9.40507688066227 0 18.5346563712389 1.90226799058834 1.21095542666081 0 0 0.512214164488117 0.80730318222535 0 0 0 -1.95889431049996 
1.57142565333233 0 18.5357060742265 3.23005655930846 7.8509669508091 0 0 3.07905814753801 -18.3376368872531 0 0 0 0 1.20186968389986 0 -0.812091006344227 0.475138789264084 -1.50091727054721 -0.00634683110115436 0 -0.477513038775657 -0.175418891094354 6.24389083415451 -14.65422294785 0 9.62414941267304 0 0 0 -8.79713112898037 14.6396884576602 0 0 -1.93143748395678 -1.34385550736629 1.09351984276135 0.456579033497991 1.11047639283839 0 -0.227854187706417 0 
1.57142565333233 0 -10.4684990693203 -4.94321437782758 -16.1587824840838 -12.4511415383085 -0.504626017298841 1.12827998638539 7.17129616400753 -17.055518849313 0 0 0.536595723841617 1.1275325460022 -0.883038429954573 1.78139255278809 1.62888161541376 -0.125254524930033 1.39541792841415 0 -1.91035171407757 4.60495982533552 0 12.9347387202711 -8.67599343353696 0 0 -10.2448234754823 2.72583791181717 -19.8848077002376 0 1.38787825097697 0.678537828232412 0 0 -0.323021569439686 0.313066798408081 1.72971108077546 -0.717113045378175 1.46416145072512 0 
1.57142565333233 7.48021236969168 17.0452139699111 11.624367857177 0 -19.2408543542218 -19.4188481194055 -12.2663846762229 0 0 -7.7972198500285 -1.9539161966899 -1.13939879422048 0 0 -0.794039714519884 0 0 -1.83090328696692 0.14589676267742 0.979649163307459 0 -9.98010377864358 0 0 -15.1671222109194 0 0 0 0 0 0 0.161063560359675 1.95620665417807 0 1.62565194332304 0.925574626273277 0 0.792212276157091 0 -0.780791532611843 
1.57142565333233 13.9086775360204 0 3.32807367822531 0 -3.33269031873564 0 -18.441473244895 3.49559317505713 7.04294161267716 1.08046732893235 0 0.784977454126336 0 0 -0.759651526231156 0 1.21878246088456 -1.35413826320047 0 0.228533070640887 0 -13.9754761727413 0 -8.21147049228264 0 0 0 18.714143437666 2.04240640720465 -0.154038202089275 0.755955041738206 0 0 1.08123994389607 0 0 -1.1009197240234 0.898857128293653 -1.30211175759421 0 
1.57142565333233 -17.6141798578269 12.1204198115135 17.2051099022874 -4.46754010602252 0 0 0 3.26915201883258 3.58365737068637 -10.3097995977429 1.26757293346691 0 0 -1.64359831141476 0.773791921685353 -1.79236579676735 0 1.26531900431277 0 0 -2.74542277806691 -0.218399865654483 0 -19.7675383928081 0 3.26360542479139 -3.64508504217727 -16.3938209770219 0 0 -1.37015889555689 -1.15424090584472 0 1.98926281835384 -1.06337175567791 -0.362795747985503 0 0.501999203349463 -0.681508437116402 -0.666981119973111 
1.57142565333233 0 0 1.60753694437795 5.68210288215527 0 0 -6.60447977790818 5.40668725287853 -17.4812599166675 -5.91267003953116 -1.35773185051872 0 0 1.84978661027261 0.91160134454798 0.653399020737689 -0.973738013288815 0 0 0 3.0414614933736 -10.2231951571178 -3.24719738366418 -17.4729769944553 4.22382485318176 -16.7938569359453 15.456894317389 -11.6029590049772 0 15.716380316632 -1.37968992413007 0.702013279638259 1.45199062649719 0.290534787015307 0 -1.08938963855123 -1.80575250918314 0 0 1.88857806096253 
1.57142565333233 0 -9.4171026206655 10.9978295448226 0 0 0 0 3.25943474809613 7.64922918176708 -10.3541145987595 0.866495515623361 1.43248037408687 0 0 0 0.153143692832973 1.97681296522581 1.10419294382641 0 -0.0570548270163382 0 0 -2.96874017592927 0 0 3.0857427060072 0.463611530355928 0 0 0 0 1.77102281049407 1.84294197607922 0 1.3262669487513 0 -1.65879359359797 1.49952157936037 1.60366346668623 1.20838767812047 
0.748595936178965 13.5927680849995 17.0447528069116 -13.2117984319161 -15.5308212784728 -5.49643767322248 13.1897675586817 3.48184802731585 19.6053215673218 6.2896475877099 19.275890085509 0.884157798664718 -0.704829073839276 -0.71552524655849 -0.811212569852924 0 1.38840187685024 -0.958670473172642 -1.81624274599191 -0.0740414383234649 0.958012091442017 5.5775486145064 12.3474663646647 0 -15.3847301357355 0 -17.8610915028775 -1.0734035359106 0 6.68430349169499 0 0 -0.450395549857242 -0.30580772753144 1.49503452866107 0 0 0.700135615980316 0 -1.27335777751792 0 
0 0 0 0 14.6608608098053 0 -18.2438003915566 8.1339559741942 0 0 0 0 -1.28894903850227 -0.950556632573975 0.20717282044104 0.676981948631342 1.30217684586634 -0.874652615224315 -1.79934771815285 0.123739105706913 -0.408420328241037 11.7751455920633 0 4.18095846855126 -5.10661034151288 19.0024435888056 -16.8114037610644 -17.6737749379472 0 0 0 0 0.0501599470387026 0.616849649984785 0 -1.61584581323706 0.223803227871565 -0.668745403489445 0.45771862122124 1.79114295811911 0 
1.57142565333233 -12.0308381933863 0 5.91511163204681 -17.8455007904421 -13.9419613843513 0 0 0 5.85671568562124 -14.2017478096307 -0.536488295782585 0 -0.389709701943076 1.59412206876749 -1.18608774765678 -1.1800882868376 0 -0.584983382646452 1.36826732259629 0 -10.5398833335097 8.17426628813812 2.08576260231704 0 -6.55867586217759 1.63787758054113 0 0 0 0 1.52448077663988 0 0 0.825355878484135 0.518661023359122 -0.532287718044728 0 -1.39772556507854 -0.462485380686114 0 
1.57142565333233 0 0 0 -3.24000115657225 5.68566185687001 0 16.0694280062194 5.52340041171918 -8.95369763903026 -18.5243872359974 0.204417097477437 1.0181736652824 -1.52262143023434 -1.68135105338011 0 0.747678929356709 0 -1.04755112763846 0 -0.652513661725686 0 7.93215958770931 8.36626113781997 0 -6.41453331635079 0 19.792081564568 11.9444144945333 17.3578413563584 9.80739238197328 0 -1.65873090627544 0 0 -0.186146811668829 0 0.333275552994234 0 -1.7517095048687 0.0181422149846993 
1.57142565333233 -0.333185298523486 5.98707973304534 -12.2339498122381 0 -7.772404499246 -9.59069928600951 -9.2133280677783 -16.2615347449954 -8.54958560715876 0 0 0.446507904886505 0.671657573744495 0 0.393303346071999 0 1.41693056720166 0 0.692188950577839 -0.628737155640841 -19.5178733018776 0.0677719060647171 0 0 -10.9694767049372 -11.2976251781441 -10.7212407750642 0 -4.41047866102796 4.47291580237118 0 0 -1.43275224391034 -0.537229170341617 1.05736062166158 0.594007693507712 0 0 -1.72215718297388 0 
0.748595936178965 15.6347357647655 19.2880700432174 -3.70236467742471 0 0 0 -0.967218662131214 0 17.1521910639257 -14.7473238290974 -1.91902359198733 0 -0.213461495103995 0 -1.47124642667884 0 -0.106122914751118 -1.02937755967927 1.40054530715595 0 8.26992620167785 0 5.63011604623409 18.5652386390442 5.07440005665384 0 -19.1410273682051 -12.5534761941775 0 -0.880412636734737 0 1.96481417583526 -1.06694392071429 0 -1.92554580975582 0.92544426253319 0.179343544030256 0.94740476596514 -1.13362328295299 0 
0.748595936178965 -4.95231874517739 1.66694832112032 19.1750237900647 0 17.111622214835 -8.86906915757296 -0.0893945061086651 0 11.4053526946368 0 -0.69754649265555 1.13662745577126 -1.09130755769615 -0.952083591815123 0 -1.2822171744342 0.887895822938483 0 -0.103747393052907 -1.23829216474588 16.5822969454258 16.9251324780868 -1.25939037709469 0 -4.78403159639986 0 14.2375491253275 0 -5.4664624321584 5.13493830577235 0 0 0.602030820493601 1.90555739770902 0.336240731336289 -0.437657593953264 0 0.466841299304199 -0.410289828856611 0 
1.57142565333233 18.0222221175312 -12.6065675134801 0 16.8561923023575 0 5.79528363691423 -12.0497525818878 -14.5981887516557 0 0 0.635437897702417 0 1.47072999340982 0.534682059909535 -0.999087991658174 -1.13778423570925 -0.221623401260759 0.191764433026204 -0.263169920194508 -1.3195076367443 0 -12.541107410817 12.0952515639808 0 -17.8338807159261 -16.2218149454434 14.707774312565 -18.235621414257 0 0 0 0 -1.66984302814577 -0.489385443036158 0 0 1.820151973432 0 0 1.00710602896619 
0.748595936178965 0 0.77260066791093 -5.08171494355505 -16.0189861226915 -18.0829380536838 0.95645920418038 0.308183478335004 -17.5874619919748 3.28478869203701 0 0 0 -0.44296192119036 0 0 0 1.85305012103778 0 -1.32741055326881 0.0444889925627452 -15.5275560987776 -19.2203200697993 3.41141732568453 13.4043801638318 -8.94040948196333 5.66366388726219 19.3477805328312 -17.2648863295395 -4.22166439901184 0.168601507399511 -0.678183330538768 0 0.757990027199495 -1.06933823091413 0 1.19496933612738 0 -0.741573277274879 1.94103287623312 0 
0 -14.2545248541304 0 -14.8706321953193 0 2.56554193914195 -2.83375040759973 -13.6298346024146 -14.9606242752451 19.414535229753 -17.8932292470211 0 -1.33710096186823 -0.421374904188036 0 1.84361244451423 0 0 1.96737185864121 -1.85546189912384 -1.80414828369587 -14.5843486369515 -6.98504764911954 1.59225665107009 0 0 0 0 -18.9810955333435 -13.2079487821124 0.822919616858903 0.197796101773994 0 1.32890601052386 -1.0954057495554 0.978968470813226 -0.827200415929407 0 -1.18650582487998 -0.776685962815157 -0.699095676047306 
0 4.59353763824028 6.55482051267979 -12.8047920264326 14.4999022756237 5.91626359425311 3.56687031852401 -11.3912012201693 9.88632821938318 0 1.89264375804581 -1.67161570194718 -0.33463583529677 -1.15498463397612 1.05258859836151 1.16256189121053 0 1.2063467489585 -0.894483293823192 0 0 1.32917267332281 -4.03952655570559 0 -8.92393143331815 0 -8.57664823931486 -11.6357191240581 8.43982958627857 10.8446834938809 0.42722869684325 -0.0436335774341755 -1.54115218834074 0.980729951979932 0.817617188588538 0.296409219641429 0.134995849865952 -1.57391099705077 -1.39315079124325 1.84015692297377 0 
0.748595936178965 -3.04566525064673 0 18.6902355955403 -11.5362407786475 11.0563618927525 0 6.30659832912805 0 14.8209129715436 0 -0.639139357320564 0 -1.55012926624628 1.61939266585717 -0.220908608390441 0 0 0 1.94518864524792 0 -6.38241819403247 -14.9333312431971 15.377291476064 -1.68627083380067 -15.4591524114176 11.2375335168268 9.40273038549476 -5.99481918196884 0 -13.886121080204 0 0 -0.719928225837615 0.541315294122936 0 -0.462469053670051 -1.31053761360726 -1.14331494418127 -1.42928022492178 -1.47004097116647 
0 0 -4.3922632208058 0 0 2.33542320427272 0 0 -18.4851745509008 -14.5793665082098 -17.4065614945286 -0.862735066964633 -0.688682774402519 0 1.68880375367068 0.0877107624372983 0 -1.609456007187 0.0625135535665385 0 0 12.80463614166 -8.95749029189231 0 19.0041621117872 2.33571100157486 2.96981909450601 0 19.4437222087028 -9.00022373953844 12.3950515465788 0 0 0 -1.19113155137335 -0.741254171701732 0 1.80329781016488 1.40760301025938 -0.496892201014279 -0.727730238217735 
1.57142565333233 12.2595392969714 -3.86824415245477 0 3.89159402059931 12.2476355974784 0 0 0 -5.42713651686308 -9.34793441991691 0 1.98019305056901 0 0 0 0 0 0 0.73613280464715 -1.3699008614616 -18.3938817299874 -3.59457504171625 0 0 0 0.388249540882301 0 2.70225631198951 0 0 0 0 0 0 1.85280446887613 0 -0.907286352900456 -1.30570319169467 1.08101552402648 0.848463227436162 
0 -4.97310541801765 -0.626219427504679 -0.887282360758298 -0.702805323853532 0 5.56804303339126 0 0 0 0 0 0 0.301273382409137 1.85894598246503 0.45755006766764 -1.86662568238872 -0.130013231248601 -0.684223135320574 0.719043705015929 -1.26267132687507 8.15697973973908 0 0 0 0 -5.91559728883002 -8.3404010759389 15.3150301777362 12.0011906195437 6.98444629413283 1.27232362482339 0 -1.3052246325208 1.74821414134848 0 0.910857852972512 0.684933718612852 1.5916244590616 0 1.98976789507538 
0 -19.4530160350041 0 0 -7.9880534242783 0 -10.372278359892 0 -9.99793122056775 -5.30419484959179 0 0.259480935642254 1.1324937265052 -0.908769366754577 0 0 0.0339200832107664 -1.76566623419787 -1.00196075020449 0 0 11.1141304537254 0 0 0 0 0 -5.96453444378662 0 0 0 0.971122228992694 -1.73149231250002 -0.283529545312528 1.08035411549749 0 -0.0187117252585998 0 0 -0.380704149781123 0.887604057270849 
0 2.47869192738025 1.41690496421275 17.6745873771955 17.8260355712036 -16.0830865875273 0 0 0 -16.6631889793385 0 0.17978301280168 0 -1.22974689082696 1.34819384261416 0 0 1.47102538005962 1.73736549622257 1.46088292145211 0 0 -12.6586659218458 18.7345719517835 0 18.7771014677254 0 10.4337901856908 0 -8.3921734468975 -10.8827763474001 -1.02735941625543 0 -1.46421432190771 0.329057566974805 1.70433855694921 -1.21617265195408 0.0455502579200781 0 0 0 
0 18.0110852317936 0 19.7771613112544 -18.2669564794129 4.82087013536173 -8.5140878653685 -13.8294764020617 15.5108416711496 6.56395905025488 -10.4493463553718 0 -1.95134811101078 -1.57154490965025 0 0 1.4110135582327 -1.24299107736116 0 1.54649853964639 1.75139691203432 0 -18.6843331897093 11.2336960021563 -3.57529555613887 0 -16.5275456553919 0 15.1964884974046 -9.36765458871036 -1.78865552963161 0.327158490348215 0 1.50379095296552 0 -0.634289602113091 0.933798478419799 -1.78335404106572 0 0 0.253507184914084 
0.748595936178965 0 -1.66512891727739 -2.521064506155 0.000579021871359563 -9.6230935350168 0 0 0 -3.3763232190983 0 -1.82075461550651 -1.38263299008023 -1.14119622257594 1.39263959014446 -0.523183882480107 1.18368229231969 0 -0.309106067898267 0 0 -11.6657432129913 -18.8484771078678 11.3772866555384 -16.0669861622467 19.7295587974272 -5.64707662241863 -11.874408056901 -14.1562767020223 0 -11.0648301574703 0 0 -0.576855524711709 0 0 -1.04426232122083 0.659722658181434 -1.06679987584557 -0.784778342016404 -1.90123884654662 
1.57142565333233 7.85817095444453 -13.0223777392052 0 0 -13.8244773232492 -8.09740111608869 0 0 -10.7708276579021 -7.93149940107553 0 1.94226503369504 0 0 0 0 -0.813948322466551 0 0 0 -12.4947656469861 2.93969178709187 -17.0475366884133 10.8602758268175 -8.63045647210928 -11.3574449864018 -3.75014141376603 0 0 0 1.62543303874574 0 -1.65560474230703 0 1.09831227599565 0 0 0 0 1.0233018524122 
0 -7.58553188647401 0 -2.54161073944606 0 -0.280922111254615 15.8776046875294 -16.4118693472873 5.33119410524666 0 7.94626104084135 1.70820102454545 -1.15811680218117 -1.85400520817098 -1.61489509773203 0.243369756379803 -1.43484953578322 -0.585016233187642 -1.71738248677802 -0.290784991481707 -0.586709070292632 4.24578400526465 0 0 0 8.3703697046127 -11.3631960336879 0 -15.2369153943085 10.7537214042403 0 0 -0.612784133578084 0.840110857430897 -1.88122333860082 -0.470207052524298 -1.61845494137074 1.11273416462947 0.869766804794672 1.71904581306458 -0.828899880325841 
1.57142565333233 17.9450104748574 0 18.9925056225585 -11.9520861431733 -9.84964745577874 0 0 -9.24301386309928 -12.7061459015618 -9.64067697973953 0 1.17778377755442 0 -1.21687125098746 0 1.13675711356884 -0.652485858952853 0 -0.640163976065891 0.703530013888856 18.9155071316825 -13.0122407213842 0 -4.13639658323321 -0.275964755693434 0 0 17.8420550738657 0 -3.57591903003674 0.52622613614715 0.767198844238743 1.31144338721011 -0.943802413038817 0 0.584778882835423 1.54329143908959 0 0 0 
1.57142565333233 10.0168978096996 14.1751013669069 -14.9080813652408 3.00173445744521 19.3391693194114 12.7268095373767 0 1.66756742711531 -17.5417039904472 -6.50907378015531 0 -0.28296695476536 0.721157478504422 1.37863643438492 1.7545530711089 0 0.0458331955810232 -0.763328800333351 0.530304819592417 0 0 0 12.8839747574571 5.63607182616185 10.191385340966 -8.09941419777433 -18.2120809136946 0 18.192616597839 0 0.560555373579522 0 0.587950212223432 -1.34626130263613 1.76675908629166 -1.4101526054601 0 1.42783027301907 -0.243157663495819 0 
0.748595936178965 -19.5461688467982 -1.98452132846439 0 0 -16.1882116255296 5.69297736775734 -3.94986146313598 11.8155605959778 12.5408959726528 0.571785271434013 0.223213561914495 0 1.08249201862258 0.733525062321464 0.0515750060098129 1.46366293703376 0.0510292891650597 -0.970128853325792 0 -0.941214441760077 -6.88567392848696 -13.6064181819588 15.5935914328292 -16.6939421262098 -5.96647767627913 -11.2750066776178 12.9706615269979 0 -16.488015836332 0 -0.230363155822439 0 0.253454836203463 -1.06154870756974 0.905948040497465 0.65039330471791 0 0.43108020091014 0.395008070578337 -0.794466056299613 
0.748595936178965 12.6895195304833 -2.31774185892089 11.4364091080783 16.2918054574597 2.65497603577328 -16.7485480926691 -19.8760609607566 15.9201744459198 -8.06540337766772 -17.420019888049 -1.18744573704314 0.39460083301859 0.659855724619634 1.92381703384398 -1.21397686247433 0 0 0 1.26618055778843 1.71730554276952 0 0 -15.6808970103417 0 -17.7863653552655 -9.71520555658043 0 4.87747661065193 -10.011354456661 9.53487626720913 0 0 -1.72304216945686 1.89456095448442 -1.33303846294667 -1.76529968425878 1.02840185958352 -0.839482059161869 1.12033364973978 0 
0.748595936178965 -4.26135868963849 -10.144686061025 0 -10.9207210926901 -0.347664421586164 0 -10.0271693477534 0 1.48111265221662 1.1508278740341 0 0.570205739964827 0.40626657028043 -1.32965408048111 0 -0.699670429667304 0 0 1.4669965791828 0 0 -13.1323064924834 0 0 0 7.84739885844635 9.90613244935224 2.75487476156786 9.3172831317956 -7.18387850894773 -1.43499109215801 -1.54620501284776 0 -0.936226411227242 0 -0.618208566968426 0 0 -0.10647404478233 0.376522532839571 
0 -8.2202259396297 0 0 0 0 0 2.47678995247781 -6.21589619955788 7.0123428604623 0 1.15431211942542 1.86915586510168 0 -1.19915158078035 -0.425737740670209 1.69311566077784 0.22538637194102 1.48529529268169 0 0.305504483313069 -6.14592394146413 0 17.1689868332674 4.70051287892298 0 -2.34863839221589 0 -4.91924828147481 -19.9578398838443 0 0 -0.634775921997976 1.61342963092654 -1.99483830481527 -0.497280651003719 0 0 0 -0.116487965973321 -1.19040334838927 
0.748595936178965 -13.2789297091211 3.15684232076483 0 4.9193526920487 -3.62630051729563 14.4536749806505 2.37527755199712 0 3.16645105516838 0 0 1.69371076845271 0 0 0.105714161929541 0.400557264872155 0 0 0 1.63514659164247 -0.495737437389669 -10.8663910957362 -9.56362868173217 0 0 0.536972172808355 16.0441847406533 0 0 19.7474221511499 0 1.96593176944458 0 0 -1.0297594457072 -1.40897806426928 0 -0.00860747509105479 0 0.751072130515739 
0 4.00318641401976 1.91015266902286 0 0 0 -10.5678907365389 0 -5.28623863369517 -1.0010639023972 0 -1.0594776100756 0 -1.28166083492416 0 -0.851649395586759 -0.56572485927759 1.52466635849544 0 0.964528291935347 -1.00054286094408 -6.16354546796696 -4.63899245701683 -11.6242779938617 0 -14.3427367388935 16.0944879409366 5.29450744637032 0 11.1412935476477 -13.0536063169379 0 0 0 0 -1.69462661244656 -0.691691042246153 0.272766264282524 0.915396817454787 1.85893611230838 -1.16699229980213 
