100
10
2.85401682280935 -9.6165230449366 2.13387962721003 -10.3638491455297 0 12.7497409259201 2.82187173304701 19.0058825253536 2.06952411451821 0 15.2766814170762 0.595608745978963 0 0 0.860422585560206 0 0.79409043040317 0 0.0348374208783905 1.55277195365763 0.591217487878733 -17.9936584914074 13.8948257145913 5.43270056668329 0 15.718997639799 3.13085404973517 13.0460968488111 0 18.4724600017641 -4.22133633644382 -1.77381643269854 0 -0.230153424074013 2.26721421987154 0.368912837034516 -1.81739824908664 -1.54860505999467 0.855582403072893 1.74054222448754 -0.044609132243604 
2.85401682280935 -9.6165230449366 7.30142838116802 0 0 0 2.82187173304701 12.7032875608202 1.18992964191825 -0.307268424195828 14.3290552097974 0.595608745978963 0.0356107136772995 -0.350463444455743 0.860422585560206 0.495501579947538 0.79409043040317 0 0.510160379144438 -0.560845573437794 0.594697144159441 17.8765355828575 19.5161355920677 4.75644002943599 -13.1164008998854 8.74422812601283 3.13085404973517 17.3993106021543 19.3847518097305 7.65148613958223 0 0.317181885650932 0.72311685530614 -0.388893530442796 0 -0.594654094937562 -1.81739824908664 -1.70862130471907 0.581065051635292 0 -0.044609132243604 
2.85401682280935 -9.6165230449366 5.75512571609818 14.2524333333841 3.39300922252844 0.422914800873452 2.82187173304701 -0.0771754043536146 22.3340620832211 0.112371983175339 12.1445830739777 0.595608745978963 0.75899016615422 0.475854398424669 1.48790800912208 0.389900489700912 0.79409043040317 1.78570482816813 1.31061227878119 1.24312016103096 1.02763989435399 0 -1.87978522269045 -0.1098511438397 0 7.20691330647418 17.6326684363338 17.3993106021543 0 -19.3184636123099 14.8171766717998 1.97945172897515 -0.23258512202305 -0.254479559261575 0 -0.221321241404545 1.46405320403355 -1.70862130471907 0.855582403072893 -1.17049035844882 0.48456446357284 
2.85380961187157 -8.20008195107807 10.7108050502887 6.69565338811169 0.560331688663145 0 2.82187173304701 12.7032875608202 19.9770825323309 -4.00204821354805 11.0606298292105 1.09673194805939 0.493731254899749 0.113440549901426 0.860422585560206 0.495501579947538 0.79409043040317 0 1.21922591098548 0.398703834413878 0.921548834732524 4.51637977013196 -2.63655989679348 -5.22881116407402 11.7437230211653 -21.5882046992836 18.96162224494 17.3993106021543 19.3847518097305 7.93019393974924 0.22068421948733 -0.874160631966852 -1.22670822586711 -0.667678957184627 0.473854490152492 -0.672353881924578 2.57854126267533 -1.70862130471907 0.581065051635292 0.652254304956763 -0.044609132243604 
2.85356313813162 -9.6165230449366 3.06568608491946 3.23005655930846 0.560331688663145 22.6080074404171 2.82187173304701 -0.0771754043536146 18.1124276659044 0 14.3290552097974 0.75073004968964 0.393974937840353 1.20186968389986 0.860422585560206 -0.794128951562628 0.79409043040317 1.78570482816813 1.32666692572025 1.21117743209525 0.594697144159441 2.28181713217954 -0.761790586338281 5.43270056668329 0 -21.5882046992836 17.6326684363338 11.736142372124 0 3.89367877249312 12.1851239914937 -0.874160631966852 0.138249316587229 -0.230153424074013 2.26721421987154 -0.672353881924578 -0.00347218213764555 -2.01234856421703 0.855582403072893 -0.0839662442654214 0.892010547636082 
2.8523801306885 -9.6165230449366 10.7108050502887 6.69565338811169 3.39300922252844 0 2.82187173304701 -0.0771754043536146 25.4191676475197 -1.96301868812322 1.89087667804718 0.595608745978963 0.493731254899749 0.113440549901426 1.48790800912208 0.495501579947538 0.79409043040317 1.78570482816813 1.28732002927331 0.398703834413878 0.0866061290989659 4.51637977013196 0.976683238487077 1.39058398219784 9.08221915638178 14.9860957893478 19.5119972246056 17.3993106021543 16.9443354330465 5.55246178456697 12.1851239914937 -0.874160631966852 0.383926654292236 0.173234727332943 -0.0593000749029685 0 1.89857760578793 -1.70862130471907 0.663189114245208 0.376858007869151 0.892010547636082 
2.85345938451829 -2.46813107420138 -12.6065675134801 3.23005655930846 0 17.7051188946725 2.82187173304701 -0.0771754043536146 22.3340620832211 0 14.3290552097974 -0.769844808387497 0 1.20186968389986 0.860422585560206 0.366502849043581 0.79409043040317 1.78570482816813 1.31061227878119 2.01674147189909 0.594697144159441 1.96679915584009 -1.87978522269045 5.43270056668329 -13.1164008998854 -21.5882046992836 17.6326684363338 19.4777762421769 10.0467394912833 2.23647666039712 12.1851239914937 -0.467369177447338 -0.23258512202305 -0.230153424074013 0 -0.672353881924578 1.50988520317706 -1.46783191220268 -0.00272511171769591 0.833622060610736 0.892010547636082 
1.57142565333233 -7.96469454465653 3.94357362014408 7.86436607770825 3.39300922252844 14.7329414774351 3.84524594240135 2.28958404161482 18.1124276659044 -0.0698750087152584 14.3290552097974 -0.215791586579658 0 0.963090784811923 1.48790800912208 0.076315846138781 0 1.78570482816813 1.32666692572025 -0.263169920194508 0.594697144159441 3.30415186155781 -1.87978522269045 0.58477505190986 -13.1164008998854 -19.2798999723885 17.6326684363338 19.4777762421769 10.0467394912833 -0.430134157384808 12.1851239914937 -0.874160631966852 -0.23258512202305 -1.28212209064147 0 -0.100454165707554 1.50988520317706 -1.46783191220268 -0.00272511171769591 0.102783863201171 0.892010547636082 
1.57142565333233 -19.6061065236368 -12.6065675134801 0 3.39300922252844 0.422914800873452 5.24386391134181 -0.935687305841449 22.3340620832211 -2.80035309344547 1.77938435379387 -0.699111080644238 0 -0.550279709692243 1.48790800912208 0.389900489700912 0.79409043040317 1.19515548442265 1.31061227878119 0 -0.58537630092603 4.51637977013196 -1.87978522269045 0.58477505190986 -13.1164008998854 -21.5882046992836 17.6326684363338 16.5187201057182 10.0467394912833 7.65148613958223 0 -0.874160631966852 -0.23258512202305 -0.960433059218541 0 -0.404981171402606 1.50988520317706 -1.63599870890193 -0.00272511171769591 -0.0839662442654214 -0.044609132243604 
2.85314768722572 -8.5880554152597 2.8344479789885 16.9659098322345 0 18.3043850970475 -1.5278992824852 -0.0771754043536146 9.48171761707948 -2.80035309344547 0.00548789510758961 0.952860246437071 1.6489678213368 0.57008058175914 0.828666320130539 0.366502849043581 -0.651197210499643 1.78570482816813 1.27771223947765 0 0.252594015711264 10.0643274118958 -15.0430522985026 6.3126108834113 -13.1164008998854 11.9341761752657 20.9840854494758 0 10.4699979327479 7.65148613958223 17.4242149374561 0.230906117218968 0.777818305035037 -0.676888563985419 0 0.127850810535182 2.13836172201594 -0.699646122753455 -0.00272511171769591 0.627150817041821 0 
1.57142565333233 -7.88964496626968 3.94357362014408 8.0018293219627 3.39300922252844 22.6080074404171 5.24386391134181 0.204754731433817 22.3340620832211 -1.18797411468717 14.3290552097974 0.595608745978963 0 0.564712925318029 1.48790800912208 -0.794128951562628 0.79409043040317 2.12671310992293 1.31061227878119 -0.263169920194508 0.594697144159441 3.30415186155781 -1.87978522269045 0.58477505190986 0 -21.5882046992836 17.6326684363338 12.1226431469073 8.60062024663231 -0.430134157384808 12.1851239914937 -0.874160631966852 -0.23258512202305 -0.960433059218541 2.26721421987154 -0.404981171402606 1.46405320403355 -1.58133569668109 0.0949900055886199 0.102783863201171 0.892010547636082 
2.5694115145838 -19.8999924756587 5.15372766144747 8.0018293219627 5.83451519074594 17.7051188946725 2.82187173304701 -0.0771754043536146 18.1124276659044 -0.941491564429128 12.1445830739777 -0.699111080644238 0.458565329782928 0.564712925318029 0.979421399910665 0.366502849043581 0.79409043040317 1.78570482816813 1.32666692572025 0.287503853918753 1.02763989435399 0.912785321270481 -1.87978522269045 -16.539486076934 0.0753905195162587 -20.780959787141 17.6326684363338 17.3724829841976 10.0467394912833 2.80304112206355 0 1.97945172897515 -0.23258512202305 0 -0.468561524892487 -0.935607305995937 1.46405320403355 -1.70862130471907 -0.00272511171769591 0.481224283432226 -0.044609132243604 
2.85304364239642 -9.6165230449366 10.7108050502887 3.53618742734482 3.51764245741891 17.7051188946725 7.29032523263727 -0.0771754043536146 22.3340620832211 1.83768806752641 14.3290552097974 0.595608745978963 0.493731254899749 0.0944221428010717 1.48126034934132 0.366502849043581 -1.13388523669629 1.78570482816813 1.31061227878119 0.695830386884432 0.594697144159441 4.51637977013196 -1.87978522269045 5.0755332191128 -13.1164008998854 -18.7414049910109 3.13085404973517 17.3993106021543 16.2473004009562 7.65148613958223 12.1851239914937 -0.874160631966852 -0.23258512202305 -1.25197365129458 0 0.0703606859223734 -1.81739824908664 -1.70862130471907 0.461214881078906 -0.0839662442654214 0.892010547636082 
2.85297785700401 -7.88964496626968 3.94357362014408 14.2524333333841 3.39300922252844 0.422914800873452 7.29032523263727 -0.0771754043536146 22.3340620832211 0 14.3290552097974 0.595608745978963 0 0.557846121330674 1.48790800912208 1.26292353507733 -1.13388523669629 1.78570482816813 1.31061227878119 1.456729500078 0.594697144159441 3.30415186155781 -1.87978522269045 0 -13.1164008998854 -16.4030669781394 2.04711511409707 17.3993106021543 16.2473004009562 -0.430134157384808 12.1851239914937 -0.874160631966852 -0.23258512202305 -0.667678957184627 0 -0.0874332195042786 -1.60309314721408 -1.70862130471907 0.461214881078906 0.102783863201171 0.892010547636082 
2.85296702945728 -7.88964496626968 4.00775783907518 6.40022221775736 3.39300922252844 18.5528534135096 7.29032523263727 -0.0771754043536146 18.1124276659044 -0.0698750087152584 14.3290552097974 0.595608745978963 -0.281547978716692 0.963090784811923 1.48790800912208 -0.191552240341693 -1.07999322281219 1.78570482816813 1.32666692572025 -0.263169920194508 0.594697144159441 3.30415186155781 -0.0453521320807531 4.04985858486027 -13.1164008998854 -18.7414049910109 1.06418901715157 19.4777762421769 16.2473004009562 -0.430134157384808 12.1851239914937 -0.874160631966852 -0.131619887278238 -1.07924685198313 0 0.168417195248612 -1.60309314721408 -1.46783191220268 0.461214881078906 0.102783863201171 0.892010547636082 
2.85283533369343 -9.6165230449366 9.87974431772239 14.2524333333841 3.39300922252844 17.7051188946725 -4.17879500686135 -0.0771754043536146 18.1124276659044 -2.64093658334619 -5.62973323617118 0.778663264717284 0.493731254899749 0.557846121330674 1.48790800912208 0.366502849043581 0 1.78570482816813 1.32666692572025 0 -0.555537694387854 4.51637977013196 -1.87978522269045 7.93350558280177 -13.1164008998854 14.9860957893478 20.4858299084407 0 19.3847518097305 3.89367877249312 5.20655095102571 -0.874160631966852 -0.475487350297853 -0.387402305690293 0 0 2.16036358673142 -0.699646122753455 0.581065051635292 -0.0839662442654214 0.421053572102009 
2.57109798855871 -12.1666011978717 -9.94904817601156 0 3.39300922252844 17.7051188946725 3.84524594240135 -0.0771754043536146 17.3158091660197 -2.80035309344547 1.77938435379387 0.706191634119578 0.486838138595614 -0.550279709692243 1.48790800912208 0.366502849043581 0 1.78570482816813 0.8866427533732 0 -0.58537630092603 0.912785321270481 -2.0694721698386 0.58477505190986 -13.1164008998854 -18.7414049910109 17.6326684363338 17.3993106021543 10.0471587402034 7.65148613958223 0 1.97945172897515 -0.33578264362448 -0.960433059218541 0 0.0703606859223734 1.50988520317706 -1.70862130471907 -0.595540274197953 -0.0839662442654214 -0.044609132243604 
1.57142565333233 -19.6061065236368 7.29248250422184 8.0834817620383 3.39300922252844 0.422914800873452 5.24386391134181 1.65458074959674 22.3340620832211 -3.3400324052619 14.3290552097974 -0.699111080644238 0.493731254899749 0.516109605541504 1.48790800912208 0.389900489700912 0.79409043040317 1.50678934485036 1.31061227878119 -0.0688787104323873 0.594697144159441 4.51637977013196 -1.87978522269045 0.58477505190986 0 -21.5882046992836 17.6326684363338 10.1040746653937 8.60062024663231 -19.3259265355188 17.4242149374561 -0.874160631966852 -0.23258512202305 -0.960433059218541 0 -0.404981171402606 1.46405320403355 -2.23905990371437 0.0949900055886199 -1.04289093879186 0 
2.85269303993233 -12.1666011978717 -14.9357068406119 0 3.39300922252844 17.7051188946725 2.82187173304701 -0.0771754043536146 18.1124276659044 -2.80035309344547 14.3290552097974 0.706191634119578 0.226143059407427 -0.550279709692243 1.48790800912208 0.366502849043581 0.79409043040317 1.78570482816813 1.32666692572025 0 0.962441256419961 2.74256187432565 -2.50014811721637 -2.04416472785834 0 -18.7414049910109 1.24519768417589 21.2051998741483 19.3847518097305 2.80304112206355 10.6914820638911 -0.874160631966852 -0.23258512202305 -0.716334602244354 2.06864346923709 0.0703606859223734 -2.41878447859026 -1.70862130471907 0.581065051635292 0.176467678168075 0.393495418947887 
0 -17.0448515280592 3.94357362014408 14.2524333333841 3.39300922252844 0.422914800873452 1.91597240048739 -0.0771754043536146 18.1124276659044 0.112371983175339 14.3290552097974 -1.33736437542241 0 0.557846121330674 1.48790800912208 0.389900489700912 0.525566171857326 2.36825872359251 1.32666692572025 1.24312016103096 0.594697144159441 0.262759531714376 -1.87978522269045 0 0 -21.5882046992836 19.0530405321871 16.0910034020855 16.2473004009562 2.80304112206355 0 1.97945172897515 -0.23258512202305 -0.667678957184627 0 -1.3695590271985 1.0926159383555 -1.46783191220268 0.461214881078906 0.176467678168075 -0.044609132243604 
1.57142565333233 -9.6165230449366 5.75512571609818 16.9659098322345 3.39300922252844 17.7051188946725 1.88353217385408 -0.0771754043536146 18.1124276659044 5.38581405819199 14.3290552097974 0.595608745978963 0.806164592437523 0.545840444381274 1.48790800912208 0.366502849043581 0.278607121635511 1.78570482816813 1.32666692572025 1.39584817053557 0.594697144159441 -17.9936584914074 -15.0430522985026 7.93350558280177 -17.7115514211876 -21.5882046992836 20.4858299084407 20.1535155434643 11.1529800113072 3.39790658187024 0 -1.77381643269854 0.777818305035037 -0.387402305690293 -1.52048759140097 -0.672353881924578 2.16036358673142 -2.383272355843 0.462349843612103 -0.0839662442654214 -0.044609132243604 
2.85251322763588 -12.1666011978717 7.29248250422184 0 3.39300922252844 -0.309863696973707 3.82697485749469 -0.0771754043536146 22.3340620832211 -3.3400324052619 14.3290552097974 0.706191634119578 0.493731254899749 -0.550279709692243 1.48790800912208 0.679107252261186 0.867401597927046 1.78570482816813 1.31061227878119 -0.0688787104323873 0.594697144159441 4.51637977013196 0 1.39058398219784 3.3398776808008 -23.5621707292097 17.6326684363338 17.3993106021543 5.37659419527119 -19.3184636123099 15.4001649952262 -0.874160631966852 0 0.173234727332943 -0.309161031879094 -0.886556222809737 1.46405320403355 -1.70862130471907 0.245785419752721 -1.17049035844882 0.77956829406301 
2.85196189212818 -8.5880554152597 2.8344479789885 16.9659098322345 -2.64423923149902 15.5122106060443 -4.17879500686135 -0.0771754043536146 7.91577677403846 0.617433711987656 1.77938435379387 0.952860246437071 1.6489678213368 0.57008058175914 0.867914221169387 0.366502849043581 -0.124191282491289 1.78570482816813 1.32205672695397 -0.263169920194508 -0.58537630092603 8.84275944765786 -15.0430522985026 6.3126108834113 -13.1164008998854 9.34647103284787 23.5670976150162 17.3993106021543 10.0467394912833 7.65148613958223 17.4242149374561 -0.356071219451759 0.777818305035037 -0.676888563985419 0 -0.289473239509143 1.97387218640366 -1.70862130471907 0.443096199246634 0.627150817041821 0 
1.57142565333233 -8.20008195107807 5.75512571609818 0 1.52916748615874 3.11781161430656 2.82187173304701 12.7032875608202 19.9770825323309 -2.06931370341653 11.0606298292105 1.09673194805939 0.0496205396669084 0.434173867089755 1.78606232874378 0.495501579947538 0.79409043040317 0 1.21922591098548 -1.70639345396142 0.921548834732524 17.8765355828575 19.5161355920677 -8.34236005900537 -13.5377434386349 10.4952098105546 18.96162224494 17.3993106021543 19.3847518097305 10.4032606837355 0.22068421948733 0.317181885650932 0.72311685530614 0.17338788245031 -0.851916167206092 0 2.57854126267533 -1.70862130471907 0.581065051635292 0.045583046379305 -0.044609132243604 
0 -9.6165230449366 7.29248250422184 14.2524333333841 3.39300922252844 0.422914800873452 2.82187173304701 -1.52588909236988 22.3340620832211 0 -2.78108200627895 0.778663264717284 0.493731254899749 0.557846121330674 1.48790800912208 1.26292353507733 0.79409043040317 1.61746899394201 1.31061227878119 1.456729500078 -0.555537694387854 4.51637977013196 -1.87978522269045 0 -13.1164008998854 -23.7276062339207 3.13085404973517 19.6026273615671 19.3847518097305 3.89367877249312 13.0313458382996 -0.874160631966852 -0.23258512202305 -0.667678957184627 0 -0.564429142137258 -1.81739824908664 -1.26944699730233 0.581065051635292 -0.0839662442654214 0.48456446357284 
0 -12.3088792981156 7.29248250422184 0 3.39300922252844 -0.309863696973707 3.82697485749469 -2.25968431088127 22.3340620832211 -0.0698750087152584 1.77938435379387 0.706191634119578 0.493731254899749 -0.550279709692243 1.48790800912208 0.679107252261186 0.867401597927046 2.01381812555428 1.31061227878119 -0.263169920194508 -0.58537630092603 3.70965517012386 0 1.39058398219784 3.3398776808008 -23.5621707292097 1.24519768417589 19.4454953558024 0 -19.3184636123099 15.4001649952262 -1.50198769197892 0 0.173234727332943 -0.309161031879094 -0.886556222809737 -2.9477450249287 -1.38912977024407 0.855582403072893 -1.17049035844882 0.77956829406301 
2.85275914795274 -12.1666011978717 -12.6065675134801 0 3.39300922252844 0.422914800873452 3.87830645131334 -0.0771754043536146 22.3340620832211 -0.0698750087152584 1.77938435379387 0.706191634119578 0 -0.550279709692243 1.48790800912208 0.389900489700912 0.678744244002153 1.78570482816813 1.31061227878119 -0.263169920194508 -0.58537630092603 2.74256187432565 0 1.39058398219784 0 -18.7414049910109 0.235501334786184 17.3993106021543 0 7.65148613958223 15.4001649952262 -0.874160631966852 0 0.173234727332943 2.06864346923709 0.0703606859223734 -1.58524416192679 -1.70862130471907 0.855582403072893 -0.0839662442654214 0.77956829406301 
2.8523801306885 -12.1666011978717 -9.68573890313774 0 3.39300922252844 0.422914800873452 3.82697485749469 -0.0771754043536146 22.3340620832211 -0.0698750087152584 1.77938435379387 0.706191634119578 0.560775784235809 -0.550279709692243 1.48790800912208 0.389900489700912 0.867401597927046 1.78570482816813 1.31061227878119 -0.263169920194508 -0.58537630092603 2.74256187432565 -1.87978522269045 1.38156475896554 0 -18.7414049910109 3.13085404973517 17.3993106021543 8.60062024663231 7.65148613958223 15.4001649952262 -0.874160631966852 -0.441293390766388 -0.960433059218541 2.06864346923709 0.0703606859223734 -1.75876191552671 -1.70862130471907 0.0949900055886199 -0.0839662442654214 0.77956829406301 
2.85216340300209 -9.6165230449366 8.67624307813879 6.69565338811169 3.39300922252844 18.5528534135096 7.29032523263727 -0.0771754043536146 22.3340620832211 0 1.89087667804718 0.595608745978963 0.493731254899749 0.0944221428010717 1.48790800912208 -0.191552240341693 -1.13388523669629 1.78570482816813 1.31061227878119 0 0.0866061290989659 4.51637977013196 1.48886464593879 5.0755332191128 9.08221915638178 -18.7414049910109 16.6679209721358 17.3993106021543 16.2473004009562 6.52482635107582 12.1851239914937 -0.874160631966852 0.383926654292236 -1.07924685198313 -0.0593000749029685 0.168417195248612 1.89857760578793 -1.70862130471907 0.461214881078906 -0.0839662442654214 0.892010547636082 
0 -7.96469454465653 1.73438365926705 -2.17944260206047 3.39300922252844 17.7051188946725 3.410206303564 -0.0771754043536146 18.1124276659044 -2.80035309344547 14.3290552097974 -0.632761416571569 0.611240587072093 -0.0703306671512922 1.48790800912208 0.366502849043581 0.271811686834233 2.35261956710956 1.32666692572025 0 0.594697144159441 2.74256187432565 1.69765792542494 0.58477505190986 -13.1164008998854 -18.7414049910109 0.235501334786184 22.6978882755609 0 2.80304112206355 15.4001649952262 -0.874160631966852 -0.23258512202305 -0.355160973647219 0 0.0703606859223734 -1.48536870647472 -1.94467937474357 0.855582403072893 0.176467678168075 0.77956829406301 
1.57142565333233 -7.96469454465653 3.13629086042582 8.0018293219627 6.57432205717746 17.7051188946725 -0.196729770231399 -0.0771754043536146 18.1124276659044 -2.80035309344547 14.2602092911304 -0.809334380849886 0 0.564712925318029 1.48790800912208 0.366502849043581 0.758117416798192 1.78570482816813 1.32666692572025 0 0.594697144159441 0.912785321270481 -2.0694721698386 0.58477505190986 -11.1110296897176 7.20691330647418 17.204638068124 17.3993106021543 10.0467394912833 2.80304112206355 1.75905532844321 1.97945172897515 -0.23258512202305 -0.960433059218541 -0.199915250502487 -0.221321241404545 1.50988520317706 -1.70862130471907 -0.00272511171769591 0.176467678168075 -0.044609132243604 
2.85206656194692 -11.3571470064843 3.94357362014408 8.0018293219627 3.39300922252844 17.7051188946725 3.84524594240135 -0.0771754043536146 18.1124276659044 -0.0698750087152584 14.3290552097974 -1.12923244310507 0 0.564712925318029 1.48790800912208 0.366502849043581 0 1.78570482816813 1.32666692572025 -0.263169920194508 0.594697144159441 1.5975760122517 -0.0453521320807531 0 -13.1164008998854 7.20691330647418 2.04711511409707 19.4777762421769 16.2473004009562 2.80304112206355 0 1.97945172897515 -0.131619887278238 -0.667678957184627 0 -0.221321241404545 -1.60309314721408 -1.46783191220268 0.461214881078906 0.176467678168075 -0.044609132243604 
2.85206656194692 -8.49179961173413 1.73438365926705 -2.69103255355313 3.39300922252844 17.7051188946725 3.410206303564 -0.0771754043536146 18.1124276659044 -2.80035309344547 14.3290552097974 -0.622732090653261 0.611240587072093 0.349078696691002 1.48790800912208 0.366502849043581 0.271811686834233 1.78570482816813 1.32666692572025 0 0.594697144159441 28.432138362309 1.69765792542494 1.4023563721461 -13.1164008998854 -18.7414049910109 4.49852210190078 19.4777762421769 19.3847518097305 2.80304112206355 -3.11203519167008 1.03065258613352 -0.23258512202305 -0.355160973647219 0 0.0703606859223734 -2.70501538077603 -1.46783191220268 0.581065051635292 0.176467678168075 -0.044609132243604 
2.85206656194692 -12.7006089466161 7.29248250422184 16.9659098322345 3.39300922252844 17.7051188946725 -4.17879500686135 -0.0771754043536146 18.1124276659044 0.240384616907864 15.2766814170762 0.595608745978963 0.493731254899749 0.545840444381274 1.48790800912208 0.366502849043581 0 1.78570482816813 1.32666692572025 -0.195116214102654 0.591217487878733 4.98609058735244 -15.0430522985026 7.93350558280177 -13.1164008998854 14.9860957893478 20.4858299084407 0 19.3847518097305 4.63563457468321 5.20655095102571 -1.14434545644761 0.777818305035037 -0.387402305690293 0 0 2.16036358673142 -0.699646122753455 0.581065051635292 -0.280278128357734 0.421053572102009 
1.57142565333233 -7.96469454465653 3.94357362014408 14.2524333333841 5.60103798559915 0.422914800873452 1.91597240048739 -0.0771754043536146 18.1124276659044 -2.80035309344547 14.3290552097974 -0.809334380849886 0 0.557846121330674 1.97958318770378 0.389900489700912 0.525566171857326 1.78570482816813 1.32666692572025 0 0.594697144159441 0.262759531714376 -1.87978522269045 0.58477505190986 -13.0098125374922 -21.5882046992836 17.6326684363338 17.3993106021543 10.0467394912833 0.0708602927955151 0 1.97945172897515 -0.23258512202305 -0.960433059218541 0 -1.3695590271985 1.50988520317706 -1.70862130471907 -0.00272511171769591 0.176467678168075 -0.044609132243604 
2.56988634506748 -9.6165230449366 5.75512571609818 14.2524333333841 3.39300922252844 0.422914800873452 2.82187173304701 -0.0771754043536146 25.2392046333473 0.112371983175339 14.3290552097974 0.595608745978963 0.75899016615422 0.0330732370135717 1.48790800912208 0.389900489700912 0.79409043040317 1.78570482816813 0.814998897786718 1.24312016103096 0.594697144159441 0.262759531714376 -1.87978522269045 -1.8985230221639 0 7.20691330647418 17.6326684363338 17.3993106021543 12.9229510831055 2.80304112206355 0 1.97945172897515 -0.23258512202305 -0.254479559261575 0 -0.221321241404545 1.46405320403355 -1.70862130471907 0.160223951577313 0.176467678168075 -0.044609132243604 
2.85196189212818 -9.6165230449366 10.7108050502887 -2.17944260206047 3.39300922252844 0.422914800873452 2.82187173304701 -0.0771754043536146 22.3340620832211 0.112371983175339 14.3290552097974 0.595608745978963 0.493731254899749 -0.0703306671512922 1.48790800912208 0.389900489700912 0.79409043040317 1.78570482816813 1.31061227878119 1.24312016103096 0.594697144159441 4.51637977013196 -1.87978522269045 0 9.08221915638178 -23.667384320622 19.5119972246056 17.3993106021543 0 7.65148613958223 0 -0.874160631966852 -0.23258512202305 -0.667678957184627 -0.0593000749029685 -1.3695590271985 1.89857760578793 -1.70862130471907 0.855582403072893 -0.0839662442654214 -0.044609132243604 
2.85189431548331 -9.6165230449366 -13.3281067257412 6.69565338811169 3.39300922252844 0 2.82187173304701 -0.0771754043536146 18.1124276659044 0 14.3290552097974 0.595608745978963 0.299584604678482 0.113440549901426 1.48790800912208 0.495501579947538 0.79409043040317 1.78570482816813 1.32666692572025 0 0.594697144159441 4.51637977013196 -2.63655989679348 1.39058398219784 0 -18.7414049910109 3.13085404973517 17.3993106021543 19.3847518097305 5.55246178456697 12.1851239914937 -0.874160631966852 -1.28133653954199 0.173234727332943 1.52201228954923 0.0703606859223734 -1.81739824908664 -1.70862130471907 0.581065051635292 0.376858007869151 0.892010547636082 
2.85189431548331 -8.06952989272286 10.7108050502887 -2.17944260206047 3.51764245741891 0.422914800873452 2.82187173304701 -0.0771754043536146 18.1124276659044 -1.96301868812322 1.89087667804718 -0.071687208549905 0.493731254899749 -0.0703306671512922 1.48126034934132 0.389900489700912 0.79409043040317 1.78570482816813 1.32666692572025 0.398703834413878 0.0866061290989659 4.51637977013196 -1.87978522269045 0.58477505190986 -13.1164008998854 -21.5882046992836 19.5119972246056 17.3993106021543 19.3847518097305 5.32991736702617 12.1851239914937 -0.874160631966852 -0.23258512202305 -0.355160973647219 0 -1.3695590271985 1.89857760578793 -1.70862130471907 0.581065051635292 0.376858007869151 0.892010547636082 
2.56914921254709 -9.6165230449366 -13.3281067257412 -2.17944260206047 3.39300922252844 17.7051188946725 2.82187173304701 -0.0771754043536146 18.7736287186731 0 14.3290552097974 0.595608745978963 -0.0115807310731992 -0.0703306671512922 1.48790800912208 0.366502849043581 0.79409043040317 1.78570482816813 0.844819479940841 0 0.594697144159441 4.51637977013196 -0.14319507328011 0.58477505190986 0 -18.7414049910109 3.13085404973517 17.3993106021543 2.74670313289235 7.65148613958223 9.71817587954838 -0.874160631966852 -1.22670822586711 -0.355160973647219 1.52201228954923 0.0703606859223734 -1.81739824908664 -1.70862130471907 0.493845462423677 -0.0839662442654214 1.35861408496677 
0 -9.6165230449366 5.75512571609818 3.23005655930846 0.560331688663145 9.27179465944497 1.88353217385408 -0.0771754043536146 20.9050221853447 3.66679412732683 1.89087667804718 0.595608745978963 0.806164592437523 1.20186968389986 0.860422585560206 0 0.278607121635511 1.78570482816813 0.93067713449275 0.88817023583137 0.0866061290989659 -17.9936584914074 0.976683238487077 5.43270056668329 -17.7115514211876 14.9860957893478 19.5119972246056 17.3993106021543 10.804522195088 3.89367877249312 0 -1.77381643269854 0.383926654292236 -0.230153424074013 -1.52048759140097 0 1.89857760578793 -1.70862130471907 0.655120660478771 -0.0839662442654214 -0.044609132243604 
2.8517153593779 -12.6206791200771 5.84038459276333 3.23005655930846 0 17.7051188946725 2.82187173304701 -0.0771754043536146 18.1124276659044 -2.80035309344547 14.3290552097974 0.34073995715973 0.706110617758758 1.20186968389986 0.910377350044612 0.366502849043581 0.79409043040317 1.78570482816813 1.32666692572025 0 0.962441256419961 3.28506491132316 -3.54684844359143 -2.04416472785834 2.60369903901764 -18.7414049910109 1.24519768417589 21.2051998741483 19.3847518097305 2.80304112206355 10.6914820638911 2.0566226785754 -0.395375054271601 -0.716334602244354 -0.176892329425035 0.0703606859223734 -2.41878447859026 -1.70862130471907 0.581065051635292 0.176467678168075 0.393495418947887 
2.85349825055944 -9.6165230449366 5.75512571609818 3.23005655930846 0 12.7497409259201 2.82187173304701 -0.0771754043536146 19.7519327040538 0.51080394606609 12.1445830739777 0.595608745978963 0.75899016615422 1.20186968389986 1.16322991966886 0 0.79409043040317 1.78570482816813 1.32666692572025 0.290363522297872 1.02763989435399 0 -1.87978522269045 5.43270056668329 7.43751919543721 7.20691330647418 0 21.2051998741483 19.781968115611 2.89170165955634 9.71817587954838 1.73176888700191 -0.23258512202305 -0.230153424074013 -0.493103477458052 -0.221321241404545 -1.81739824908664 -1.70862130471907 0.194386927701713 0.481224283432226 0.892010547636082 
0 -9.6165230449366 5.75512571609818 3.23005655930846 0 17.7051188946725 -4.17879500686135 -3.13869223182029 18.1124276659044 -0.125524705287779 12.1445830739777 0.595608745978963 0.75899016615422 1.20186968389986 1.16322991966886 0.366502849043581 0 1.58737799724908 1.32666692572025 0.287503853918753 1.02763989435399 0 -1.87978522269045 5.43270056668329 -13.1164008998854 14.9860957893478 0 21.2051998741483 19.3847518097305 2.80304112206355 9.71817587954838 1.73176888700191 -0.23258512202305 -0.230153424074013 0 0 -1.81739824908664 -1.88721293194555 0.581065051635292 0.481224283432226 0.892010547636082 
1.57142565333233 -9.6165230449366 5.75512571609818 3.23005655930846 0 12.7497409259201 -0.264169320517297 -0.0771754043536146 18.1124276659044 3.39122993601078 12.1445830739777 0.595608745978963 0.75899016615422 1.20186968389986 0.860422585560206 0 0.79409043040317 1.78570482816813 1.32666692572025 1.18402842150257 1.02763989435399 0 13.8948257145913 5.43270056668329 0 15.718997639799 2.0032446126003 13.0460968488111 19.3847518097305 2.80304112206355 9.71817587954838 1.73176888700191 0 -0.230153424074013 2.26721421987154 0.368912837034516 -1.81739824908664 -1.21480653862227 0.581065051635292 0.899531756206197 0.892010547636082 
2.8517153593779 -10.7282202759889 7.29248250422184 3.23005655930846 0 17.6844792424862 2.82187173304701 -0.0771754043536146 18.1124276659044 -0.0698750087152584 12.1445830739777 0.595608745978963 0.493731254899749 1.20186968389986 1.16322991966886 -0.160235606604365 0.79409043040317 1.78570482816813 1.32666692572025 -0.263169920194508 1.02763989435399 3.00281728899703 -1.87978522269045 5.43270056668329 7.43751919543721 7.20691330647418 0 17.3993106021543 0 2.80304112206355 12.1851239914937 -0.991625601375301 -0.23258512202305 -0.230153424074013 -0.493103477458052 -0.221321241404545 -1.81739824908664 -1.70862130471907 0.855582403072893 0.899531756206197 0.892010547636082 
2.85282505739307 -10.0868849364281 -12.6065675134801 3.23005655930846 0 17.7051188946725 -0.237130987824466 -0.0771754043536146 18.1124276659044 0 14.3290552097974 0.34073995715973 0 1.20186968389986 0.860422585560206 0.366502849043581 0.79409043040317 1.78570482816813 1.32666692572025 1.55277195365763 0.962441256419961 0 -1.87978522269045 5.43270056668329 -13.1164008998854 -18.7414049910109 14.3112060420733 19.4777762421769 10.0467394912833 -0.430134157384808 12.1851239914937 1.54672771768026 -0.23258512202305 -0.230153424074013 0 0.0703606859223734 1.51153566519801 -1.46783191220268 -0.00272511171769591 0.1631679539956 0.892010547636082 
2.8517153593779 -9.6165230449366 10.7108050502887 3.23005655930846 3.39300922252844 22.6080074404171 5.09522603864094 -0.0771754043536146 19.9770825323309 -1.96301868812322 14.3290552097974 0.595608745978963 0.493731254899749 1.20186968389986 1.48790800912208 -0.794128951562628 0.867401597927046 1.78570482816813 1.21922591098548 0.398703834413878 0.594697144159441 6.24673527607077 -17.6228249814468 1.39058398219784 9.08221915638178 14.9860957893478 17.6326684363338 20.7742899487839 19.3847518097305 -17.7926458053024 12.1851239914937 -0.856933155915203 0.0310912653948605 0.173234727332943 -0.0593000749029685 0 0.921928598658149 -3.00226242427354 0.581065051635292 -1.56857905900505 0.892010547636082 
2.8517153593779 -9.6165230449366 5.75512571609818 3.23005655930846 0 17.7051188946725 -4.17879500686135 -0.0771754043536146 18.1124276659044 -0.125524705287779 12.1445830739777 0.595608745978963 0.75899016615422 1.20186968389986 1.16322991966886 0.366502849043581 0 1.78570482816813 1.32666692572025 0.287503853918753 1.02763989435399 2.36285286350774 -1.87978522269045 5.43270056668329 -13.1164008998854 14.9860957893478 0 21.2051998741483 19.3847518097305 2.80304112206355 12.1384327245589 1.29329555707672 -0.23258512202305 -0.230153424074013 0 0 -1.81739824908664 -1.70862130471907 0.581065051635292 0.899531756206197 0.892010547636082 
1.57142565333233 -10.0868849364281 3.94357362014408 3.23005655930846 0 17.7051188946725 2.82187173304701 -0.0771754043536146 18.1124276659044 -2.80035309344547 14.3290552097974 0.34073995715973 0 1.20186968389986 0.910377350044612 0.366502849043581 0.79409043040317 1.78570482816813 1.4657069068708 0 0.962441256419961 0 -1.87978522269045 -2.04416472785834 -13.1164008998854 -18.7414049910109 17.6326684363338 21.2051998741483 22.0172082651254 2.80304112206355 10.6914820638911 1.54672771768026 -0.23258512202305 -0.716334602244354 0.581049450426851 0.0703606859223734 1.46405320403355 -1.70862130471907 0.949855852620609 0.176467678168075 0.393495418947887 
1.57142565333233 -12.1666011978717 2.13387962721003 0 3.39300922252844 0.422914800873452 3.82697485749469 19.0058825253536 22.3340620832211 -0.0698750087152584 1.77938435379387 0.706191634119578 0 -0.550279709692243 1.48790800912208 0.389900489700912 0.867401597927046 0 1.31061227878119 -0.263169920194508 -0.58537630092603 2.74256187432565 -1.87978522269045 1.38156475896554 0 15.718997639799 3.13085404973517 17.3993106021543 0 7.65148613958223 15.4001649952262 -0.874160631966852 -0.23258512202305 -0.960433059218541 2.06864346923709 0.368912837034516 -1.75876191552671 -1.70862130471907 0.855582403072893 -0.0839662442654214 0.77956829406301 
1.57142565333233 -4.5343740807075 -12.6065675134801 3.23005655930846 0 0 2.82187173304701 12.7032875608202 1.18992964191825 -0.307268424195828 14.3290552097974 -0.381935718973137 0 1.20186968389986 0.860422585560206 0.495501579947538 0.79409043040317 0 0.510160379144438 -0.560845573437794 0.594697144159441 17.8765355828575 -1.87978522269045 4.75644002943599 -13.1164008998854 -21.5882046992836 17.6326684363338 17.3993106021543 19.3847518097305 7.65148613958223 0 0.317181885650932 -0.23258512202305 -0.388893530442796 0 -0.672353881924578 1.50988520317706 -1.70862130471907 0.581065051635292 0 -0.044609132243604 
2.85401682280935 -9.6165230449366 7.29248250422184 14.2524333333841 3.39300922252844 0.422914800873452 3.82697485749469 -0.0771754043536146 22.3340620832211 0.112371983175339 12.1445830739777 0.595608745978963 0.493731254899749 0.475854398424669 1.48790800912208 0.389900489700912 0.867401597927046 1.78570482816813 1.31061227878119 1.24312016103096 1.02763989435399 0 0 -0.1098511438397 3.3398776808008 -23.5621707292097 17.6326684363338 17.3993106021543 0 -19.3184636123099 14.8171766717998 1.97945172897515 0 -0.254479559261575 -0.309161031879094 -0.886556222809737 1.46405320403355 -1.70862130471907 0.855582403072893 -1.17049035844882 0.48456446357284 
1.57142565333233 -8.20008195107807 1.73438365926705 -2.17944260206047 3.39300922252844 0 2.82187173304701 12.7032875608202 18.1124276659044 -1.96301868812322 14.3290552097974 1.09673194805939 0.611240587072093 -0.0703306671512922 1.48790800912208 0.495501579947538 0.79409043040317 0 1.32666692572025 0.398703834413878 0.594697144159441 2.74256187432565 -2.63655989679348 0.58477505190986 -13.1164008998854 -21.5882046992836 18.96162224494 17.3993106021543 19.3847518097305 5.55246178456697 0.22068421948733 -0.874160631966852 -1.22670822586711 -0.355160973647219 0 -0.672353881924578 2.57854126267533 -1.70862130471907 0.581065051635292 0.376858007869151 -0.044609132243604 
2.37373655024975 -8.5880554152597 3.06568608491946 16.9659098322345 0.560331688663145 15.5122106060443 2.82187173304701 -0.0771754043536146 18.1124276659044 0 1.77938435379387 0.952860246437071 0.393974937840353 0.57008058175914 0.860422585560206 0.366502849043581 0.79409043040317 1.78570482816813 1.32666692572025 1.21117743209525 -0.58537630092603 8.84275944765786 -0.761790586338281 6.3126108834113 -13.1164008998854 -21.5882046992836 17.6326684363338 17.3993106021543 0 3.89367877249312 12.1851239914937 -0.356071219451759 0.138249316587229 -0.676888563985419 0 -0.672353881924578 -0.00347218213764555 -1.70862130471907 0.855582403072893 -0.0839662442654214 0.892010547636082 
2.57036047570913 -9.6165230449366 2.13387962721003 -10.3638491455297 3.39300922252844 0 2.82187173304701 -0.0771754043536146 2.06952411451821 0 1.89087667804718 0.595608745978963 0 0 1.48790800912208 0.495501579947538 0.79409043040317 1.78570482816813 0.0348374208783905 1.55277195365763 0.0866061290989659 -17.9936584914074 0.976683238487077 1.39058398219784 0 15.718997639799 19.5119972246056 13.0460968488111 19.3847518097305 18.4724600017641 12.1851239914937 -1.77381643269854 0.383926654292236 0.173234727332943 2.26721421987154 0.368912837034516 1.89857760578793 -1.54860505999467 0.581065051635292 1.74054222448754 0.892010547636082 
2.63497787523256 -4.5343740807075 5.75512571609818 3.23005655930846 0 17.7051188946725 2.82187173304701 -0.0771754043536146 22.3340620832211 0 14.3290552097974 -0.381935718973137 0.75899016615422 1.20186968389986 0.860422585560206 0.366502849043581 0.79409043040317 1.78570482816813 1.31061227878119 2.01674147189909 0.594697144159441 3.28506491132316 -1.87978522269045 -2.04416472785834 -13.1164008998854 -18.7414049910109 1.24519768417589 21.2051998741483 19.3847518097305 2.80304112206355 12.1851239914937 2.0566226785754 -0.23258512202305 -0.716334602244354 0 0.0703606859223734 -2.41878447859026 -1.70862130471907 0.581065051635292 0.176467678168075 0.892010547636082 
2.85189431548331 -7.96469454465653 3.94357362014408 -2.17944260206047 3.51764245741891 0.422914800873452 3.84524594240135 -0.0771754043536146 18.1124276659044 -0.0698750087152584 1.89087667804718 -0.215791586579658 0 -0.0703306671512922 1.48126034934132 0.389900489700912 0 1.78570482816813 1.32666692572025 -0.263169920194508 0.0866061290989659 4.51637977013196 -1.87978522269045 0.58477505190986 -13.1164008998854 -19.2798999723885 17.6326684363338 19.4777762421769 19.3847518097305 5.55246178456697 12.1851239914937 -0.874160631966852 -0.23258512202305 -1.28212209064147 0 -0.100454165707554 1.50988520317706 -1.46783191220268 0.581065051635292 0.376858007869151 0.892010547636082 
1.57142565333233 -9.6165230449366 -12.6065675134801 -10.3638491455297 3.39300922252844 12.7497409259201 2.82187173304701 19.0058825253536 22.3340620832211 -2.80035309344547 15.2766814170762 0.595608745978963 0 0 1.48790800912208 0 0.79409043040317 0 1.31061227878119 0 0.591217487878733 4.51637977013196 13.8948257145913 0.58477505190986 0 15.718997639799 17.6326684363338 13.0460968488111 0 18.4724600017641 0 -0.874160631966852 0 -0.960433059218541 2.26721421987154 0.368912837034516 1.50988520317706 -1.54860505999467 0.855582403072893 1.74054222448754 -0.044609132243604 
1.57142565333233 -8.5880554152597 2.8344479789885 14.2524333333841 3.39300922252844 0.422914800873452 -4.17879500686135 -0.0771754043536146 18.1124276659044 -2.80035309344547 14.3290552097974 0.952860246437071 1.6489678213368 0.557846121330674 1.48790800912208 0.389900489700912 0 1.78570482816813 1.32666692572025 0 0.594697144159441 0.262759531714376 -1.87978522269045 6.3126108834113 -13.1164008998854 11.9341761752657 20.4858299084407 0 10.0467394912833 7.65148613958223 0 1.97945172897515 -0.23258512202305 -0.676888563985419 0 0.127850810535182 2.16036358673142 -0.699646122753455 -0.00272511171769591 0.627150817041821 -0.044609132243604 
2.85290128070377 -7.96469454465653 3.94357362014408 8.0018293219627 3.39300922252844 17.7051188946725 5.24386391134181 -0.0771754043536146 18.1124276659044 -0.0698750087152584 14.3290552097974 -1.12923244310507 0 0.564712925318029 1.48790800912208 0.366502849043581 0.79409043040317 1.78570482816813 1.32666692572025 -0.263169920194508 0.594697144159441 3.30415186155781 -0.0453521320807531 0 0 -21.5882046992836 2.04711511409707 11.736142372124 8.60062024663231 -0.430134157384808 0 -0.874160631966852 -0.131619887278238 -0.667678957184627 2.26721421987154 -0.404981171402606 -1.60309314721408 -2.01234856421703 0.0949900055886199 0.102783863201171 -0.044609132243604 
2.8523801306885 -12.1666011978717 5.15372766144747 8.0018293219627 3.39300922252844 0.422914800873452 2.82187173304701 -0.0771754043536146 22.3340620832211 -0.0698750087152584 1.77938435379387 0.706191634119578 0.458565329782928 0.564712925318029 1.48790800912208 0.389900489700912 0.79409043040317 1.78570482816813 1.31061227878119 -0.263169920194508 -0.58537630092603 2.74256187432565 -1.87978522269045 1.38156475896554 -1.74817996683911 -18.7414049910109 17.6326684363338 17.3724829841976 10.0467394912833 2.80304112206355 0 -0.874160631966852 -0.23258512202305 -0.960433059218541 -0.0808739939894872 0.0703606859223734 1.46405320403355 -1.70862130471907 -0.00272511171769591 0.481224283432226 -0.044609132243604 
2.85216340300209 -12.1666011978717 10.7108050502887 0 3.39300922252844 0.422914800873452 3.87830645131334 -0.0771754043536146 22.3340620832211 1.83768806752641 14.3290552097974 0.706191634119578 0.493731254899749 -0.550279709692243 1.48790800912208 0.389900489700912 0.867401597927046 1.78570482816813 1.31061227878119 0.695830386884432 0.594697144159441 2.74256187432565 -1.87978522269045 5.0755332191128 0 -18.7414049910109 0.235501334786184 17.3993106021543 0 7.65148613958223 12.1851239914937 -0.874160631966852 -0.23258512202305 -1.07924685198313 2.06864346923709 0.0703606859223734 -1.48536870647472 -1.70862130471907 0.855582403072893 -0.0839662442654214 0.892010547636082 
2.24196939515887 -8.5880554152597 3.94357362014408 14.2524333333841 3.39300922252844 15.5122106060443 -4.17879500686135 -0.0771754043536146 9.48171761707948 0 14.3290552097974 0.952860246437071 0 0.557846121330674 1.48790800912208 0.366502849043581 -0.124191282491289 1.78570482816813 1.32205672695397 1.456729500078 0.594697144159441 3.30415186155781 -1.87978522269045 6.3126108834113 -13.1164008998854 -18.7414049910109 23.5670976150162 17.3993106021543 10.0467394912833 7.65148613958223 17.4242149374561 -0.874160631966852 -0.23258512202305 -0.676888563985419 0 0.168417195248612 1.97387218640366 -1.70862130471907 0.443096199246634 0.627150817041821 0 
2.85296702945728 -7.88964496626968 1.73438365926705 6.40022221775736 3.39300922252844 17.7051188946725 3.410206303564 -0.0771754043536146 18.1124276659044 -2.80035309344547 14.3290552097974 0.595608745978963 0.611240587072093 0.963090784811923 1.48790800912208 0.366502849043581 0.271811686834233 1.78570482816813 1.32666692572025 0 0.594697144159441 3.30415186155781 1.69765792542494 0.58477505190986 -13.1164008998854 -18.7414049910109 0.235501334786184 19.4777762421769 16.2473004009562 -0.430134157384808 12.1851239914937 -0.874160631966852 -0.23258512202305 -0.355160973647219 0 0.168417195248612 -1.48536870647472 -1.46783191220268 0.461214881078906 0.102783863201171 0.892010547636082 
2.85283533369343 -9.6165230449366 -13.3281067257412 14.2524333333841 3.39300922252844 0 2.82187173304701 -0.0771754043536146 18.1124276659044 -2.64093658334619 -5.62973323617118 0.778663264717284 -0.0115807310731992 0.557846121330674 1.48790800912208 0.495501579947538 0.79409043040317 1.78570482816813 1.32666692572025 0 -0.555537694387854 4.51637977013196 -2.63655989679348 1.39058398219784 0 -18.7414049910109 3.13085404973517 0 19.3847518097305 3.89367877249312 5.20655095102571 -0.874160631966852 -1.22670822586711 0.173234727332943 1.52201228954923 0.0703606859223734 -1.81739824908664 -0.699646122753455 0.581065051635292 -0.0839662442654214 0.421053572102009 
2.85206656194692 -7.88964496626968 -9.94904817601156 14.2524333333841 3.39300922252844 17.7051188946725 7.29032523263727 -0.0771754043536146 18.1124276659044 -2.80035309344547 14.3290552097974 0.595608745978963 0.486838138595614 0.557846121330674 1.48790800912208 0.366502849043581 -1.13388523669629 1.78570482816813 1.32666692572025 0 0.594697144159441 3.30415186155781 -2.0694721698386 0 -13.1164008998854 -18.7414049910109 17.6326684363338 17.3993106021543 16.2473004009562 -0.430134157384808 0 -0.874160631966852 -0.33578264362448 -0.667678957184627 0 0.0703606859223734 1.50988520317706 -1.70862130471907 0.461214881078906 0.102783863201171 -0.044609132243604 
2.85206656194692 -19.6061065236368 7.29248250422184 8.0834817620383 3.39300922252844 17.6844792424862 2.82187173304701 -0.0771754043536146 18.1124276659044 -3.3400324052619 14.3290552097974 -0.699111080644238 0.493731254899749 0.516109605541504 1.48790800912208 -0.160235606604365 0.79409043040317 1.78570482816813 1.32666692572025 -0.0688787104323873 0.594697144159441 4.51637977013196 -1.87978522269045 5.43270056668329 0 7.20691330647418 17.6326684363338 17.3993106021543 8.60062024663231 -19.3259265355188 17.4242149374561 -0.874160631966852 -0.23258512202305 -0.230153424074013 0 -0.221321241404545 1.46405320403355 -1.70862130471907 0.0949900055886199 -1.04289093879186 0 
1.57142565333233 -12.1666011978717 3.94357362014408 0 3.39300922252844 14.7329414774351 3.84524594240135 2.28958404161482 18.1124276659044 -2.80035309344547 14.3290552097974 0.706191634119578 0 -0.550279709692243 1.48790800912208 0.076315846138781 0 1.78570482816813 1.32666692572025 0 0.962441256419961 3.30415186155781 -1.87978522269045 -2.04416472785834 -13.1164008998854 -18.7414049910109 17.6326684363338 21.2051998741483 19.3847518097305 2.80304112206355 10.6914820638911 -0.874160631966852 -0.23258512202305 -0.716334602244354 0 0.0703606859223734 1.50988520317706 -1.70862130471907 0.581065051635292 0.176467678168075 0.393495418947887 
2.85226753047078 -9.6165230449366 3.94357362014408 14.2524333333841 3.39300922252844 0.422914800873452 2.82187173304701 -0.0771754043536146 22.3340620832211 0.112371983175339 -2.78108200627895 0.778663264717284 0 0.557846121330674 1.48790800912208 1.26292353507733 0.79409043040317 1.78570482816813 1.31061227878119 1.24312016103096 -0.555537694387854 4.51637977013196 -1.87978522269045 0 -13.1164008998854 -23.7276062339207 3.13085404973517 19.4777762421769 19.3847518097305 3.89367877249312 0 -0.874160631966852 -0.23258512202305 -0.667678957184627 0 -0.564429142137258 -1.81739824908664 -1.46783191220268 0.581065051635292 -0.0839662442654214 -0.044609132243604 
2.85206656194692 -9.6165230449366 5.75512571609818 0 3.39300922252844 17.7051188946725 3.84524594240135 -0.0771754043536146 18.1124276659044 -2.80035309344547 14.3290552097974 0.595608745978963 0.806164592437523 -0.550279709692243 1.48790800912208 0.366502849043581 0 1.78570482816813 1.32666692572025 0 0.594697144159441 -17.9936584914074 -15.0430522985026 7.93350558280177 -13.1164008998854 -18.7414049910109 20.4858299084407 20.1535155434643 10.0471587402034 7.65148613958223 0 -1.77381643269854 0.777818305035037 -0.387402305690293 0 0.0703606859223734 2.16036358673142 -2.383272355843 -0.595540274197953 -0.0839662442654214 -0.044609132243604 
2.8523801306885 -12.1666011978717 7.29248250422184 3.53618742734482 3.51764245741891 -0.309863696973707 7.29032523263727 -0.0771754043536146 22.3340620832211 1.83768806752641 14.3290552097974 0.706191634119578 0.493731254899749 0.0944221428010717 1.48126034934132 0.679107252261186 -1.13388523669629 1.78570482816813 1.31061227878119 0.695830386884432 0.594697144159441 4.51637977013196 0 5.0755332191128 3.3398776808008 -18.7414049910109 17.6326684363338 17.3993106021543 8.60062024663231 -19.3184636123099 12.1851239914937 -0.874160631966852 0 -1.25197365129458 -0.309161031879094 0.0703606859223734 1.46405320403355 -1.70862130471907 0.0949900055886199 -1.17049035844882 0.892010547636082 
0 -8.20008195107807 10.7108050502887 6.69565338811169 -2.64423923149902 0 -4.17879500686135 -0.0771754043536146 19.9770825323309 -4.00204821354805 1.77938435379387 1.09673194805939 0.493731254899749 0.113440549901426 0.867914221169387 0.495501579947538 -0.124191282491289 1.78570482816813 1.21922591098548 0.398703834413878 -0.58537630092603 8.84275944765786 -2.63655989679348 6.3126108834113 -13.1164008998854 -21.5882046992836 23.5670976150162 17.3993106021543 10.0467394912833 7.93019393974924 17.4242149374561 -0.356071219451759 -1.22670822586711 -0.676888563985419 0 -0.672353881924578 1.97387218640366 -1.70862130471907 0.443096199246634 0.652254304956763 0 
1.57142565333233 -12.6206791200771 5.75512571609818 0 1.52916748615874 17.7051188946725 2.82187173304701 12.7032875608202 19.9770825323309 -2.80035309344547 11.0606298292105 0.34073995715973 0.75899016615422 0.434173867089755 1.23595773071794 0.366502849043581 0.79409043040317 0 1.21922591098548 0 0.921548834732524 17.8765355828575 -1.87978522269045 -8.34236005900537 -14.4431679363331 -18.7414049910109 18.96162224494 17.3993106021543 19.3847518097305 10.4032606837355 10.6914820638911 0.317181885650932 -0.23258512202305 0.17338788245031 -0.259408905370817 0.0703606859223734 2.57854126267533 -1.70862130471907 0.581065051635292 0.045583046379305 0.393495418947887 
2.85261724359723 -9.6165230449366 7.29248250422184 14.2524333333841 3.39300922252844 0.422914800873452 2.82187173304701 -0.0771754043536146 18.1124276659044 -0.0698750087152584 12.1445830739777 0.778663264717284 0.493731254899749 0.557846121330674 1.48790800912208 1.26292353507733 0.79409043040317 1.78570482816813 1.32666692572025 -0.263169920194508 1.02763989435399 3.00281728899703 -1.87978522269045 0 -13.1164008998854 7.20691330647418 0 17.3993106021543 0 3.89367877249312 12.1851239914937 -0.556049525763863 -0.23258512202305 -0.667678957184627 0 -0.221321241404545 -1.81739824908664 -1.70862130471907 0.855582403072893 -0.0839662442654214 0.892010547636082 
2.85216340300209 -9.6165230449366 7.30142838116802 0 3.39300922252844 0 2.82187173304701 -0.0771754043536146 22.3340620832211 -0.0698750087152584 1.77938435379387 0.595608745978963 0.0356107136772995 -0.550279709692243 1.48790800912208 0.495501579947538 0.79409043040317 1.78570482816813 1.31061227878119 -0.263169920194508 -0.58537630092603 17.8765355828575 0 4.75644002943599 -13.1164008998854 -23.5621707292097 3.13085404973517 17.3993106021543 19.3847518097305 -19.3184636123099 15.4001649952262 0.317181885650932 0 -0.388893530442796 0 -0.886556222809737 -1.81739824908664 -1.70862130471907 0.581065051635292 -1.17049035844882 0.77956829406301 
2.85196189212818 -9.6165230449366 -12.6065675134801 0 3.39300922252844 0.422914800873452 3.87830645131334 -0.0771754043536146 22.3340620832211 0.112371983175339 14.3290552097974 0.595608745978963 0 -0.550279709692243 1.48790800912208 0.389900489700912 0.867401597927046 1.78570482816813 1.31061227878119 1.24312016103096 0.594697144159441 2.74256187432565 0 1.39058398219784 0 -18.7414049910109 0.235501334786184 17.3993106021543 16.2473004009562 2.80304112206355 15.4001649952262 -0.874160631966852 0 0.173234727332943 2.06864346923709 0.0703606859223734 -1.48536870647472 -1.70862130471907 0.461214881078906 0.176467678168075 0.77956829406301 
2.85283533369343 -12.1666011978717 -13.3281067257412 0 3.39300922252844 0.422914800873452 3.82697485749469 -0.0771754043536146 18.1124276659044 -0.0698750087152584 1.77938435379387 0.706191634119578 -0.0115807310731992 -0.550279709692243 1.48790800912208 0.389900489700912 0.867401597927046 1.78570482816813 1.32666692572025 -0.263169920194508 -0.58537630092603 4.51637977013196 -2.63655989679348 1.38156475896554 0 -18.7414049910109 3.13085404973517 17.3993106021543 8.60062024663231 7.65148613958223 15.4001649952262 -0.874160631966852 -1.22670822586711 -0.960433059218541 1.52201228954923 0.0703606859223734 -1.81739824908664 -1.70862130471907 0.0949900055886199 -0.0839662442654214 0.77956829406301 
2.85366681912642 -9.6165230449366 10.7108050502887 3.23005655930846 0 18.5528534135096 7.29032523263727 -0.0771754043536146 18.1124276659044 0 1.89087667804718 0.595608745978963 0.493731254899749 1.20186968389986 0.860422585560206 -0.191552240341693 -1.13388523669629 1.78570482816813 1.32666692572025 0 0.0866061290989659 0 -1.87978522269045 5.0755332191128 9.08221915638178 -18.7414049910109 16.6679209721358 19.4777762421769 10.0467394912833 -0.430134157384808 12.1851239914937 1.54672771768026 -0.23258512202305 -1.07924685198313 -0.0593000749029685 0.168417195248612 1.89857760578793 -1.46783191220268 -0.00272511171769591 0.1631679539956 0.892010547636082 
2.85206656194692 -7.96469454465653 3.13629086042582 -2.17944260206047 3.39300922252844 17.7051188946725 -0.196729770231399 -0.0771754043536146 18.1124276659044 -2.80035309344547 14.3290552097974 -0.632761416571569 0 -0.0703306671512922 1.48790800912208 0.366502849043581 0.758117416798192 1.78570482816813 1.32666692572025 0 0.594697144159441 0.912785321270481 -2.0694721698386 0.58477505190986 -13.1164008998854 -18.7414049910109 0.235501334786184 17.3993106021543 10.0467394912833 2.80304112206355 15.4001649952262 1.97945172897515 -0.23258512202305 -0.355160973647219 0 0.0703606859223734 -1.48536870647472 -1.70862130471907 -0.00272511171769591 0.176467678168075 0.77956829406301 
2.85296702945728 -7.88964496626968 3.13629086042582 6.40022221775736 3.39300922252844 17.7051188946725 -0.196729770231399 -0.0771754043536146 18.1124276659044 -0.0698750087152584 14.2602092911304 0.595608745978963 0 0.963090784811923 1.48790800912208 0.366502849043581 0.758117416798192 1.78570482816813 1.32666692572025 -0.263169920194508 0.594697144159441 0.912785321270481 -2.0694721698386 0.58477505190986 -13.1164008998854 -18.7414049910109 1.06418901715157 17.3993106021543 10.0467394912833 2.80304112206355 12.1851239914937 1.97945172897515 -0.23258512202305 -0.960433059218541 0 0.168417195248612 -1.60309314721408 -1.70862130471907 -0.00272511171769591 0.176467678168075 0.892010547636082 
0 -7.96469454465653 3.94357362014408 16.9659098322345 0 18.3043850970475 3.84524594240135 -0.0771754043536146 9.48171761707948 -2.80035309344547 0.00548789510758961 -1.12923244310507 0 0.57008058175914 0.828666320130539 0.366502849043581 0 1.78570482816813 1.27771223947765 0 0.252594015711264 10.0643274118958 -0.0453521320807531 6.3126108834113 -13.1164008998854 7.20691330647418 2.04711511409707 19.4777762421769 10.4699979327479 7.65148613958223 17.4242149374561 0.230906117218968 -0.131619887278238 -0.676888563985419 0 -0.221321241404545 -1.60309314721408 -1.46783191220268 -0.00272511171769591 0.627150817041821 0 
2.35943596992525 -8.20008195107807 5.75512571609818 -2.69103255355313 3.39300922252844 3.11781161430656 3.410206303564 -0.0771754043536146 19.9770825323309 -2.06931370341653 14.3290552097974 1.09673194805939 0.0496205396669084 0.349078696691002 1.48790800912208 0.495501579947538 0.271811686834233 1.78570482816813 1.21922591098548 -1.70639345396142 0.594697144159441 25.2945487222609 19.5161355920677 -8.34236005900537 -13.5377434386349 10.4952098105546 18.96162224494 19.4777762421769 19.3847518097305 2.80304112206355 0.22068421948733 1.03065258613352 0.72311685530614 0.17338788245031 -0.851916167206092 0 2.57854126267533 -1.46783191220268 0.581065051635292 0.176467678168075 -0.044609132243604 
1.57142565333233 -8.20008195107807 5.75512571609818 0 1.52916748615874 3.11781161430656 2.82187173304701 12.7032875608202 19.9770825323309 0.240384616907864 15.2766814170762 1.09673194805939 0.0496205396669084 0.434173867089755 1.78606232874378 0.495501579947538 0.79409043040317 0 1.21922591098548 -0.195116214102654 0.591217487878733 17.8765355828575 -15.0430522985026 -8.34236005900537 -13.1164008998854 14.9860957893478 20.4858299084407 17.3993106021543 19.3847518097305 10.4032606837355 0.22068421948733 0.317181885650932 0.777818305035037 0.17338788245031 0 0 2.16036358673142 -1.70862130471907 0.581065051635292 0.045583046379305 -0.044609132243604 
0.748595936178965 -7.96469454465653 3.94357362014408 14.2524333333841 3.39300922252844 0.422914800873452 2.82187173304701 -0.0771754043536146 18.1124276659044 -2.80035309344547 14.3290552097974 -0.809334380849886 0 0.557846121330674 1.48790800912208 0.389900489700912 0.79409043040317 1.78570482816813 1.32666692572025 0 0.962441256419961 2.74256187432565 -2.50014811721637 -2.04416472785834 -13.1164008998854 -18.7414049910109 1.24519768417589 17.3993106021543 10.0467394912833 2.80304112206355 0 -0.874160631966852 -0.23258512202305 -0.716334602244354 0 0.0703606859223734 -2.41878447859026 -1.70862130471907 -0.00272511171769591 0.176467678168075 -0.044609132243604 
2.85196189212818 -9.6165230449366 5.75512571609818 14.2524333333841 3.39300922252844 0.422914800873452 2.82187173304701 -0.0771754043536146 22.3340620832211 0.112371983175339 14.3290552097974 0.595608745978963 0.75899016615422 0.0330732370135717 1.48790800912208 0.389900489700912 0.79409043040317 1.78570482816813 1.31061227878119 1.24312016103096 0.594697144159441 0.262759531714376 -1.87978522269045 0.58477505190986 0 7.20691330647418 17.6326684363338 17.3993106021543 16.2473004009562 7.65148613958223 9.71817587954838 1.97945172897515 -0.23258512202305 -0.355160973647219 1.52201228954923 -0.221321241404545 1.46405320403355 -1.70862130471907 0.461214881078906 -0.0839662442654214 1.35861408496677 
1.57142565333233 -7.96469454465653 3.13629086042582 -2.17944260206047 6.57432205717746 0.422914800873452 -0.196729770231399 -0.0771754043536146 22.3340620832211 -2.80035309344547 14.2602092911304 -0.809334380849886 0 -0.0703306671512922 1.48790800912208 0.389900489700912 0.758117416798192 1.78570482816813 1.31061227878119 0 0.594697144159441 4.51637977013196 -1.87978522269045 0.58477505190986 -11.1110296897176 -21.5882046992836 17.204638068124 17.3993106021543 0 7.65148613958223 1.75905532844321 -0.874160631966852 -0.23258512202305 -0.960433059218541 -0.199915250502487 -1.3695590271985 1.50988520317706 -1.70862130471907 0.855582403072893 -0.0839662442654214 -0.044609132243604 
0 -9.6165230449366 7.30142838116802 0 0 0 2.82187173304701 -0.0771754043536146 1.18992964191825 -0.307268424195828 14.3290552097974 0.595608745978963 0.0356107136772995 -0.350463444455743 0.860422585560206 0.495501579947538 0.79409043040317 1.78570482816813 0.510160379144438 -0.560845573437794 0.594697144159441 4.51637977013196 -2.63655989679348 1.39058398219784 -13.1164008998854 8.74422812601283 3.13085404973517 17.3993106021543 19.3847518097305 7.65148613958223 0 -0.874160631966852 -1.22670822586711 0.173234727332943 0 -0.594654094937562 -1.81739824908664 -1.70862130471907 0.581065051635292 0 -0.044609132243604 
2.36023650536628 -9.6165230449366 3.06568608491946 -2.17944260206047 0.560331688663145 0.422914800873452 2.82187173304701 -0.0771754043536146 18.1124276659044 -1.96301868812322 1.89087667804718 0.75073004968964 0.393974937840353 -0.0703306671512922 0.860422585560206 0.389900489700912 0.79409043040317 1.78570482816813 1.32666692572025 0.398703834413878 0.0866061290989659 2.28181713217954 -1.87978522269045 0.58477505190986 0 -21.5882046992836 17.6326684363338 17.3993106021543 19.3847518097305 3.89367877249312 12.1851239914937 -0.874160631966852 -0.23258512202305 -0.355160973647219 2.26721421987154 -1.3695590271985 -0.00347218213764555 -1.70862130471907 0.581065051635292 -0.0839662442654214 0.892010547636082 
2.85314768722572 -9.6165230449366 10.7108050502887 -2.17944260206047 3.39300922252844 17.7051188946725 2.82187173304701 -0.0771754043536146 22.3340620832211 1.83768806752641 14.3290552097974 0.595608745978963 0.493731254899749 -0.0703306671512922 1.48790800912208 0.366502849043581 0.79409043040317 1.78570482816813 1.31061227878119 0.695830386884432 0.594697144159441 4.51637977013196 -1.87978522269045 5.0755332191128 0 -18.7414049910109 3.13085404973517 17.3993106021543 16.2473004009562 7.65148613958223 9.71817587954838 -0.874160631966852 -0.23258512202305 -1.25197365129458 1.52201228954923 0.0703606859223734 -1.81739824908664 -1.70862130471907 0.461214881078906 -0.0839662442654214 1.35861408496677 
2.85282505739307 -10.0868849364281 -12.6065675134801 3.23005655930846 0 17.7051188946725 1.88353217385408 -0.0771754043536146 18.1124276659044 0 14.3290552097974 0.34073995715973 0 1.20186968389986 0.860422585560206 0.366502849043581 0.278607121635511 1.78570482816813 1.32666692572025 1.55277195365763 0.962441256419961 -17.9936584914074 0.976683238487077 5.43270056668329 -17.7115514211876 -18.7414049910109 19.5119972246056 17.3993106021543 10.0467394912833 3.89367877249312 0 -1.77381643269854 0.383926654292236 -0.230153424074013 -1.52048759140097 0.0703606859223734 1.89857760578793 -1.70862130471907 -0.00272511171769591 -0.0839662442654214 -0.044609132243604 
1.57142565333233 -12.6206791200771 2.13387962721003 3.23005655930846 0 12.7497409259201 2.82187173304701 19.0058825253536 18.1124276659044 0 14.3290552097974 0.34073995715973 0 1.20186968389986 0.910377350044612 0 0.79409043040317 0 1.32666692572025 1.55277195365763 0.962441256419961 3.28506491132316 -1.87978522269045 5.43270056668329 0 -18.7414049910109 1.24519768417589 21.2051998741483 19.3847518097305 18.4724600017641 -4.22133633644382 2.0566226785754 -0.23258512202305 -0.230153424074013 2.26721421987154 0.0703606859223734 -2.41878447859026 -1.70862130471907 0.581065051635292 1.74054222448754 -0.044609132243604 
2.85244677936796 -9.6165230449366 3.94357362014408 14.2524333333841 3.39300922252844 0.422914800873452 7.29032523263727 -0.0771754043536146 18.1124276659044 0 12.1445830739777 0.595608745978963 0 0.557846121330674 1.48790800912208 1.26292353507733 -1.13388523669629 1.78570482816813 1.32666692572025 1.456729500078 1.02763989435399 0 -1.87978522269045 5.43270056668329 7.43751919543721 -16.4030669781394 2.04711511409707 21.2051998741483 19.3847518097305 2.89170165955634 12.1851239914937 1.73176888700191 -0.23258512202305 -0.230153424074013 -0.493103477458052 -0.0874332195042786 -1.60309314721408 -1.70862130471907 0.581065051635292 0.481224283432226 0.892010547636082 
2.85189431548331 -9.6165230449366 3.94357362014408 8.0018293219627 3.39300922252844 17.7051188946725 3.84524594240135 -0.0771754043536146 18.1124276659044 -0.125524705287779 14.3290552097974 0.595608745978963 0 0.564712925318029 1.48790800912208 0.366502849043581 0 1.78570482816813 1.32666692572025 0.287503853918753 0.594697144159441 1.5975760122517 -0.0453521320807531 0 -13.1164008998854 7.20691330647418 0 21.2051998741483 19.3847518097305 2.80304112206355 9.71817587954838 1.97945172897515 -0.131619887278238 -0.667678957184627 0 -0.221321241404545 -1.81739824908664 -1.70862130471907 0.581065051635292 0.481224283432226 0.892010547636082 
2.85269303993233 -2.46813107420138 5.75512571609818 3.23005655930846 0 17.7051188946725 -0.264169320517297 -0.0771754043536146 22.3340620832211 0 14.3290552097974 -0.769844808387497 0.75899016615422 1.20186968389986 0.860422585560206 0.366502849043581 0.79409043040317 1.78570482816813 1.31061227878119 2.01674147189909 0.594697144159441 0 13.8948257145913 5.43270056668329 -13.1164008998854 -21.5882046992836 17.6326684363338 19.4777762421769 19.3847518097305 2.80304112206355 9.71817587954838 1.73176888700191 0 -0.230153424074013 0 -0.672353881924578 1.50988520317706 -1.46783191220268 0.581065051635292 0.899531756206197 0.892010547636082 
2.8517153593779 -10.7282202759889 -14.9357068406119 3.23005655930846 0 17.6844792424862 2.82187173304701 -0.0771754043536146 18.1124276659044 -0.0698750087152584 12.1445830739777 0.595608745978963 0.226143059407427 1.20186968389986 1.16322991966886 -0.160235606604365 0.79409043040317 1.78570482816813 1.32666692572025 -0.263169920194508 1.02763989435399 2.74256187432565 -1.87978522269045 5.43270056668329 0 7.20691330647418 1.24519768417589 17.3993106021543 0 2.80304112206355 12.1851239914937 -0.874160631966852 -0.23258512202305 -0.230153424074013 2.06864346923709 -0.221321241404545 -2.41878447859026 -1.70862130471907 0.855582403072893 0.176467678168075 0.892010547636082 
1.57142565333233 -7.88964496626968 -12.6065675134801 3.23005655930846 0 0.422914800873452 7.29032523263727 -0.0771754043536146 22.3340620832211 0 14.3290552097974 0.595608745978963 0 1.20186968389986 0.860422585560206 1.26292353507733 -1.13388523669629 1.78570482816813 1.31061227878119 1.55277195365763 0.594697144159441 0 -1.87978522269045 0 -13.1164008998854 -16.4030669781394 17.6326684363338 19.4777762421769 10.0467394912833 -0.430134157384808 12.1851239914937 1.54672771768026 -0.23258512202305 -0.667678957184627 0 -0.0874332195042786 1.50988520317706 -1.46783191220268 -0.00272511171769591 0.1631679539956 0.892010547636082 
2.5694115145838 -9.6165230449366 4.00775783907518 6.40022221775736 3.39300922252844 18.5528534135096 3.82697485749469 -0.0771754043536146 19.9770825323309 -0.0698750087152584 14.3290552097974 0.595608745978963 -0.281547978716692 0.963090784811923 1.48790800912208 -0.191552240341693 0.867401597927046 1.78570482816813 1.21922591098548 -0.263169920194508 0.594697144159441 3.30415186155781 -17.6228249814468 4.04985858486027 -13.1164008998854 14.9860957893478 17.6326684363338 20.7742899487839 16.2473004009562 -0.430134157384808 12.1851239914937 -0.874160631966852 0.0310912653948605 -1.07924685198313 0 0 1.46405320403355 -3.00226242427354 0.461214881078906 0.102783863201171 0.892010547636082 
0 -9.6165230449366 5.75512571609818 3.23005655930846 0 17.7051188946725 -4.17879500686135 -3.13869223182029 18.1124276659044 -0.125524705287779 12.1445830739777 0.595608745978963 0.75899016615422 1.20186968389986 1.16322991966886 0.366502849043581 0 1.58737799724908 1.32666692572025 0.287503853918753 1.02763989435399 0 -1.87978522269045 5.43270056668329 -13.1164008998854 14.9860957893478 0 21.2051998741483 19.3847518097305 2.80304112206355 9.71817587954838 1.73176888700191 -0.23258512202305 -0.230153424074013 0 0 -1.81739824908664 -1.88721293194555 0.581065051635292 0.481224283432226 0.892010547636082 
2.8517153593779 -10.0868849364281 3.94357362014408 3.23005655930846 0 17.7051188946725 2.82187173304701 -0.0771754043536146 18.1124276659044 -2.80035309344547 14.3290552097974 0.34073995715973 0 1.20186968389986 0.910377350044612 0.366502849043581 0.79409043040317 1.78570482816813 1.32666692572025 0 0.962441256419961 0 -1.87978522269045 -2.04416472785834 -13.1164008998854 -18.7414049910109 17.6326684363338 21.2051998741483 19.3847518097305 2.80304112206355 10.6914820638911 1.54672771768026 -0.23258512202305 -0.716334602244354 0.581049450426851 0.0703606859223734 1.46405320403355 -1.70862130471907 0.581065051635292 0.176467678168075 0.393495418947887 
