100
10
3.45956902177176 -12.1666011978717 -9.94904817601156 -1.71432793141078 3.39300922252844 0.422914800873452 7.29032523263727 -0.0771754043536146 22.3340620832211 -2.80035309344547 -5.62973323617118 0.465848313908022 0.964322587072068 0.0821607542280855 1.48790800912208 1.26292353507733 -1.67016754278455 1.78570482816813 1.31061227878119 0 -0.555537694387854 4.51637977013196 -3.04678725388217 0 0 -16.4030669781394 20.1627476529743 11.736142372124 16.5177043778206 -19.3184636123099 12.1851239914937 -0.874160631966852 0.359429379161181 -0.667678957184627 1.52201228954923 -0.0874332195042786 1.72830990844793 -2.01234856421703 0.0196413580745654 -1.17049035844882 0.892010547636082 
3.45941009159105 -10.6720878624227 2.748681126837 14.2524333333841 3.39300922252844 17.7051188946725 3.82697485749469 -0.0771754043536146 22.3340620832211 0.112371983175339 14.3290552097974 0.40581917302954 0 0.557846121330674 1.48790800912208 0.366502849043581 0.867401597927046 1.78570482816813 1.31061227878119 1.26911378693726 0.594697144159441 5.95894033303901 1.48886464593879 5.0755332191128 9.08221915638178 7.20691330647418 0.235501334786184 17.3993106021543 0 8.70853921752821 12.1851239914937 -0.811705651074511 0.383926654292236 -1.07924685198313 -0.0593000749029685 -0.221321241404545 -1.58524416192679 -1.70862130471907 0.855582403072893 -0.447767321117114 0.892010547636082 
3.45932255188072 -6.48989549679211 2.748681126837 3.53618742734482 3.39300922252844 0.422914800873452 0.586107426991739 -0.0771754043536146 22.3340620832211 -2.34404940944819 14.3290552097974 0.849124694615195 0 0.0944221428010717 1.48790800912208 1.26292353507733 0.679548056148714 1.78570482816813 1.31061227878119 -0.804981097581322 0.594697144159441 4.51637977013196 2.78980048358897 5.0755332191128 -13.1164008998854 -16.4030669781394 19.9194423639772 19.4777762421769 0 5.55246178456697 12.1851239914937 -0.874160631966852 0 -1.25197365129458 0 -0.0874332195042786 1.50988520317706 -1.46783191220268 0.855582403072893 0.376858007869151 0.892010547636082 
2.85465390065902 -10.6720878624227 2.7517153854257 -2.17944260206047 3.39300922252844 0.422914800873452 3.84524594240135 -0.0771754043536146 22.3340620832211 -2.40971728363527 -2.78108200627895 0.40581917302954 0 -0.0703306671512922 1.48790800912208 1.26292353507733 -0.0346782612217023 1.78570482816813 1.31061227878119 -0.144375003578316 -0.555537694387854 4.51637977013196 -0.491755736731811 1.39058398219784 0 14.9860957893478 17.2311919893283 11.736142372124 1.67189872354357 8.70853921752821 12.1851239914937 -0.874160631966852 0.196250238426146 0.173234727332943 2.06864346923709 0 1.72830990844793 -2.01234856421703 0.855582403072893 -0.447767321117114 0.892010547636082 
2.57036047570913 -12.1666011978717 2.748681126837 14.2524333333841 3.39300922252844 0.422914800873452 3.87830645131334 -0.0771754043536146 22.1180331470296 -1.32644263737669 -2.78108200627895 0.706191634119578 0 0.557846121330674 1.48790800912208 1.26292353507733 0.678744244002153 1.78570482816813 1.31061227878119 1.35353336315767 -0.555537694387854 2.74256187432565 -2.50014811721637 5.0755332191128 9.08221915638178 -18.7414049910109 3.13085404973517 14.3139317407803 0 7.01382175367969 10.6914820638911 -0.874160631966852 -0.23258512202305 -1.25197365129458 -0.0593000749029685 0.0703606859223734 -1.81739824908664 -1.70862130471907 1.31819815025581 0.217990720215249 0.393495418947887 
2.85405630948257 -10.6720878624227 2.748681126837 14.2524333333841 3.39300922252844 17.7051188946725 7.29032523263727 -0.0771754043536146 24.7021864239137 1.04674995494855 14.3290552097974 0.40581917302954 0 0.557846121330674 1.48790800912208 0.366502849043581 -1.13388523669629 1.78570482816813 1.31061227878119 0.000880761240087624 0.594697144159441 4.51637977013196 -1.87978522269045 1.39058398219784 0 -18.7414049910109 19.5119972246056 17.3993106021543 16.2473004009562 2.46681678468213 12.1851239914937 -0.874160631966852 -0.23258512202305 0.173234727332943 2.06864346923709 0.0703606859223734 1.89857760578793 -1.70862130471907 0.136895382593803 0.623644842446616 0.892010547636082 
2.85465390065902 -12.1666011978717 2.748681126837 14.2524333333841 3.39300922252844 0.422914800873452 0.900061611621671 -0.0771754043536146 22.1180331470296 -0.618050699153938 12.8991375851674 0.465848313908022 0 0.557846121330674 1.48790800912208 1.26292353507733 0.867401597927046 1.78570482816813 1.31061227878119 0.869583031311437 0.481079847538415 4.51637977013196 -1.87978522269045 5.0755332191128 9.08221915638178 -18.7414049910109 0.235501334786184 17.3993106021543 17.0349677846697 4.25839669742081 10.6914820638911 -0.874160631966852 -0.23258512202305 -1.57603445684818 -0.0593000749029685 0.0703606859223734 -1.58524416192679 -1.70862130471907 0.581065051635292 -0.0839662442654214 0.393495418947887 
2.85360211041643 -9.6165230449366 10.7108050502887 3.53618742734482 3.51764245741891 0.422914800873452 2.82187173304701 -0.0771754043536146 22.3340620832211 0.112371983175339 -2.78108200627895 0.595608745978963 0.493731254899749 0.0944221428010717 1.48126034934132 1.26292353507733 0.330458759633107 1.78570482816813 1.31061227878119 1.24312016103096 -0.555537694387854 4.51637977013196 -3.04678725388217 5.0755332191128 -13.1164008998854 -19.8868149399929 4.68343536946151 19.4777762421769 19.3847518097305 7.65148613958223 12.1851239914937 -0.874160631966852 0.359429379161181 -1.25197365129458 0 -0.213647198962815 -1.81739824908664 -1.46783191220268 0.581065051635292 -0.0839662442654214 0.892010547636082 
2.85395263447097 -10.6720878624227 3.94357362014408 0 3.51764245741891 0.422914800873452 3.82697485749469 -0.0771754043536146 22.5535605690226 -2.62498560595558 14.3290552097974 0.40581917302954 0 -0.0463373335247568 1.48126034934132 1.26292353507733 0.867401597927046 1.78570482816813 1.31061227878119 -0.144375003578316 0.594697144159441 4.51637977013196 -0.0954513663637691 5.0755332191128 9.08221915638178 -21.8072595648967 3.13085404973517 17.3993106021543 0.109013718091423 10.0608323828833 0 -0.874160631966852 0.383926654292236 -1.07924685198313 -0.0593000749029685 -0.37548392534977 -1.81739824908664 -1.70862130471907 1.074596213789 -0.578462955177977 -0.222859324125042 
2.85380961187157 -9.6165230449366 2.748681126837 16.3220977098318 3.51764245741891 20.2661975590355 3.82697485749469 -0.0771754043536146 18.1124276659044 0.203491355876201 -2.78108200627895 0.778663264717284 0 0.912615414565715 1.48126034934132 -0.163160931013134 0.867401597927046 1.78570482816813 1.32666692572025 -0.709132397677345 -0.555537694387854 4.51637977013196 -2.63655989679348 5.0755332191128 -13.1164008998854 -19.8868149399929 17.2311919893283 14.3139317407803 3.22054751886546 5.11696371411298 0 -0.874160631966852 -1.22670822586711 -1.25197365129458 0 -0.213647198962815 1.72830990844793 -1.70862130471907 1.22684589240087 0.46311752264533 -0.044609132243604 
2.85293952457718 -12.1666011978717 -15.2835830421111 16.0665486564238 3.39300922252844 20.2661975590355 7.29032523263727 -0.0771754043536146 24.7021864239137 1.76123032924311 -2.78108200627895 0.706191634119578 -0.0115807310731992 0.557846121330674 1.48790800912208 -0.163160931013134 -1.13388523669629 1.78570482816813 1.31061227878119 -0.263169920194508 -0.555537694387854 4.51637977013196 -1.87978522269045 -1.01714823924338 -13.1164008998854 -18.7414049910109 3.13085404973517 19.4777762421769 17.5796595206622 2.74588203318226 0 -0.395347612414205 -0.23258512202305 0.173234727332943 0 0.0703606859223734 -1.81739824908664 -1.46783191220268 0.960959317270182 0.799374503194994 -0.044609132243604 
2.85374506623088 -12.1666011978717 3.94357362014408 -1.71432793141078 3.39300922252844 0.422914800873452 7.29032523263727 -0.0771754043536146 22.3340620832211 -0.128649645591459 -5.62973323617118 0.465848313908022 0 0.0821607542280855 1.48790800912208 1.26292353507733 -1.67016754278455 1.78570482816813 1.31061227878119 0 -0.908016398231506 4.51637977013196 2.78980048358897 1.38156475896554 0 -21.5882046992836 17.2311919893283 11.736142372124 16.5177043778206 -20.0331380060097 12.1851239914937 -0.874160631966852 0 -0.960433059218541 1.52201228954923 -0.672353881924578 1.72830990844793 -2.01234856421703 0.0196413580745654 -1.11720437367317 0.424260934164869 
2.85370589749573 -9.6165230449366 3.94357362014408 14.2524333333841 3.39300922252844 17.7051188946725 7.29032523263727 -0.0771754043536146 24.7021864239137 -0.0698750087152584 14.3290552097974 0.595608745978963 0 0.557846121330674 1.48790800912208 0.179444506284522 -1.13388523669629 1.78570482816813 1.31061227878119 -0.263169920194508 0.594697144159441 1.0774882979819 -1.87978522269045 1.39058398219784 -12.0957458302359 -20.1330187529712 19.5119972246056 17.3993106021543 16.2473004009562 2.46681678468213 12.1851239914937 1.8741623808882 -0.23258512202305 0.173234727332943 -0.548035830626281 -0.768744419225838 1.89857760578793 -1.70862130471907 0.136895382593803 0.623644842446616 0.892010547636082 
2.85370589749573 -9.6165230449366 -14.9463756514231 14.2524333333841 3.39300922252844 17.7051188946725 7.29032523263727 -0.0771754043536146 24.7021864239137 -2.53393853352588 14.3290552097974 0.595608745978963 -0.0115807310731992 0.557846121330674 1.48790800912208 0.241584252091862 -1.13388523669629 1.78570482816813 1.31061227878119 -0.263169920194508 0.594697144159441 1.0774882979819 -3.04678725388217 0.58477505190986 0 -19.3922510350087 20.1627476529743 17.3993106021543 17.0349677846697 2.46681678468213 14.3178270497675 1.8741623808882 0.359429379161181 -0.915476819214167 2.06864346923709 -0.768744419225838 1.72830990844793 -1.70862130471907 0.581065051635292 0.117352464621585 0.605950412613317 
2.85366681912642 -9.6165230449366 9.87974431772239 14.2524333333841 3.39300922252844 17.7051188946725 -4.17879500686135 -0.0771754043536146 18.1124276659044 1.35445898506067 12.1445830739777 0.456478483582138 0.493731254899749 0.557846121330674 1.48790800912208 0.366502849043581 -0.164135479682188 1.78570482816813 1.32666692572025 1.11731008668771 1.02763989435399 6.72751816326171 2.03205918466302 1.38156475896554 -13.1164008998854 -19.8868149399929 0.235501334786184 21.2051998741483 19.3847518097305 4.83182938077106 0 -1.49997296744956 -0.0874955385446062 -0.960433059218541 0 -0.213647198962815 -1.2714512768022 -1.70862130471907 0.581065051635292 0.542023788146685 -0.044609132243604 
2.56983498364486 -10.6720878624227 1.18429942609943 0 3.51764245741891 -1.75726219085383 3.82697485749469 -0.0771754043536146 22.3340620832211 -2.40971728363527 -2.78108200627895 0.40581917302954 0 -0.0463373335247568 1.48126034934132 1.26292353507733 0.867401597927046 1.78570482816813 1.31061227878119 -0.144375003578316 -0.555537694387854 4.51637977013196 -0.0954513663637691 5.0755332191128 9.08221915638178 7.20691330647418 3.13085404973517 17.3993106021543 0.109013718091423 8.70853921752821 12.1851239914937 -0.874160631966852 0.383926654292236 -1.07924685198313 -0.0593000749029685 -0.221321241404545 -1.81739824908664 -1.70862130471907 1.074596213789 -0.447767321117114 0.892010547636082 
2.85366681912642 -12.6664674412536 7.29248250422184 14.2524333333841 3.39300922252844 0 4.58689363384009 -0.0771754043536146 22.3340620832211 -0.0698750087152584 -5.62973323617118 0.444525340178295 0.493731254899749 0.835357821451201 1.48790800912208 0.495501579947538 -1.57972421956701 1.78570482816813 1.31061227878119 -0.263169920194508 -0.555537694387854 4.30354523321313 -2.50014811721637 1.9397132244146 0 -18.7414049910109 23.2433208192668 14.3139317407803 16.2473004009562 7.01382175367969 12.1851239914937 -0.874160631966852 -0.23258512202305 0.173234727332943 2.06864346923709 0.0703606859223734 1.26593470395353 -1.70862130471907 0.461214881078906 -0.0431338331211051 0.892010547636082 
2.85308208186642 -10.7916808930187 10.8829416225585 14.2524333333841 3.39300922252844 17.7051188946725 3.82697485749469 -0.0771754043536146 22.3340620832211 0.112371983175339 12.1445830739777 0.151683940515707 0.360241111307517 0.557846121330674 1.48790800912208 0.366502849043581 0.867401597927046 1.78570482816813 1.31061227878119 1.26911378693726 1.02763989435399 4.51637977013196 -1.87978522269045 5.0755332191128 -13.1164008998854 7.20691330647418 20.2593803911048 0 0 1.96472470195253 12.1851239914937 -0.825980201948425 -0.23258512202305 -1.07924685198313 0.276910006593405 -0.330267656282646 0.549251931681881 -0.699646122753455 0.855582403072893 0.364780485040871 0.892010547636082 
2.85360211041643 -12.1666011978717 2.748681126837 12.441970775296 3.39300922252844 0.422914800873452 3.87830645131334 -0.0771754043536146 22.1180331470296 2.95429646189059 15.5674221689894 0.465848313908022 0 0.557846121330674 1.48790800912208 1.26292353507733 0.678744244002153 1.78570482816813 1.31061227878119 0.695830386884432 0.594697144159441 4.51637977013196 -2.50014811721637 5.0755332191128 9.08221915638178 -18.7414049910109 20.1627476529743 14.3139317407803 17.0349677846697 7.01382175367969 11.2402471123683 -0.874160631966852 -0.23258512202305 -1.57603445684818 -0.0593000749029685 0.0703606859223734 1.72830990844793 -1.70862130471907 0.581065051635292 -0.0431338331211051 0.458860772204986 
2.85349825055944 -9.6165230449366 7.29248250422184 14.2524333333841 3.39300922252844 17.7051188946725 3.12199695507158 -0.0771754043536146 22.3340620832211 -0.0698750087152584 -5.62973323617118 0.75073004968964 0.493731254899749 0.835357821451201 1.48790800912208 0.648290609674663 -2.13311672120966 1.78570482816813 1.31061227878119 -0.158426824276534 -0.555537694387854 4.51637977013196 -1.87978522269045 1.9397132244146 0 -15.6663152360899 25.8006092600062 17.3993106021543 16.2473004009562 4.99610741776233 12.1851239914937 -0.874160631966852 -0.23258512202305 0.173234727332943 2.06864346923709 -0.218893633949986 1.26593470395353 -1.70862130471907 0.461214881078906 0.276314886178036 0.892010547636082 
1.57142565333233 -12.1666011978717 9.87974431772239 14.2524333333841 3.84234627189224 17.7051188946725 -4.17879500686135 -0.0771754043536146 22.3340620832211 2.74427106315003 12.1445830739777 0.465848313908022 0.493731254899749 0.557846121330674 1.64374782329134 0.366502849043581 -0.164135479682188 1.78570482816813 1.31061227878119 0.776114509229602 1.02763989435399 4.51637977013196 2.03205918466302 5.0755332191128 -11.7056535691049 -19.8868149399929 0.235501334786184 21.2051998741483 19.3847518097305 7.65148613958223 0 -0.874160631966852 -0.0874955385446062 -1.25197365129458 0.161318063643443 -0.213647198962815 -1.2714512768022 -1.70862130471907 0.581065051635292 0.0940661846818709 -0.044609132243604 
2.60491166541377 -12.1666011978717 2.748681126837 3.53618742734482 3.39300922252844 17.7051188946725 7.29032523263727 -0.0771754043536146 26.6760194250038 -0.0698750087152584 14.3290552097974 0.706191634119578 0 0.0944221428010717 1.48790800912208 0.366502849043581 -1.13388523669629 1.78570482816813 1.31061227878119 -0.263169920194508 0.594697144159441 4.51637977013196 -1.87978522269045 5.0755332191128 -13.1164008998854 -18.7414049910109 19.5119972246056 17.3993106021543 19.3847518097305 7.65148613958223 0 -0.874160631966852 -0.23258512202305 -1.25197365129458 0 0.0703606859223734 1.89857760578793 -1.70862130471907 0.238344808802169 -0.0839662442654214 -0.044609132243604 
2.85314768722572 -6.48989549679211 3.70921011392922 3.53618742734482 3.51764245741891 0 3.87830645131334 -0.0771754043536146 22.3340620832211 -3.3400324052619 12.8991375851674 0.849124694615195 0 0.0944221428010717 1.48126034934132 0.495501579947538 0.678744244002153 1.78570482816813 1.31061227878119 -0.0688787104323873 0.614833663769455 4.51637977013196 -1.87978522269045 5.5547055578114 -13.1164008998854 -21.8072595648967 20.1627476529743 -1.56733179398222 17.5796595206622 7.65148613958223 9.71817587954838 -0.395347612414205 0.01139798951866 -1.25197365129458 0 -0.37548392534977 1.72830990844793 -0.597773463976464 0.960959317270182 -0.0839662442654214 1.35861408496677 
2.85314768722572 -11.0812859286001 5.75512571609818 3.53618742734482 3.39300922252844 0 0.900061611621671 -0.0771754043536146 22.3340620832211 -0.249586676200659 14.3290552097974 -0.18171247960148 0.75899016615422 0.0944221428010717 1.48790800912208 0.495501579947538 0.919039084231034 1.78570482816813 1.31061227878119 -0.794886108243319 0.594697144159441 1.70220347009702 -1.87978522269045 1.39058398219784 -13.1164008998854 -18.7414049910109 21.8171540489267 17.3993106021543 0 7.65148613958223 18.5943648158546 -0.985522965428197 -0.23258512202305 0.173234727332943 0 0.0703606859223734 1.95765145737103 -1.70862130471907 1.01310846174746 -0.0839662442654214 0.5910720820404 
2.85314768722572 -9.6165230449366 10.7108050502887 14.944825664882 3.51764245741891 17.7051188946725 2.82187173304701 -0.0771754043536146 22.524857254012 -1.07376052365813 -2.78108200627895 0.595608745978963 0.493731254899749 0.557846121330674 1.48126034934132 0.366502849043581 0.79409043040317 1.78570482816813 1.31061227878119 -0.669753721724149 -0.555537694387854 4.51637977013196 -3.04678725388217 5.0755332191128 0 -19.8868149399929 20.1627476529743 14.3139317407803 16.2473004009562 7.65148613958223 12.1851239914937 -0.874160631966852 0.359429379161181 -1.25197365129458 1.60425302613259 -0.213647198962815 1.72830990844793 -1.70862130471907 -0.11069143493692 -0.0839662442654214 0.489603621447275 
2.85314768722572 -12.1666011978717 3.94357362014408 2.30845477462674 3.51764245741891 20.2661975590355 7.29032523263727 -0.0771754043536146 22.5535605690226 1.83768806752641 14.3290552097974 0.465848313908022 0 0.0944221428010717 1.48126034934132 -0.163160931013134 -1.13388523669629 1.78570482816813 1.31061227878119 0.474423377404187 0.594697144159441 4.51637977013196 -1.87978522269045 3.98779709266396 -13.1164008998854 -16.4030669781394 17.6326684363338 19.4777762421769 19.3847518097305 5.55246178456697 12.1851239914937 -0.395347612414205 -0.23258512202305 -1.25197365129458 0 -0.0874332195042786 1.50988520317706 -1.46783191220268 0.581065051635292 0.639913611677435 0.892010547636082 
2.56983498364486 -8.28042931690832 4.22372473512018 2.38585161484585 3.51764245741891 17.7051188946725 7.29032523263727 -0.0771754043536146 22.3340620832211 0 12.9287697474839 1.07414923538181 -0.490107633718339 -0.199159909728523 1.48126034934132 0.366502849043581 -1.13388523669629 1.78570482816813 1.31061227878119 1.21117743209525 0.614833663769455 7.11516613667606 1.16599371019564 1.39058398219784 -13.1164008998854 -18.7414049910109 19.5119972246056 17.3993106021543 0 5.55246178456697 2.75226961623517 -0.362959499961212 -0.111418547868458 0.173234727332943 0 0.596201033334341 1.89857760578793 -1.70862130471907 0.855582403072893 0.376858007869151 -0.593212007700098 
2.85314768722572 -7.88964496626968 10.7108050502887 3.53618742734482 3.39300922252844 17.7051188946725 -3.4447622284036 -0.0771754043536146 22.3340620832211 2.74427106315003 12.1445830739777 0.948098686713771 0.493731254899749 0.0944221428010717 1.48790800912208 0.366502849043581 -0.102941895752652 1.78570482816813 1.31061227878119 0.776114509229602 1.02763989435399 4.98609058735244 -1.87978522269045 5.0755332191128 -13.1164008998854 -19.8868149399929 19.4421149829599 0 16.2473004009562 1.96472470195253 12.1851239914937 -1.14434545644761 -0.23258512202305 -1.25197365129458 0.276910006593405 -0.519104421007961 0.555673569080268 -0.699646122753455 0.461214881078906 0.364780485040871 0.892010547636082 
2.85314768722572 -8.49179961173413 10.7108050502887 0 3.39300922252844 0.0497531793544788 7.73884890183753 -0.0771754043536146 22.3340620832211 -1.91388419615751 17.0164821041126 -0.622732090653261 0.493731254899749 -0.489680075994544 1.48790800912208 0.327895300014827 -0.754801182530262 1.78570482816813 1.31061227878119 -0.507482554520239 0.594697144159441 4.51637977013196 -1.87978522269045 1.39058398219784 0 -18.9780355498092 19.5119972246056 17.3993106021543 0 5.98963785727492 12.1851239914937 -0.874160631966852 -0.23258512202305 0.173234727332943 2.06864346923709 1.03586466046789 2.30946180450705 -1.70862130471907 0.855582403072893 -0.508200835743081 1.18609184725028 
2.85314768722572 -6.48989549679211 -14.9463756514231 1.63787080766069 3.39300922252844 0 3.87830645131334 -0.0771754043536146 22.3340620832211 -1.66723389873152 14.3290552097974 0.849124694615195 -0.0115807310731992 0.0944221428010717 1.48790800912208 0.495501579947538 0.678744244002153 1.78570482816813 1.31061227878119 -0.476439451568964 0.594697144159441 4.51637977013196 -2.50014811721637 1.38156475896554 0 -16.4030669781394 3.13085404973517 17.3993106021543 0 5.54893924074664 10.6914820638911 -0.395347612414205 -0.23258512202305 -0.960433059218541 1.52201228954923 -0.0874332195042786 -1.81739824908664 -1.70862130471907 0.855582403072893 -0.0431338331211051 0.393495418947887 
2.85283533369343 -6.48989549679211 3.94357362014408 1.63787080766069 3.51764245741891 -0.821334046507875 7.29032523263727 -0.0771754043536146 22.5535605690226 0 12.8991375851674 0.849124694615195 0 0.0944221428010717 1.48126034934132 1.13920857948214 -1.13388523669629 1.78570482816813 1.31061227878119 1.21117743209525 0.481079847538415 2.74256187432565 -1.87978522269045 -0.124588234291685 -13.1164008998854 -15.3579857728248 17.6326684363338 19.4777762421769 17.5796595206622 5.55246178456697 10.6914820638911 -0.874160631966852 -0.23258512202305 -1.13422238672349 0 0.415337214705225 1.50988520317706 -1.46783191220268 0.960959317270182 0.376858007869151 0.393495418947887 
2.85314768722572 -12.1666011978717 3.94357362014408 -1.71432793141078 3.39300922252844 0 7.29032523263727 -0.0771754043536146 22.5535605690226 -2.80035309344547 12.8991375851674 0.465848313908022 0 0.0821607542280855 1.48790800912208 0.495501579947538 -1.67016754278455 1.78570482816813 1.31061227878119 0 0.481079847538415 4.51637977013196 2.78980048358897 1.38156475896554 0 -21.5882046992836 17.2311919893283 17.3993106021543 16.5177043778206 7.65148613958223 10.6914820638911 -0.874160631966852 0 -0.960433059218541 1.52201228954923 -0.672353881924578 1.72830990844793 -2.2714449418436 0.0196413580745654 -0.0839662442654214 0.393495418947887 
2.85314768722572 -8.1726015753218 5.75512571609818 0 3.51764245741891 20.2661975590355 7.29032523263727 -0.0771754043536146 22.3340620832211 -0.249586676200659 14.3290552097974 -0.454462865784048 0.75899016615422 -0.550279709692243 1.48126034934132 -0.163160931013134 -1.13388523669629 1.78570482816813 1.31061227878119 -0.794886108243319 0.594697144159441 5.766199602916 -1.87978522269045 -0.1098511438397 -13.1164008998854 -18.7414049910109 0.235501334786184 17.3993106021543 0 7.65148613958223 14.8171766717998 -1.7671740367297 -0.23258512202305 -0.254479559261575 0 0.0703606859223734 -1.58524416192679 -1.35327315095499 0.855582403072893 -0.0839662442654214 0.38823505671147 
2.85314768722572 -6.48989549679211 3.94357362014408 3.53618742734482 3.39300922252844 0 4.45367543958299 -0.0771754043536146 22.3340620832211 -3.3400324052619 -2.78108200627895 0.849124694615195 0 0.0944221428010717 1.48790800912208 0.495501579947538 0.796373021074745 1.78570482816813 1.31061227878119 -0.0688787104323873 -0.555537694387854 2.74256187432565 -1.87978522269045 5.5547055578114 -13.1164008998854 -16.4030669781394 22.2668139730658 -1.56733179398222 19.3847518097305 7.65148613958223 12.1851239914937 -0.798595983343476 -0.475487350297853 -1.25197365129458 0 -0.0874332195042786 1.64962302061246 -0.597773463976464 0.581065051635292 -0.0839662442654214 0.892010547636082 
2.85314768722572 -6.48989549679211 10.7108050502887 2.38585161484585 3.51764245741891 17.7051188946725 7.29032523263727 -0.0771754043536146 22.524857254012 -2.53019593059094 -2.78108200627895 0.849124694615195 0.493731254899749 -0.199159909728523 1.48126034934132 0.366502849043581 -1.13388523669629 1.78570482816813 1.31061227878119 -0.669753721724149 -0.555537694387854 4.51637977013196 -1.87978522269045 5.0755332191128 -13.1164008998854 -19.8868149399929 3.13085404973517 17.3993106021543 0.109013718091423 5.956238556889 12.1851239914937 -0.976475921765191 -0.23258512202305 -1.07924685198313 0 -0.213647198962815 -1.81739824908664 -1.70862130471907 1.074596213789 -0.44160490187891 0.892010547636082 
1.57142565333233 -10.788974185376 3.94357362014408 1.63787080766069 4.33253659537646 0 7.29032523263727 -0.0771754043536146 22.5535605690226 0 12.8991375851674 0.414671552700303 0 0.0944221428010717 1.6763683135744 0.640745186191399 -1.13388523669629 1.78570482816813 1.31061227878119 1.21117743209525 0.481079847538415 5.32626706051001 -1.87978522269045 -4.74607243421304 -13.1164008998854 -15.3579857728248 19.5119972246056 17.3993106021543 0 7.65148613958223 10.6914820638911 -0.473998068186454 -0.23258512202305 -1.07454350298948 0 -0.0874332195042786 1.89857760578793 -1.70862130471907 0.855582403072893 -0.0839662442654214 0.393495418947887 
2.5694115145838 -12.1666011978717 8.72360346127469 1.63787080766069 3.39300922252844 0 3.87830645131334 -0.0771754043536146 22.3340620832211 4.23307252327589 14.3290552097974 0.465848313908022 0.323112372510653 0.0944221428010717 0.975389190807654 0.495501579947538 0.678744244002153 1.78570482816813 1.31061227878119 0.695830386884432 0.594697144159441 2.74256187432565 0.821712506619148 5.0755332191128 8.02522362481115 -19.8868149399929 3.13085404973517 14.3139317407803 19.3847518097305 7.65148613958223 12.1851239914937 -0.874160631966852 0.577582473800323 -1.25197365129458 0.0811182852374008 -0.213647198962815 -1.81739824908664 -1.70862130471907 0.581065051635292 0.0940661846818709 0.892010547636082 
2.85314768722572 -6.48989549679211 10.7108050502887 4.07541130903429 3.39300922252844 22.2155842611173 3.84524594240135 -0.0771754043536146 22.3340620832211 -0.0698750087152584 14.3290552097974 0.849124694615195 0.493731254899749 0.254543046655386 1.48790800912208 0.148396188136375 0 1.78570482816813 1.31061227878119 -0.263169920194508 0.594697144159441 4.51637977013196 -1.87978522269045 1.39058398219784 -13.4169309702781 -21.5882046992836 19.5119972246056 19.4777762421769 17.5796595206622 5.98963785727492 12.1851239914937 -0.874160631966852 -0.23258512202305 0.173234727332943 0 -1.11233723889214 1.89857760578793 -1.46783191220268 0.960959317270182 -0.626234735071768 0.892010547636082 
2.85314768722572 -6.48989549679211 3.94357362014408 2.38585161484585 3.39300922252844 18.2087538281962 3.87830645131334 -0.0771754043536146 22.3340620832211 -0.0698750087152584 16.6684352034789 0.849124694615195 0 -0.199159909728523 1.48790800912208 -0.0959498066529397 0.678744244002153 1.78570482816813 1.31061227878119 -0.263169920194508 0.438158357957452 4.51637977013196 -1.87978522269045 1.39058398219784 -13.1164008998854 -18.0946910888398 3.13085404973517 14.3139317407803 17.5796595206622 5.55246178456697 9.89809501096518 -0.395347612414205 -0.23258512202305 0.173234727332943 0 0.0703606859223734 -1.81739824908664 -1.70862130471907 0.960959317270182 0.376858007869151 0.225535575810604 
1.57142565333233 -12.1666011978717 -15.190604744335 -2.17944260206047 3.39300922252844 0 7.29032523263727 1.60250801672344 22.5535605690226 1.83768806752641 17.0164821041126 0.465848313908022 0.439804895035831 -0.0703306671512922 1.48790800912208 0.495501579947538 -1.13388523669629 1.78570482816813 1.31061227878119 0.695830386884432 0.594697144159441 4.51637977013196 -1.87978522269045 5.0755332191128 0 -18.7414049910109 19.5119972246056 13.182764768802 0 7.65148613958223 12.1851239914937 -0.874160631966852 -0.23258512202305 -1.25197365129458 2.06864346923709 0.596201033334341 1.89857760578793 -2.01234856421703 0.855582403072893 -0.0839662442654214 1.18609184725028 
2.85290128070377 -6.48989549679211 3.94357362014408 2.20236041951103 3.39300922252844 0.422914800873452 7.29032523263727 -0.0771754043536146 21.6833676137186 -0.0698750087152584 17.0164821041126 0.849124694615195 0 -0.391380287334965 1.48790800912208 0.327895300014827 -1.13388523669629 1.78570482816813 1.31061227878119 -0.263169920194508 0.594697144159441 4.51637977013196 -1.87978522269045 -1.44657166371894 0 -18.7414049910109 19.5119972246056 17.3993106021543 1.8097909821243 5.98963785727492 2.75226961623517 -0.395347612414205 -0.23258512202305 0.5316734790251 2.06864346923709 0.596201033334341 1.89857760578793 -1.70862130471907 1.2929743456575 -0.508200835743081 -0.593212007700098 
2.57009741187275 -14.3744682828311 3.94357362014408 -2.17944260206047 3.51764245741891 17.7051188946725 7.29032523263727 -0.0771754043536146 22.5535605690226 1.83768806752641 14.3290552097974 0.958839048677515 0 0.299767819265727 1.48126034934132 0.366502849043581 -1.13388523669629 1.78570482816813 1.31061227878119 0.695830386884432 0.594697144159441 6.29153380572867 -1.87978522269045 4.71404998214638 9.08221915638178 -21.8072595648967 20.1627476529743 17.3993106021543 19.3847518097305 7.65148613958223 0 -0.407392308664225 -0.23258512202305 -1.67049825283256 -0.0593000749029685 -0.37548392534977 1.72830990844793 -1.70862130471907 0.581065051635292 -0.0839662442654214 -0.222859324125042 
2.85314768722572 -6.48989549679211 10.7108050502887 1.15888015961222 3.39300922252844 0 -1.50253767857912 -0.0771754043536146 22.3340620832211 -3.3400324052619 17.0164821041126 0.849124694615195 0.625382361954722 -0.991933162897794 1.48790800912208 0.495501579947538 0.679548056148714 1.78570482816813 1.31061227878119 -0.0688787104323873 0.594697144159441 4.51637977013196 -1.87978522269045 -0.542202745700348 -13.1164008998854 -16.4030669781394 19.5119972246056 17.3993106021543 0 5.98963785727492 12.1851239914937 -0.874160631966852 -0.445423822009668 -0.386528750037089 0 -0.0874332195042786 1.89857760578793 -1.70862130471907 0.855582403072893 -0.508200835743081 1.18609184725028 
2.85314768722572 -9.6165230449366 10.7108050502887 14.944825664882 3.51764245741891 17.5097602387004 7.29032523263727 -0.0771754043536146 22.524857254012 -1.07376052365813 1.77938435379387 0.595608745978963 0.493731254899749 0.557846121330674 1.48126034934132 -0.0330929126185796 -1.13388523669629 1.78570482816813 1.31061227878119 -0.669753721724149 -0.58537630092603 4.51637977013196 0 5.0755332191128 9.08221915638178 -20.99961407301 20.1627476529743 15.8372696357487 16.2473004009562 7.65148613958223 12.1851239914937 -0.874160631966852 0 -1.25197365129458 -0.0593000749029685 -0.213647198962815 1.72830990844793 -1.23971485215692 -0.11069143493692 -0.0839662442654214 0.892010547636082 
2.85307086116648 -6.48989549679211 3.94357362014408 3.53618742734482 3.39300922252844 20.2661975590355 -0.840122246132286 -0.0771754043536146 22.3340620832211 -1.24896208203815 14.3290552097974 0.849124694615195 0 0.0944221428010717 1.48790800912208 -0.163160931013134 1.0626772945247 1.78570482816813 1.31061227878119 0.376472615486231 0.594697144159441 4.51637977013196 -1.87978522269045 -0.124588234291685 -13.1164008998854 -16.4030669781394 16.0944163275391 19.4777762421769 17.5796595206622 3.26662128731451 12.1851239914937 -0.395347612414205 -0.23258512202305 -1.13422238672349 0 -0.0874332195042786 1.85076231405174 -1.46783191220268 0.960959317270182 0.704544831991449 0.892010547636082 
2.85296702945728 -9.6165230449366 9.87974431772239 14.2524333333841 3.39300922252844 17.7051188946725 -4.17879500686135 -0.0771754043536146 22.3340620832211 1.16542289497583 14.3290552097974 0.595608745978963 0.493731254899749 0.557846121330674 1.48790800912208 0.648290609674663 -0.164135479682188 1.78570482816813 1.31061227878119 0.776114509229602 0.594697144159441 1.0774882979819 -1.87978522269045 1.38156475896554 -13.1164008998854 -16.4030669781394 20.1627476529743 17.3993106021543 16.2473004009562 5.81448684628796 9.71817587954838 1.8741623808882 -0.23258512202305 -0.960433059218541 0 -0.0874332195042786 1.72830990844793 -1.70862130471907 0.461214881078906 -0.161727697123646 1.35861408496677 
2.85307086116648 -6.48989549679211 3.94357362014408 3.53618742734482 3.39300922252844 0 3.87830645131334 -0.0771754043536146 22.3340620832211 -3.3400324052619 -2.78108200627895 0.849124694615195 -0.211731021102392 0.0944221428010717 1.48790800912208 0.495501579947538 0.678744244002153 1.78570482816813 1.31061227878119 -0.0688787104323873 -0.555537694387854 4.51637977013196 -1.87978522269045 5.5547055578114 -13.1164008998854 -16.4030669781394 20.1627476529743 -1.56733179398222 19.3847518097305 7.65148613958223 12.1851239914937 -0.874160631966852 -0.23258512202305 -1.25197365129458 0 -0.0874332195042786 1.72830990844793 -0.597773463976464 0.581065051635292 -0.0839662442654214 1.18609184725028 
2.85307086116648 -6.48989549679211 -15.2835830421111 2.38585161484585 3.39300922252844 20.2661975590355 7.29032523263727 -0.0771754043536146 22.3340620832211 -0.0698750087152584 -2.78108200627895 0.849124694615195 -0.0115807310731992 -0.199159909728523 1.48790800912208 -0.163160931013134 -1.13388523669629 1.78570482816813 1.31061227878119 -0.263169920194508 -0.555537694387854 4.51637977013196 1.48886464593879 1.39058398219784 -12.6650435627043 -18.7414049910109 19.5119972246056 17.3993106021543 17.5796595206622 5.55246178456697 0 -0.395347612414205 0.383926654292236 0.173234727332943 0.192057152610299 0.0703606859223734 1.89857760578793 -1.70862130471907 0.960959317270182 0.376858007869151 -0.044609132243604 
1.57142565333233 -6.48989549679211 3.94357362014408 3.53618742734482 3.51764245741891 0.451351733296808 7.29032523263727 -0.0771754043536146 22.3340620832211 0 12.8991375851674 0.849124694615195 0 0.0944221428010717 2.00382224626086 0.106729423304428 -1.13388523669629 1.78570482816813 1.31061227878119 1.21117743209525 0.614833663769455 4.51637977013196 -1.87978522269045 5.0755332191128 -13.1164008998854 -19.3733317856087 17.6326684363338 17.3993106021543 17.5796595206622 5.55246178456697 9.71817587954838 -0.395347612414205 -0.23258512202305 -1.07924685198313 0 -0.34883038104923 1.50988520317706 -1.70862130471907 0.960959317270182 0.376858007869151 1.35861408496677 
2.85307086116648 -6.48989549679211 3.94357362014408 5.39407360532511 3.39300922252844 0 -1.50253767857912 -0.0771754043536146 22.3340620832211 -3.3400324052619 12.8991375851674 0.849124694615195 0.563228950143432 0.0464162397507655 1.48790800912208 0.495501579947538 0.679548056148714 1.78566845466647 1.31061227878119 -0.0688787104323873 0.481079847538415 4.51637977013196 -1.87978522269045 1.38156475896554 -13.1164008998854 -16.4030669781394 19.9194423639772 19.5968095970325 0 -19.3184636123099 12.1851239914937 -0.395347612414205 -0.0235884780919127 -1.37864523404215 0 -0.0874332195042786 1.50988520317706 -1.70862130471907 0.855582403072893 -1.17049035844882 0.892010547636082 
2.85314768722572 -8.49179961173413 -9.94904817601156 -1.71432793141078 3.39300922252844 0.422914800873452 7.29032523263727 -0.0771754043536146 22.3340620832211 -2.80035309344547 -5.62973323617118 -0.622732090653261 0.964322587072068 0.0821607542280855 1.48790800912208 0.327895300014827 -1.67016754278455 1.78570482816813 1.31061227878119 0 -0.555537694387854 4.51637977013196 -3.04678725388217 0 0 -16.4030669781394 19.5119972246056 17.3993106021543 0 -19.3184636123099 12.1851239914937 -0.874160631966852 0.359429379161181 -0.667678957184627 1.52201228954923 -0.0874332195042786 2.30946180450705 -1.70862130471907 0.855582403072893 -1.17049035844882 1.18609184725028 
2.85265509800914 -10.6720878624227 5.75512571609818 14.2524333333841 3.39300922252844 17.7051188946725 3.82697485749469 -0.0771754043536146 22.3340620832211 -0.249586676200659 14.3290552097974 0.40581917302954 0.75899016615422 0.557846121330674 1.48790800912208 0.366502849043581 0.867401597927046 1.78570482816813 1.31061227878119 -0.794886108243319 0.594697144159441 5.95894033303901 -1.87978522269045 5.0755332191128 9.08221915638178 7.20691330647418 0.235501334786184 17.3993106021543 0 8.70853921752821 12.1851239914937 -0.811705651074511 -0.23258512202305 -1.07924685198313 -0.0593000749029685 -0.221321241404545 -1.58524416192679 -1.70862130471907 1.01310846174746 -0.447767321117114 0.892010547636082 
2.85304364239642 -14.3744682828311 2.748681126837 -2.17944260206047 3.51764245741891 17.7051188946725 0.586107426991739 -0.0771754043536146 22.3340620832211 -2.34404940944819 14.3290552097974 0.465848313908022 0 0.299767819265727 1.48126034934132 0.366502849043581 0.679548056148714 1.78570482816813 1.31061227878119 -0.804981097581322 0.594697144159441 4.51637977013196 2.78980048358897 5.0755332191128 9.08221915638178 -16.4030669781394 20.1627476529743 19.4777762421769 0 7.65148613958223 12.1851239914937 -0.874160631966852 0 -1.25197365129458 -0.0593000749029685 -0.0874332195042786 1.72830990844793 -1.46783191220268 0.855582403072893 -0.0839662442654214 0.892010547636082 
2.85283533369343 -12.1666011978717 3.94357362014408 -2.17944260206047 3.39300922252844 0.422914800873452 3.84524594240135 -0.0771754043536146 22.1180331470296 0.112371983175339 -2.78108200627895 0.706191634119578 0 -0.0703306671512922 1.48790800912208 1.26292353507733 -0.0346782612217023 1.78570482816813 1.31061227878119 1.24312016103096 -0.555537694387854 4.51637977013196 -2.50014811721637 1.39058398219784 9.08221915638178 14.9860957893478 17.2311919893283 14.3139317407803 0 7.01382175367969 10.6914820638911 -0.874160631966852 -0.23258512202305 0.173234727332943 -0.0593000749029685 0 1.72830990844793 -1.70862130471907 1.31819815025581 -0.0431338331211051 0.393495418947887 
2.85380961187157 -12.1666011978717 9.87974431772239 14.2524333333841 3.39300922252844 0.422914800873452 -4.17879500686135 -0.0771754043536146 22.1180331470296 0.112371983175339 12.1445830739777 0.706191634119578 0.493731254899749 0.557846121330674 1.48790800912208 1.26292353507733 -0.164135479682188 1.78570482816813 1.31061227878119 1.24312016103096 1.02763989435399 4.98609058735244 2.03205918466302 5.0755332191128 9.08221915638178 -19.8868149399929 3.13085404973517 14.3139317407803 19.3847518097305 4.83182938077106 0 -1.39452979016794 -0.0874955385446062 -1.25197365129458 -0.0593000749029685 -0.213647198962815 -1.81739824908664 -1.70862130471907 0.581065051635292 0.542023788146685 -0.044609132243604 
2.85304364239642 -10.6720878624227 2.7517153854257 -2.17944260206047 3.39300922252844 17.7051188946725 7.29032523263727 -0.0771754043536146 22.3340620832211 -0.0698750087152584 14.3290552097974 0.40581917302954 0 -0.0703306671512922 1.48790800912208 0.366502849043581 -1.13388523669629 1.78570482816813 1.31061227878119 -0.263169920194508 0.594697144159441 4.51637977013196 -1.87978522269045 1.39058398219784 0 -18.7414049910109 17.2311919893283 11.736142372124 16.2473004009562 8.70853921752821 12.1851239914937 -0.874160631966852 -0.23258512202305 0.173234727332943 2.06864346923709 0.0703606859223734 1.72830990844793 -2.01234856421703 0.136895382593803 -0.447767321117114 0.892010547636082 
0.748595936178965 -12.1666011978717 3.94357362014408 14.2524333333841 3.39300922252844 0.422914800873452 7.29032523263727 -0.0771754043536146 22.1180331470296 0 12.8991375851674 0.465848313908022 0 0.557846121330674 1.48790800912208 0.327895300014827 -1.13388523669629 1.78570482816813 1.31061227878119 1.21117743209525 0.481079847538415 4.51637977013196 -1.87978522269045 5.0755332191128 0 -18.7414049910109 0.235501334786184 17.3993106021543 0 3.89367877249312 10.6914820638911 -0.395347612414205 -0.23258512202305 -1.57603445684818 2.06864346923709 0.596201033334341 -1.58524416192679 -1.70862130471907 0.855582403072893 -0.0839662442654214 0.393495418947887 
2.85261724359723 -6.48989549679211 10.7108050502887 1.63787080766069 3.51764245741891 0.422914800873452 2.82187173304701 -0.0771754043536146 22.5535605690226 0 12.8991375851674 0.849124694615195 0.493731254899749 0.0944221428010717 1.48126034934132 1.26292353507733 0.79409043040317 1.78570482816813 1.31061227878119 1.21117743209525 0.481079847538415 4.51637977013196 -3.04678725388217 5.0755332191128 -13.1164008998854 -15.3579857728248 3.13085404973517 19.4777762421769 19.3847518097305 5.55246178456697 12.1851239914937 -0.874160631966852 0.359429379161181 -1.25197365129458 0 -0.0874332195042786 -1.81739824908664 -1.46783191220268 0.581065051635292 0.376858007869151 0.892010547636082 
2.85314768722572 -10.6720878624227 2.748681126837 0 3.39300922252844 0.422914800873452 3.82697485749469 -0.0771754043536146 22.1180331470296 2.95429646189059 14.3290552097974 0.40581917302954 0 -0.0463373335247568 1.48790800912208 1.26292353507733 0.867401597927046 1.78570482816813 1.31061227878119 0.695830386884432 0.594697144159441 4.51637977013196 -2.50014811721637 5.0755332191128 9.08221915638178 -18.7414049910109 20.1627476529743 14.3139317407803 0.109013718091423 7.01382175367969 10.6914820638911 -0.874160631966852 -0.23258512202305 -1.07924685198313 -0.0593000749029685 0.0703606859223734 1.72830990844793 -1.70862130471907 1.074596213789 -0.0431338331211051 0.393495418947887 
2.85252232190791 -9.6165230449366 2.748681126837 2.38585161484585 3.39300922252844 18.2087538281962 3.87830645131334 -0.0771754043536146 22.3340620832211 -0.0698750087152584 -2.78108200627895 0.778663264717284 0 -0.199159909728523 1.48790800912208 -0.0959498066529397 0.678744244002153 1.78570482816813 1.31061227878119 -0.263169920194508 -0.555537694387854 4.51637977013196 -2.63655989679348 5.0755332191128 -13.1164008998854 -18.0946910888398 3.13085404973517 14.3139317407803 17.5796595206622 5.55246178456697 0 -0.395347612414205 -1.22670822586711 -1.25197365129458 0 0.0703606859223734 -1.81739824908664 -1.70862130471907 0.960959317270182 0.376858007869151 -0.044609132243604 
2.85206656194692 -9.6165230449366 -15.2835830421111 14.2524333333841 3.39300922252844 17.7051188946725 -4.17879500686135 -0.0771754043536146 18.1124276659044 1.76123032924311 -2.78108200627895 0.456478483582138 -0.0115807310731992 0.557846121330674 1.48790800912208 0.366502849043581 -0.164135479682188 1.78570482816813 1.32666692572025 -0.263169920194508 -0.555537694387854 4.51637977013196 2.03205918466302 1.39058398219784 -13.1164008998854 -18.7414049910109 0.235501334786184 19.4777762421769 17.5796595206622 4.83182938077106 0 -0.395347612414205 -0.0874955385446062 0.173234727332943 0 0.0703606859223734 -1.2714512768022 -1.46783191220268 0.960959317270182 0.542023788146685 -0.044609132243604 
2.85325165913957 -12.1666011978717 2.748681126837 12.441970775296 3.39300922252844 0.422914800873452 7.29032523263727 -0.0771754043536146 22.1180331470296 2.95429646189059 14.3290552097974 0.465848313908022 0 0.557846121330674 1.48790800912208 1.26292353507733 -1.67016754278455 1.78570482816813 1.31061227878119 0.695830386884432 0.594697144159441 4.51637977013196 -2.50014811721637 1.38156475896554 9.08221915638178 -18.7414049910109 20.1627476529743 14.3139317407803 17.0349677846697 -19.3184636123099 10.6914820638911 -0.874160631966852 -0.23258512202305 -0.960433059218541 -0.0593000749029685 0.0703606859223734 1.72830990844793 -1.70862130471907 0.581065051635292 -1.17049035844882 0.393495418947887 
2.85251322763588 -6.48989549679211 3.94357362014408 14.2524333333841 3.39300922252844 0 7.29032523263727 -0.0771754043536146 24.7021864239137 -0.0698750087152584 -2.78108200627895 0.849124694615195 0 0.557846121330674 1.48790800912208 0.495501579947538 -1.13388523669629 1.78570482816813 1.31061227878119 -0.263169920194508 -0.555537694387854 1.0774882979819 -1.87978522269045 1.39058398219784 -13.1164008998854 -16.4030669781394 19.5119972246056 -1.56733179398222 19.3847518097305 2.46681678468213 12.1851239914937 1.8741623808882 -0.475487350297853 0.173234727332943 0 -0.0874332195042786 1.89857760578793 -0.597773463976464 0.581065051635292 0.623644842446616 0.892010547636082 
2.85314768722572 -6.48989549679211 -14.9463756514231 14.2524333333841 3.39300922252844 17.7051188946725 -0.840122246132286 -0.0771754043536146 22.3340620832211 -0.0698750087152584 14.3290552097974 0.849124694615195 -0.0115807310731992 0.557846121330674 1.48790800912208 0.241584252091862 1.0626772945247 1.78570482816813 1.31061227878119 -0.263169920194508 0.594697144159441 4.51637977013196 -1.87978522269045 -0.124588234291685 -13.1164008998854 -16.4030669781394 20.1627476529743 17.3993106021543 17.5796595206622 2.46681678468213 14.3178270497675 -0.395347612414205 -0.23258512202305 -1.13422238672349 0 -0.0874332195042786 1.72830990844793 -1.70862130471907 0.960959317270182 0.623644842446616 0.605950412613317 
1.57142565333233 -9.6165230449366 3.94357362014408 14.2524333333841 3.39300922252844 17.7051188946725 7.29032523263727 -0.0771754043536146 22.3340620832211 1.35445898506067 12.1445830739777 0.456478483582138 0 0.557846121330674 1.48790800912208 0.366502849043581 -1.13388523669629 1.78570482816813 1.31061227878119 1.11731008668771 1.02763989435399 4.98609058735244 -1.87978522269045 -1.44657166371894 0 -18.7414049910109 19.5119972246056 17.3993106021543 19.3847518097305 5.98963785727492 2.75226961623517 -1.39452979016794 -0.23258512202305 0.5316734790251 2.06864346923709 0.596201033334341 1.89857760578793 -1.70862130471907 0.581065051635292 -0.508200835743081 -0.593212007700098 
2.85374506623088 -12.1666011978717 3.94357362014408 0 3.39300922252844 0.422914800873452 7.29032523263727 -0.0771754043536146 22.3340620832211 -2.40971728363527 -2.78108200627895 0.465848313908022 0 -0.0463373335247568 1.48790800912208 1.26292353507733 -1.67016754278455 1.78570482816813 1.31061227878119 -0.144375003578316 -0.555537694387854 4.51637977013196 -0.0954513663637691 1.38156475896554 9.08221915638178 -21.5882046992836 17.2311919893283 11.736142372124 0.109013718091423 -20.0331380060097 12.1851239914937 -0.874160631966852 0.383926654292236 -0.960433059218541 -0.0593000749029685 -0.672353881924578 1.72830990844793 -2.01234856421703 1.074596213789 -1.11720437367317 0.892010547636082 
2.85314768722572 -12.1666011978717 3.94357362014408 -1.71432793141078 3.39300922252844 0 4.58689363384009 -0.0771754043536146 22.5535605690226 -0.0698750087152584 12.8991375851674 0.465848313908022 0 0.0821607542280855 1.48790800912208 0.495501579947538 -1.57972421956701 1.78570482816813 1.31061227878119 -0.263169920194508 0.481079847538415 2.74256187432565 2.78980048358897 1.9397132244146 0 -18.7414049910109 23.2433208192668 14.3139317407803 16.5177043778206 7.65148613958223 12.1851239914937 -0.874160631966852 0 0.173234727332943 2.06864346923709 0.0703606859223734 1.26593470395353 -1.70862130471907 0.0196413580745654 -0.0839662442654214 0.892010547636082 
2.85196189212818 -9.6165230449366 2.748681126837 12.441970775296 3.39300922252844 17.7051188946725 3.82697485749469 -0.0771754043536146 22.3340620832211 2.95429646189059 14.3290552097974 0.595608745978963 0 0.557846121330674 1.48790800912208 0.366502849043581 0.867401597927046 1.78570482816813 1.31061227878119 0.695830386884432 0.594697144159441 4.51637977013196 -1.87978522269045 5.0755332191128 -13.1164008998854 7.20691330647418 20.1627476529743 14.3139317407803 17.0349677846697 1.96472470195253 12.1851239914937 -0.874160631966852 -0.23258512202305 -1.07924685198313 0.276910006593405 -0.330267656282646 1.72830990844793 -1.70862130471907 0.581065051635292 0.364780485040871 0.892010547636082 
2.85360211041643 -12.1666011978717 2.748681126837 12.441970775296 3.39300922252844 0.422914800873452 3.87830645131334 -0.0771754043536146 22.1180331470296 2.95429646189059 14.3290552097974 0.465848313908022 0 0.557846121330674 1.48790800912208 1.26292353507733 0.678744244002153 1.78570482816813 1.31061227878119 0.695830386884432 0.594697144159441 4.51637977013196 -2.50014811721637 5.0755332191128 9.08221915638178 -18.7414049910109 20.1627476529743 14.3139317407803 17.0349677846697 7.01382175367969 10.6914820638911 -0.874160631966852 -0.23258512202305 -1.57603445684818 -0.0593000749029685 0.0703606859223734 1.72830990844793 -1.70862130471907 0.581065051635292 -0.0431338331211051 0.393495418947887 
2.85251322763588 -6.48989549679211 7.29248250422184 2.38585161484585 3.39300922252844 17.7051188946725 4.58689363384009 -0.0771754043536146 22.524857254012 -0.0698750087152584 -5.62973323617118 0.849124694615195 0.493731254899749 -0.199159909728523 1.48790800912208 0.648290609674663 -1.57972421956701 1.78570482816813 1.31061227878119 -0.158426824276534 -0.555537694387854 4.51637977013196 -1.87978522269045 1.9397132244146 -13.1164008998854 -19.8868149399929 23.2433208192668 17.3993106021543 16.2473004009562 7.65148613958223 12.1851239914937 -0.874160631966852 -0.23258512202305 0.173234727332943 0 -0.213647198962815 1.26593470395353 -1.70862130471907 0.461214881078906 -0.0839662442654214 0.892010547636082 
2.85196189212818 -12.1666011978717 9.87974431772239 14.2524333333841 3.39300922252844 17.7051188946725 7.29032523263727 -0.0771754043536146 22.3340620832211 2.74427106315003 -5.62973323617118 0.465848313908022 0.493731254899749 0.557846121330674 1.48790800912208 0.366502849043581 -1.67016754278455 1.78570482816813 1.31061227878119 0.776114509229602 -0.555537694387854 4.51637977013196 2.03205918466302 5.0755332191128 -13.1164008998854 -19.8868149399929 0.235501334786184 11.736142372124 19.3847518097305 7.65148613958223 12.1851239914937 -0.874160631966852 -0.0874955385446062 -1.25197365129458 0 -0.213647198962815 -1.2714512768022 -2.01234856421703 0.581065051635292 0.0940661846818709 0.892010547636082 
2.85251322763588 -6.48989549679211 10.7108050502887 1.15888015961222 3.39300922252844 0 7.29032523263727 -0.0771754043536146 24.7021864239137 -0.0698750087152584 17.0164821041126 0.849124694615195 0.493731254899749 -0.991933162897794 1.48790800912208 0.495501579947538 -1.13388523669629 1.78570482816813 1.31061227878119 -0.263169920194508 0.594697144159441 4.51637977013196 -1.87978522269045 -0.542202745700348 -13.1164008998854 -18.7414049910109 19.5119972246056 17.3993106021543 19.3847518097305 7.65148613958223 0 -0.874160631966852 -0.23258512202305 -0.386528750037089 0 0.0703606859223734 1.89857760578793 -1.70862130471907 0.581065051635292 -0.0839662442654214 -0.044609132243604 
2.85269303993233 -10.6720878624227 3.94357362014408 0 3.51764245741891 0 3.82697485749469 -0.0771754043536146 22.5535605690226 -2.62498560595558 14.3290552097974 0.40581917302954 0 -0.0463373335247568 1.48126034934132 0.495501579947538 0.867401597927046 1.78570482816813 1.31061227878119 -0.144375003578316 0.594697144159441 4.51637977013196 -0.0954513663637691 5.5547055578114 9.08221915638178 -21.8072595648967 20.1627476529743 -1.56733179398222 17.5796595206622 7.65148613958223 9.71817587954838 -0.874160631966852 0.383926654292236 -1.25197365129458 -0.0593000749029685 -0.37548392534977 1.72830990844793 -0.597773463976464 0.960959317270182 -0.0839662442654214 1.35861408496677 
2.85314768722572 -11.0812859286001 5.75512571609818 3.53618742734482 3.51764245741891 0.451351733296808 0.900061611621671 -0.0771754043536146 22.3340620832211 -0.249586676200659 14.3290552097974 -0.18171247960148 0.75899016615422 0.0944221428010717 1.48126034934132 0.106729423304428 0.867401597927046 1.78570482816813 1.31061227878119 -0.794886108243319 0.594697144159441 4.51637977013196 -1.87978522269045 1.39058398219784 -13.1164008998854 -19.3733317856087 17.6326684363338 17.3993106021543 17.5796595206622 5.55246178456697 9.71817587954838 -0.395347612414205 -0.23258512202305 0.173234727332943 0 -0.34883038104923 1.50988520317706 -1.70862130471907 0.960959317270182 0.376858007869151 1.35861408496677 
2.85252232190791 -9.6165230449366 -9.94904817601156 14.944825664882 3.39300922252844 17.7051188946725 7.29032523263727 -0.0771754043536146 22.524857254012 -2.80035309344547 -5.62973323617118 0.595608745978963 0.964322587072068 0.557846121330674 1.48790800912208 0.366502849043581 -1.67016754278455 1.78570482816813 1.31061227878119 0 -0.555537694387854 4.51637977013196 -3.04678725388217 5.0755332191128 0 -19.8868149399929 20.1627476529743 11.736142372124 16.2473004009562 7.65148613958223 12.1851239914937 -0.874160631966852 0.359429379161181 -1.25197365129458 1.52201228954923 -0.213647198962815 1.72830990844793 -2.01234856421703 -0.11069143493692 -0.0839662442654214 0.892010547636082 
2.85304364239642 -12.1666011978717 3.94357362014408 2.38585161484585 3.39300922252844 18.2087538281962 7.29032523263727 -0.0771754043536146 22.3340620832211 -0.0698750087152584 14.3290552097974 0.465848313908022 0 -0.199159909728523 1.48790800912208 -0.0959498066529397 -1.13388523669629 1.78570482816813 1.31061227878119 -0.263169920194508 0.594697144159441 4.51637977013196 -1.87978522269045 3.98779709266396 -13.1164008998854 -18.0946910888398 17.6326684363338 19.4777762421769 17.5796595206622 5.55246178456697 12.1851239914937 -0.395347612414205 -0.23258512202305 -1.25197365129458 0 0.0703606859223734 1.50988520317706 -1.46783191220268 0.960959317270182 0.376858007869151 0.892010547636082 
2.85252232190791 -6.48989549679211 3.94357362014408 2.38585161484585 3.51764245741891 17.7051188946725 7.29032523263727 -0.0771754043536146 22.5535605690226 0 12.9287697474839 0.849124694615195 0 -0.199159909728523 1.48126034934132 0.366502849043581 -1.13388523669629 1.78570482816813 1.31061227878119 1.21117743209525 0.614833663769455 2.74256187432565 -1.87978522269045 1.39058398219784 -13.1164008998854 -18.7414049910109 19.5119972246056 17.3993106021543 0 5.55246178456697 10.6914820638911 -0.874160631966852 -0.23258512202305 0.173234727332943 0 0.596201033334341 1.89857760578793 -1.70862130471907 0.855582403072893 0.376858007869151 0.393495418947887 
2.85119071104135 -12.1666011978717 3.94357362014408 -1.71432793141078 3.39300922252844 17.7051188946725 7.29032523263727 -0.0771754043536146 22.5535605690226 2.74427106315003 12.1445830739777 0.465848313908022 0 0.0821607542280855 1.48790800912208 0.366502849043581 -1.67016754278455 1.78570482816813 1.31061227878119 0.776114509229602 1.02763989435399 4.51637977013196 -1.87978522269045 5.0755332191128 -13.1164008998854 -21.5882046992836 19.7797626068023 0 16.2473004009562 1.96472470195253 10.6914820638911 -0.874160631966852 -0.23258512202305 -1.25197365129458 0.276910006593405 -0.672353881924578 0.555673569080268 -0.699646122753455 0.461214881078906 0.364780485040871 0.393495418947887 
2.85360211041643 -10.6720878624227 3.94357362014408 0 3.39300922252844 0.422914800873452 3.82697485749469 -0.0771754043536146 22.3340620832211 -2.62498560595558 17.0164821041126 0.40581917302954 0 -0.489680075994544 1.48790800912208 1.26292353507733 0.867401597927046 1.78570482816813 1.31061227878119 -0.144375003578316 0.594697144159441 4.51637977013196 -1.87978522269045 1.39058398219784 0 -18.7414049910109 19.5119972246056 17.3993106021543 0.109013718091423 5.98963785727492 0 -0.874160631966852 -0.23258512202305 0.173234727332943 2.06864346923709 0.596201033334341 2.30946180450705 -1.70862130471907 1.074596213789 -0.508200835743081 -0.222859324125042 
2.85314768722572 -12.1666011978717 -14.9463756514231 14.2524333333841 3.39300922252844 0 0.900061611621671 -0.0771754043536146 22.3340620832211 -3.3400324052619 12.8991375851674 0.465848313908022 -0.0115807310731992 0.557846121330674 1.48790800912208 0.495501579947538 0.867401597927046 1.78570482816813 1.31061227878119 -0.0688787104323873 0.481079847538415 4.51637977013196 -1.87978522269045 1.38156475896554 9.08221915638178 -18.7414049910109 0.235501334786184 17.3993106021543 0 7.01382175367969 10.6914820638911 -0.874160631966852 -0.23258512202305 -0.960433059218541 -0.0593000749029685 0.0703606859223734 -1.58524416192679 -1.70862130471907 0.855582403072893 -0.0431338331211051 0.393495418947887 
2.8523801306885 -9.6165230449366 3.94357362014408 1.63787080766069 3.39300922252844 0 3.12199695507158 -0.0771754043536146 22.5535605690226 -0.0698750087152584 -5.62973323617118 0.75073004968964 0 0.0944221428010717 1.48790800912208 0.640745186191399 -2.13311672120966 1.78570482816813 1.31061227878119 -0.158426824276534 -0.555537694387854 4.51637977013196 -1.87978522269045 -0.124588234291685 -13.1164008998854 -15.3579857728248 25.8006092600062 19.4777762421769 17.5796595206622 5.55246178456697 10.6914820638911 -0.874160631966852 -0.23258512202305 -1.13422238672349 0 -0.0874332195042786 1.26593470395353 -1.46783191220268 0.960959317270182 0.376858007869151 0.393495418947887 
2.56983498364486 -10.6720878624227 1.18429942609943 -1.71432793141078 3.39300922252844 -1.75726219085383 7.29032523263727 -0.0771754043536146 22.5535605690226 -2.40971728363527 12.8991375851674 0.40581917302954 0 0.0821607542280855 1.48790800912208 1.26292353507733 -1.67016754278455 1.78570482816813 1.31061227878119 -0.144375003578316 0.481079847538415 4.51637977013196 -0.0954513663637691 1.38156475896554 0 7.20691330647418 17.2311919893283 17.3993106021543 0.109013718091423 8.70853921752821 12.1851239914937 -0.874160631966852 0.383926654292236 -0.960433059218541 1.52201228954923 -0.221321241404545 1.72830990844793 -1.70862130471907 1.074596213789 -0.447767321117114 0.892010547636082 
2.85314768722572 -12.1666011978717 5.75512571609818 12.441970775296 3.51764245741891 20.2661975590355 3.87830645131334 -0.0771754043536146 22.1180331470296 2.95429646189059 14.3290552097974 0.465848313908022 0.75899016615422 0.557846121330674 1.48126034934132 -0.163160931013134 0.678744244002153 1.78570482816813 1.31061227878119 0.695830386884432 0.594697144159441 5.766199602916 -1.87978522269045 -0.1098511438397 9.08221915638178 -18.7414049910109 20.1627476529743 17.3993106021543 0 7.01382175367969 11.2402471123683 -1.7671740367297 -0.23258512202305 -0.254479559261575 -0.0593000749029685 0.0703606859223734 1.72830990844793 -1.70862130471907 0.855582403072893 -0.0431338331211051 0.458860772204986 
2.85304364239642 -12.1666011978717 3.94357362014408 2.30845477462674 3.51764245741891 0 7.29032523263727 -0.0771754043536146 22.3340620832211 -3.3400324052619 14.3290552097974 0.465848313908022 0 0.0944221428010717 1.48126034934132 0.495501579947538 -1.13388523669629 1.78570482816813 1.31061227878119 -0.0688787104323873 0.594697144159441 4.51637977013196 -1.87978522269045 3.98779709266396 -13.1164008998854 -16.4030669781394 20.1627476529743 -1.56733179398222 19.3847518097305 7.65148613958223 12.1851239914937 -0.395347612414205 -0.475487350297853 -1.25197365129458 0 -0.0874332195042786 1.64962302061246 -0.597773463976464 0.581065051635292 -0.0839662442654214 0.892010547636082 
2.85244677936796 -9.6165230449366 2.748681126837 16.3220977098318 3.51764245741891 20.2661975590355 7.29032523263727 -0.0771754043536146 18.1124276659044 -1.07376052365813 -2.78108200627895 0.778663264717284 0 0.912615414565715 1.48126034934132 -0.163160931013134 -1.13388523669629 1.78570482816813 1.32666692572025 -0.669753721724149 -0.555537694387854 4.51637977013196 -1.87978522269045 5.0755332191128 -13.1164008998854 -19.8868149399929 3.13085404973517 17.3993106021543 3.22054751886546 5.11696371411298 0 -0.874160631966852 -0.23258512202305 -1.25197365129458 0 -0.213647198962815 -1.81739824908664 -1.70862130471907 1.22684589240087 0.46311752264533 -0.044609132243604 
2.85261724359723 -10.7916808930187 3.94357362014408 14.2524333333841 3.39300922252844 17.7051188946725 3.82697485749469 -0.0771754043536146 22.5535605690226 0.112371983175339 12.8991375851674 0.151683940515707 0 0.557846121330674 1.48790800912208 0.366502849043581 0.867401597927046 1.78570482816813 1.31061227878119 1.26911378693726 0.481079847538415 5.32626706051001 -1.87978522269045 5.0755332191128 -13.1164008998854 7.20691330647418 19.5119972246056 17.3993106021543 0 7.65148613958223 12.1851239914937 -0.473998068186454 -0.23258512202305 -1.07924685198313 0 -0.330267656282646 1.89857760578793 -1.70862130471907 0.855582403072893 -0.0839662442654214 0.892010547636082 
2.85314768722572 -12.1666011978717 3.94357362014408 2.38585161484585 3.39300922252844 18.2087538281962 3.87830645131334 -0.0771754043536146 22.3340620832211 4.23307252327589 14.3290552097974 0.465848313908022 0 -0.199159909728523 1.48790800912208 -0.0959498066529397 0.678744244002153 1.78570482816813 1.31061227878119 0.695830386884432 0.438158357957452 4.51637977013196 0.821712506619148 1.39058398219784 9.08221915638178 -19.8868149399929 3.13085404973517 14.3139317407803 19.3847518097305 5.55246178456697 12.1851239914937 -0.395347612414205 0.577582473800323 0.173234727332943 -0.0593000749029685 -0.213647198962815 -1.81739824908664 -1.70862130471907 0.581065051635292 0.376858007869151 0.892010547636082 
2.8528631250774 -6.48989549679211 10.7108050502887 4.07541130903429 3.39300922252844 22.2155842611173 7.29032523263727 -0.0771754043536146 24.7021864239137 -0.0698750087152584 -2.78108200627895 0.849124694615195 0.493731254899749 0.254543046655386 1.48790800912208 0.148396188136375 -1.13388523669629 1.78570482816813 1.31061227878119 -0.263169920194508 -0.555537694387854 4.51637977013196 -1.87978522269045 1.39058398219784 -13.1164008998854 -21.5882046992836 3.13085404973517 19.4777762421769 17.5796595206622 2.74588203318226 12.1851239914937 -0.395347612414205 -0.23258512202305 0.173234727332943 0 -0.672353881924578 -1.81739824908664 -1.46783191220268 0.960959317270182 0.799374503194994 0.892010547636082 
2.85304364239642 -14.3744682828311 3.94357362014408 -2.17944260206047 3.51764245741891 17.7051188946725 3.87830645131334 -0.0771754043536146 22.3340620832211 -0.0698750087152584 14.3290552097974 0.465848313908022 0 0.299767819265727 1.48126034934132 0.366502849043581 0.678744244002153 1.78570482816813 1.31061227878119 -0.263169920194508 0.438158357957452 3.71440593060777 -1.87978522269045 4.71404998214638 9.08221915638178 -21.8072595648967 3.13085404973517 17.3993106021543 19.3847518097305 7.65148613958223 0 -0.874160631966852 -0.23258512202305 -1.67049825283256 -0.0593000749029685 -0.37548392534977 -1.81739824908664 -1.70862130471907 0.581065051635292 -0.0839662442654214 -0.222859324125042 
2.85314768722572 -12.1666011978717 -15.190604744335 -2.17944260206047 3.39300922252844 0 7.29032523263727 -0.0771754043536146 22.5535605690226 1.83768806752641 -5.62973323617118 0.465848313908022 0.439804895035831 -0.0703306671512922 1.48790800912208 0.495501579947538 -1.13388523669629 1.78570482816813 1.31061227878119 0.695830386884432 -0.555537694387854 4.51637977013196 -1.87978522269045 0 0 -16.4030669781394 19.5119972246056 11.736142372124 0 -19.3184636123099 12.1851239914937 -0.874160631966852 -0.23258512202305 -0.667678957184627 1.52201228954923 -0.0874332195042786 1.89857760578793 -2.01234856421703 0.855582403072893 -1.17049035844882 1.18609184725028 
2.85304364239642 -12.1666011978717 3.94357362014408 2.20236041951103 3.51764245741891 20.2661975590355 7.29032523263727 -0.0771754043536146 22.3340620832211 -0.0698750087152584 17.0164821041126 0.465848313908022 0 -0.391380287334965 1.48126034934132 -0.163160931013134 -1.13388523669629 1.78570482816813 1.31061227878119 -0.263169920194508 0.594697144159441 4.51637977013196 -1.87978522269045 -1.44657166371894 -13.1164008998854 -16.4030669781394 17.6326684363338 19.4777762421769 19.3847518097305 5.55246178456697 2.75226961623517 -0.395347612414205 -0.23258512202305 0.5316734790251 0 -0.0874332195042786 1.50988520317706 -1.46783191220268 0.581065051635292 0.639913611677435 -0.593212007700098 
2.56983498364486 -8.28042931690832 4.22372473512018 2.38585161484585 3.51764245741891 17.7051188946725 7.29032523263727 -0.0771754043536146 22.5535605690226 0 12.9287697474839 1.07414923538181 -0.490107633718339 -0.199159909728523 1.48126034934132 0.366502849043581 -1.13388523669629 1.78570482816813 1.31061227878119 1.21117743209525 0.614833663769455 3.71440593060777 -1.87978522269045 1.39058398219784 -13.1164008998854 -18.7414049910109 19.5119972246056 17.3993106021543 19.3847518097305 7.65148613958223 2.75226961623517 -0.874160631966852 -0.23258512202305 0.173234727332943 0 0.596201033334341 1.89857760578793 -1.70862130471907 0.581065051635292 -0.0839662442654214 -0.593212007700098 
2.85314768722572 -6.48989549679211 -15.2835830421111 1.15888015961222 3.39300922252844 20.2661975590355 -1.50253767857912 -0.0771754043536146 22.3340620832211 -3.3400324052619 17.0164821041126 0.849124694615195 -0.0115807310731992 -0.991933162897794 1.48790800912208 -0.163160931013134 0.679548056148714 1.78570482816813 1.31061227878119 -0.0688787104323873 0.594697144159441 4.51637977013196 1.48886464593879 1.39058398219784 -13.1164008998854 -18.7414049910109 19.5119972246056 17.3993106021543 0 5.98963785727492 12.1851239914937 -0.874160631966852 0.383926654292236 0.173234727332943 0 0.0703606859223734 1.89857760578793 -1.70862130471907 0.855582403072893 -0.508200835743081 1.18609184725028 
2.85269303993233 -12.1666011978717 10.7108050502887 14.2524333333841 3.51764245741891 17.7051188946725 -4.17879500686135 -0.0771754043536146 22.524857254012 -1.07376052365813 1.77938435379387 0.465848313908022 0.493731254899749 0.557846121330674 1.48126034934132 0.366502849043581 -0.164135479682188 1.78570482816813 1.31061227878119 -0.669753721724149 -0.58537630092603 4.51637977013196 2.03205918466302 5.0755332191128 -11.7056535691049 -19.8868149399929 0.235501334786184 21.2051998741483 19.3847518097305 7.65148613958223 0 -0.874160631966852 -0.0874955385446062 -1.25197365129458 0.161318063643443 -0.213647198962815 -1.2714512768022 -1.70862130471907 0.581065051635292 0.0940661846818709 -0.044609132243604 
2.85226753047078 -9.6165230449366 9.87974431772239 3.53618742734482 3.39300922252844 20.2661975590355 -0.840122246132286 -0.0771754043536146 22.3340620832211 1.35445898506067 14.3290552097974 0.456478483582138 0.493731254899749 0.0944221428010717 1.48790800912208 -0.163160931013134 1.0626772945247 1.78570482816813 1.31061227878119 1.11731008668771 0.594697144159441 6.72751816326171 -1.87978522269045 1.38156475896554 -13.1164008998854 -16.4030669781394 16.0944163275391 21.2051998741483 19.3847518097305 4.83182938077106 12.1851239914937 -1.49997296744956 -0.23258512202305 -0.960433059218541 0 -0.0874332195042786 1.85076231405174 -1.70862130471907 0.581065051635292 0.542023788146685 0.892010547636082 
2.57036047570913 -12.1666011978717 2.748681126837 14.2524333333841 3.39300922252844 17.7051188946725 3.87830645131334 -0.0771754043536146 22.1180331470296 -1.32644263737669 -2.78108200627895 0.706191634119578 0 0.557846121330674 1.48790800912208 0.648290609674663 0.678744244002153 1.78570482816813 1.31061227878119 1.35353336315767 -0.555537694387854 2.74256187432565 -1.87978522269045 1.38156475896554 9.08221915638178 -16.4030669781394 3.13085404973517 14.3139317407803 0 7.01382175367969 9.71817587954838 -0.874160631966852 -0.23258512202305 -0.960433059218541 -0.0593000749029685 -0.0874332195042786 -1.81739824908664 -1.70862130471907 1.31819815025581 0.217990720215249 1.35861408496677 
2.56983498364486 -8.28042931690832 4.22372473512018 3.53618742734482 3.51764245741891 17.7051188946725 7.29032523263727 -0.0771754043536146 22.3340620832211 0 12.9287697474839 1.07414923538181 -0.490107633718339 0.0944221428010717 1.48126034934132 0.366502849043581 -1.13388523669629 1.78570482816813 1.31061227878119 1.21117743209525 0.614833663769455 4.51637977013196 1.16599371019564 5.5547055578114 -13.1164008998854 -16.4030669781394 19.5119972246056 -1.56733179398222 19.3847518097305 7.65148613958223 12.1851239914937 -0.874160631966852 -0.111418547868458 -1.25197365129458 0 -0.0874332195042786 1.89857760578793 -0.597773463976464 0.581065051635292 -0.0839662442654214 1.18609184725028 
2.85206656194692 -9.6165230449366 9.87974431772239 14.2524333333841 3.39300922252844 20.2661975590355 -4.17879500686135 -0.0771754043536146 18.1124276659044 -0.0698750087152584 -2.78108200627895 0.456478483582138 0.493731254899749 0.557846121330674 1.48790800912208 -0.163160931013134 -0.164135479682188 1.78570482816813 1.32666692572025 -0.263169920194508 -0.555537694387854 6.72751816326171 2.03205918466302 1.39058398219784 -13.1164008998854 -19.8868149399929 19.5119972246056 17.3993106021543 17.5796595206622 5.55246178456697 0 -1.49997296744956 -0.0874955385446062 0.173234727332943 0 -0.213647198962815 1.89857760578793 -1.70862130471907 0.960959317270182 0.376858007869151 -0.044609132243604 
2.85325165913957 -10.7916808930187 10.8829416225585 3.53618742734482 3.51764245741891 0.451351733296808 3.82697485749469 -0.0771754043536146 22.3340620832211 0.112371983175339 12.1445830739777 0.151683940515707 0.360241111307517 0.0944221428010717 1.48126034934132 0.106729423304428 0.867401597927046 1.78570482816813 1.31061227878119 1.26911378693726 1.02763989435399 4.51637977013196 -1.87978522269045 5.0755332191128 -13.1164008998854 -19.3733317856087 17.6326684363338 17.3993106021543 0 1.96472470195253 9.71817587954838 -0.395347612414205 -0.23258512202305 -1.07924685198313 0 -0.34883038104923 1.50988520317706 -1.70862130471907 0.855582403072893 0.364780485040871 1.35861408496677 
2.85252232190791 -6.48989549679211 2.748681126837 14.2524333333841 3.39300922252844 0 -1.50253767857912 -0.0771754043536146 22.3340620832211 -3.3400324052619 14.3290552097974 0.849124694615195 0 0.557846121330674 1.48790800912208 0.495501579947538 0.679548056148714 1.78566845466647 1.31061227878119 -0.0688787104323873 0.594697144159441 4.51637977013196 -1.87978522269045 1.38156475896554 9.08221915638178 7.20691330647418 0.235501334786184 19.5968095970325 0 -19.3184636123099 12.1851239914937 -0.395347612414205 -0.0235884780919127 -0.960433059218541 -0.0593000749029685 -0.221321241404545 -1.58524416192679 -1.70862130471907 0.855582403072893 -1.17049035844882 0.892010547636082 
