100
10
2.85401682280935 -9.6165230449366 2.13387962721003 -10.3638491455297 0 12.7497409259201 2.82187173304701 19.0058825253536 2.06952411451821 0 15.2766814170762 0.595608745978963 0 0 0.860422585560206 0 0.79409043040317 0 0.0348374208783905 1.55277195365763 0.591217487878733 -17.9936584914074 13.8948257145913 5.43270056668329 0 15.718997639799 3.13085404973517 13.0460968488111 0 18.4724600017641 -4.22133633644382 -1.77381643269854 0 -0.230153424074013 2.26721421987154 0.368912837034516 -1.81739824908664 -1.54860505999467 0.855582403072893 1.74054222448754 -0.044609132243604 
2.85325165913957 -9.6165230449366 2.13387962721003 6.71250458781724 0 0 2.82187173304701 19.0058825253536 2.06952411451821 -0.307268424195828 15.2766814170762 0.595608745978963 0 0 0.860422585560206 0.495501579947538 0.79409043040317 0 0.0348374208783905 -0.560845573437794 0.591217487878733 4.51637977013196 13.8948257145913 5.43270056668329 0 10.4952098105546 3.13085404973517 13.0460968488111 0 18.4724600017641 9.05416622536917 -0.874160631966852 0 -0.230153424074013 2.26721421987154 0 -1.81739824908664 -1.54860505999467 0.855582403072893 1.74054222448754 0.892010547636082 
2.85300529169572 -7.63946444598933 3.94357362014408 14.2524333333841 0 0 3.84524594240135 14.3219155197134 7.17129616400753 0 14.3290552097974 1.01640145159159 0 0 0.860422585560206 0.495501579947538 0 -0.582755150498243 1.27771223947765 1.55277195365763 0.594697144159441 4.51637977013196 13.8948257145913 0.58477505190986 -17.7115514211876 -12.5584815221645 13.4998314276337 0 0 0 0 -0.874160631966852 -0.345340259049712 -0.960433059218541 -1.52048759140097 -1.23458623270718 0.831472883835189 -0.699646122753455 0.249457139638 -0.462485380686114 -0.044609132243604 
0 -9.6165230449366 2.13387962721003 0.952987267334474 0 0 -1.15809155046385 19.0058825253536 2.06952411451821 -3.50348348256828 14.3290552097974 0.595608745978963 0 0 0.860422585560206 0.495501579947538 1.61589725346579 0 0.0348374208783905 -0.0927300444304617 0.594697144159441 4.51637977013196 13.8948257145913 5.43270056668329 0 10.4952098105546 2.62567526075322 18.0625698732969 0 1.58678779503647 9.05416622536917 -0.874160631966852 0 -0.230153424074013 2.26721421987154 0 -1.77855653046097 -1.02107509152082 0.855582403072893 -0.462485380686114 0.892010547636082 
2.57014966626553 -9.6165230449366 7.30142838116802 -1.42875629916264 0 0 3.84524594240135 12.7032875608202 1.18992964191825 -1.30705781563048 14.3290552097974 0.595608745978963 0.0356107136772995 0 0.860422585560206 0.495501579947538 0 0 -0.263255857053798 -0.602422650294575 0.594697144159441 4.51637977013196 19.5161355920677 0 -13.1164008998854 10.4952098105546 0 17.3993106021543 19.3847518097305 7.65148613958223 0 -0.874160631966852 0.72311685530614 -0.824825962062378 0 0 -1.81739824908664 -1.70862130471907 0.581065051635292 0 -0.044609132243604 
2.57062417742946 -19.6061065236368 -12.6065675134801 8.0834817620383 17.4451060860628 0 3.84524594240135 -0.0771754043536146 19.3124487819674 0 14.3290552097974 -0.699111080644238 0 0.516109605541504 1.11915983826349 0.495501579947538 0 1.78570482816813 1.21922591098548 1.55277195365763 0.594697144159441 4.51637977013196 -1.87978522269045 0.546975062460161 -13.1164008998854 -9.44131235542768 17.6326684363338 19.4777762421769 16.2473004009562 7.65148613958223 12.1851239914937 -0.874160631966852 -0.23258512202305 -0.794477282801865 0 -1.64466012438976 1.46405320403355 -1.46783191220268 0.461214881078906 0.627150817041821 0.892010547636082 
2.85189431548331 -9.6165230449366 -12.6065675134801 14.2524333333841 3.39300922252844 17.3482750343849 15.0788702420326 -0.0771754043536146 18.1124276659044 0 0 0.595608745978963 0 0.557846121330674 1.48790800912208 0 0.23761765325331 1.78570482816813 1.32666692572025 -0.263169920194508 0 4.51637977013196 0.944683132830394 1.07730470631612 3.14043757940663 -18.7414049910109 0 13.0460968488111 1.03424918886006 2.7954618366414 13.5468737937263 -0.874160631966852 0.705865813962121 -0.951575753493968 0 0.0703606859223734 -1.81739824908664 -1.54860505999467 0 0 0 
2.57036047570913 -9.6165230449366 3.9139742347244 0 0 0 3.84524594240135 19.0058825253536 1.18992964191825 0 14.3290552097974 0.595608745978963 0 -0.350463444455743 0.860422585560206 0.495501579947538 -0.25832338604998 0 0.510160379144438 0 0.594697144159441 4.51637977013196 8.89517472560758 4.75644002943599 -13.1164008998854 10.4952098105546 -3.12560128356591 13.0460968488111 17.5799880230241 7.65148613958223 0 -0.874160631966852 0.123296365590438 -0.388893530442796 0 0 -1.89486798821709 -1.54860505999467 0 0 -0.044609132243604 
2.57036047570913 -19.6061065236368 3.19567573822368 3.23005655930846 -1.83949260930041 21.2687917057279 3.84524594240135 -0.0771754043536146 19.9770825323309 2.84413004202961 14.3290552097974 -0.699111080644238 0.75899016615422 1.20186968389986 0.904825092668098 0.366502849043581 0 1.78570482816813 1.21922591098548 0.88817023583137 0.42169452054505 -7.97975425980042 -0.749227824504128 4.4710669780481 11.1467071403268 10.4952098105546 17.6326684363338 17.3993106021543 10.0467394912833 -18.8818193501243 9.71817587954838 0 -0.420737923225732 -0.676888563985419 -0.570597991659584 0 1.46405320403355 -1.70862130471907 -0.00272511171769591 -1.56857905900505 0.892010547636082 
0 -9.6165230449366 -12.6065675134801 14.2524333333841 0.0724695343396019 0 15.0788702420326 -1.22556420407517 18.1124276659044 0 14.3290552097974 0.595608745978963 0 0 1.48790800912208 0.495501579947538 0.694511606751248 2.59864275886614 1.32666692572025 -0.263169920194508 0.594697144159441 4.51637977013196 0.944683132830394 0.58477505190986 0 -18.7414049910109 0 17.3993106021543 16.8897912313416 0 13.5468737937263 -0.874160631966852 0.705865813962121 -0.960433059218541 2.26721421987154 0.0703606859223734 -1.81739824908664 -1.70862130471907 0.581065051635292 -0.462485380686114 0 
1.57142565333233 -9.6165230449366 3.94357362014408 0 0 0 3.84524594240135 19.0058825253536 1.18992964191825 0 14.3290552097974 0.595608745978963 0 -0.350463444455743 0.860422585560206 0.495501579947538 -0.25832338604998 0.428495893733807 0.510160379144438 0 0.594697144159441 4.51637977013196 13.8948257145913 4.75644002943599 -13.1164008998854 10.4952098105546 -3.12560128356591 13.6409616987412 17.5799880230241 7.65148613958223 0 -0.874160631966852 0.154148438924061 -0.388893530442796 0 0 -1.89486798821709 -1.54860505999467 0 0 -0.044609132243604 
2.57036047570913 -9.6165230449366 5.75512571609818 3.23005655930846 0 21.2687917057279 3.82697485749469 -0.0771754043536146 19.9770825323309 2.84413004202961 14.3290552097974 0.595608745978963 0.75899016615422 1.20186968389986 0.860422585560206 -0.155102175090044 0.867401597927046 1.78570482816813 1.21922591098548 0.88817023583137 0.42169452054505 0 0 -2.8712082465278 5.4091972417241 -21.5882046992836 18.96162224494 17.3993106021543 10.0467394912833 2.7954618366414 9.71817587954838 1.97945172897515 -0.12078988608941 -0.667678957184627 0 -0.672353881924578 2.29791148500885 -1.70862130471907 -0.00272511171769591 0 0.892010547636082 
2.56988634506748 -19.6061065236368 5.75512571609818 8.0834817620383 0 17.7051188946725 3.84524594240135 -0.0771754043536146 19.9770825323309 2.84413004202961 0.00548789510758961 -0.699111080644238 0.75899016615422 0.516109605541504 0.860422585560206 0.366502849043581 0 1.78570482816813 1.21922591098548 0.88817023583137 0.252594015711264 4.51637977013196 0 4.4710669780481 0 10.4952098105546 17.6326684363338 17.3993106021543 19.3847518097305 -18.8818193501243 5.20655095102571 -0.874160631966852 0 -0.676888563985419 0 0 1.46405320403355 -1.70862130471907 0.581065051635292 -1.56857905900505 0.421053572102009 
2.56983498364486 -15.1649440523074 2.13387962721003 -10.3638491455297 0 21.2687917057279 0.885253834601144 -0.0771754043536146 19.3124487819674 -1.92777257826076 -4.84609227548171 -0.667015781936709 0 0 0.860422585560206 0.366502849043581 0.724671249824889 1.78570482816813 1.21922591098548 -0.516665829176393 -0.555537694387854 4.51637977013196 -17.7299109090725 4.4710669780481 9.08221915638178 12.2200231809728 17.6326684363338 17.3993106021543 0 -15.56140927326 17.4242149374561 -0.874160631966852 0 -0.676888563985419 -0.0593000749029685 0 1.92629874589681 -1.70862130471907 0.249457139638 -2.26887462749559 0 
1.57142565333233 -12.8718234960324 1.68475647714676 0 2.43449173133564 0 -4.17879500686135 -0.0771754043536146 18.1124276659044 -3.50348348256828 14.3290552097974 -1.49777657787212 1.48228125156941 0 1.68480070321113 0.495501579947538 0 1.78570482816813 1.32666692572025 -0.0927300444304617 0.594697144159441 4.51637977013196 -17.7299109090725 -13.8402736158298 9.87204888857531 14.9860957893478 0 -2.05287800014619 19.3847518097305 1.58678779503647 -2.44195183666514 -0.874160631966852 0 0.41138055101567 -0.396543582648292 0 -1.77855653046097 -1.9524874333071 0.581065051635292 -0.462485380686114 -0.044609132243604 
1.57142565333233 -19.6061065236368 5.75512571609818 8.0834817620383 -0.345942022742677 0 4.38923053703701 -0.768191344718538 0.0801325910399354 -4.15330321290684 14.3290552097974 -0.699111080644238 0.75899016615422 0.516109605541504 0.586827653109481 0.495501579947538 0.769869860061384 0.944668250719397 0.45396995378843 -0.23796808953768 -0.11987647643307 4.51637977013196 0 4.4710669780481 0 14.9860957893478 16.1897039697458 17.3993106021543 19.3847518097305 2.10716439320574 9.71817587954838 -0.874160631966852 0 -0.676888563985419 0 0 1.77874588700884 -1.70862130471907 0.581065051635292 0.031732575051362 0.288980994852717 
2.56962366136775 -19.6061065236368 -0.223519362240806 3.23005655930846 9.92576415565599 21.2687917057279 10.3223563201364 -0.0771754043536146 19.3124487819674 0 14.3290552097974 -0.699111080644238 0.024680209804643 1.20186968389986 -1.67991403906602 0.366502849043581 -0.354072984398377 1.78570482816813 1.21922591098548 1.456729500078 0.42169452054505 4.51637977013196 0 0 11.1467071403268 -9.44131235542768 17.6326684363338 17.3993106021543 0 -22.9737566015095 9.71817587954838 -0.874160631966852 -0.37509373790356 -0.667678957184627 0.106590449701338 -1.64466012438976 1.46405320403355 -1.70862130471907 0.160673894062952 -1.19944022912506 0.892010547636082 
2.571571100989 -9.6165230449366 -12.6065675134801 0.952987267334474 0 17.3482750343849 3.84524594240135 12.7032875608202 -4.1896875976304 -1.90690950742313 14.3290552097974 0.595608745978963 0 0 0.860422585560206 0 0 0 -0.546306551171609 -0.901204284895772 0.594697144159441 4.51637977013196 -17.7299109090725 -16.539486076934 -17.7115514211876 14.9860957893478 0.449548227106942 0 20.1175014624686 18.4724600017641 17.4242149374561 -0.874160631966852 0 0 -1.52048759140097 0 -1.8190428004456 -0.699646122753455 0.581065051635292 1.74054222448754 0 
1.57142565333233 -12.8718234960324 5.98707973304534 0 9.0056994075215 0 -3.12945835729104 0.342109395816042 18.1124276659044 0.617433711987656 18.0017163031743 -1.49777657787212 0.446507904886505 0 -0.619922678596304 0.495501579947538 0 1.78570482816813 1.32666692572025 -0.263169920194508 0.594697144159441 17.8765355828575 13.8948257145913 -13.8402736158298 7.11130042519015 15.718997639799 0 -5.2654227128557 18.5343008774958 1.56924623175023 12.1851239914937 0.317181885650932 0 0.41138055101567 -0.263426238784299 0.368912837034516 -2.13924252413644 -2.68367678091101 0 0 0.892010547636082 
2.56793731455563 -9.6165230449366 0 3.23005655930846 -0.345942022742677 17.3482750343849 3.82697485749469 -0.0771754043536146 18.1124276659044 0 14.3290552097974 0.595608745978963 0.420435208101028 0.418197423926646 0.586827653109481 0 0.867401597927046 1.78570482816813 1.32666692572025 -0.263169920194508 0.594697144159441 0 0.81181829425591 -2.8712082465278 5.4091972417241 -18.7414049910109 18.96162224494 0 1.03424918886006 6.5681496810951 13.5468737937263 1.97945172897515 -0.12078988608941 -0.667678957184627 0 0.0703606859223734 2.29791148500885 1.44560278740041 0 0 0 
2.56772166286727 -9.74546863611111 1.68475647714676 0 9.0056994075215 0 -4.17879500686135 -0.0771754043536146 13.9025432355248 0.617433711987656 18.0017163031743 -1.49777657787212 1.48228125156941 0 -0.619922678596304 0.495501579947538 0 1.78570482816813 1.11344635326576 -0.263169920194508 0.594697144159441 1.6179865369657 13.8948257145913 -13.8402736158298 7.11130042519015 15.718997639799 -1.88031982613277 0 16.864833427763 1.56924623175023 -2.44195183666514 2.41127853459272 0 0.41138055101567 -0.263426238784299 0.368912837034516 -1.81739824908664 -0.699646122753455 1.56864669752244 0 -0.044609132243604 
2.57062417742946 -12.8718234960324 1.68475647714676 0 -0.345942022742677 0 -4.17879500686135 -0.0771754043536146 13.9025432355248 0 19.3116124325952 -1.49777657787212 1.48228125156941 0 0.586827653109481 0.495501579947538 0 1.78570482816813 1.11344635326576 -0.263169920194508 0.804120991008413 -19.5178733018776 13.8948257145913 -13.8402736158298 5.4091972417241 15.718997639799 0 0 16.8897912313416 1.56924623175023 0 0.230423162519198 0 0.41138055101567 0 0.368912837034516 -1.81739824908664 -0.699646122753455 0.581065051635292 0 -0.735144111949552 
2.56750516746731 -15.1649440523074 2.13387962721003 8.0834817620383 0 21.2687917057279 3.84524594240135 -0.0771754043536146 19.3124487819674 -3.50348348256828 -4.84609227548171 -0.667015781936709 0 0.516109605541504 0.860422585560206 0.366502849043581 0 1.78570482816813 1.21922591098548 -0.0927300444304617 0.114158083537667 4.51637977013196 -17.7299109090725 4.4710669780481 9.08221915638178 12.2200231809728 17.6326684363338 17.3993106021543 0 -18.8818193501243 10.1488235078514 -0.874160631966852 0 -0.676888563985419 -0.0593000749029685 0 1.46405320403355 -1.70862130471907 0.249457139638 -1.56857905900505 0.288980994852717 
2.56728782341509 -9.6165230449366 3.94357362014408 -10.3638491455297 0 -1.08082340018862 3.84524594240135 12.7032875608202 1.18992964191825 0 15.2766814170762 0.595608745978963 0 0 0.860422585560206 0.495501579947538 0 0 -0.214771262060279 1.55277195365763 0.591217487878733 -17.9936584914074 13.8948257145913 0 -13.1164008998854 8.32330224701357 0 17.3993106021543 0 18.4724600017641 0 -1.77381643269854 0.154148438924061 -0.30580772753144 0 -0.15581531693964 -1.81739824908664 -1.70862130471907 0.855582403072893 1.74054222448754 -0.044609132243604 
2.40340956757692 -9.6165230449366 3.94357362014408 0 0 -1.08082340018862 3.84524594240135 12.7032875608202 1.18992964191825 1.34647968020126 14.5416495106843 0.595608745978963 0 0 0.860422585560206 0.495501579947538 0 0 -0.263255857053798 0.566670272646784 0.594697144159441 4.51637977013196 13.8948257145913 0 -13.1164008998854 8.32330224701357 0 17.3993106021543 19.3847518097305 11.2722498214674 4.07262861163943 -0.874160631966852 0.154148438924061 -0.30580772753144 0 -0.15581531693964 -1.81739824908664 -1.70862130471907 0.581065051635292 0.796011826021602 -0.044609132243604 
2.38763067154862 -9.6165230449366 5.98707973304534 0.0613517483050711 0 17.3482750343849 5.24034695664437 2.77723446617705 -4.1896875976304 -1.90690950742313 14.3290552097974 0.595608745978963 0.446507904886505 -0.237615728470318 0.828666320130539 0 -0.525177757453722 -0.0900088604958769 0.0822400436514243 -0.901204284895772 0.594697144159441 4.51637977013196 -17.7299109090725 -16.539486076934 0 14.9860957893478 0.449548227106942 0 18.2493584412147 0 9.71817587954838 -0.874160631966852 0 -0.792572156522689 2.26721421987154 0 -1.8190428004456 -0.699646122753455 1.47780048218919 -0.462485380686114 0.288980994852717 
1.57142565333233 -7.63674082832259 5.98707973304534 0.952987267334474 0 17.3482750343849 0 2.77723446617705 0.0801325910399354 -1.90690950742313 14.3290552097974 -0.133734857036608 0.446507904886505 0 0.828666320130539 -0.147850555320201 1.01342390617981 -0.0900088604958769 0.45396995378843 -0.901204284895772 0.594697144159441 7.94748337480588 -17.7299109090725 -16.539486076934 3.02158214278593 12.2665151702317 0 18.0625698732969 0 2.7954618366414 17.4242149374561 -0.874160631966852 0 0 0.215495761137221 -0.628776976991806 -1.81739824908664 -1.02107509152082 0.249457139638 0.553196894369645 0 
0 -9.6165230449366 2.13387962721003 0 0 -0.206336836054147 3.84524594240135 12.7032875608202 -7.36784706104912 0 14.3290552097974 0.595608745978963 0 0 0.860422585560206 1.09882860698683 0.551798150181676 0 0.0822400436514243 0 0.594697144159441 4.51637977013196 -17.7299109090725 0 0 14.9860957893478 -1.10360574545507 17.3993106021543 21.1118648933069 0 17.4242149374561 -0.874160631966852 0 -0.30580772753144 2.26721421987154 0.816556270670405 -1.07999967299402 -1.70862130471907 -0.522995339707935 -0.462485380686114 0 
2.33966706958962 -9.6165230449366 2.45638438973407 1.40910596987657 0 0 3.84524594240135 12.7032875608202 2.63063078889653 0 14.3290552097974 0.595608745978963 -0.731484372127561 0 0.860422585560206 0.577306153405135 0 0 0.636881039434523 0 0.594697144159441 4.51637977013196 -17.7299109090725 -16.5850135650416 0 7.20691330647418 17.6326684363338 17.3993106021543 16.2473004009562 0 17.4242149374561 -0.874160631966852 0 -0.0707014139139566 2.26721421987154 -0.221321241404545 1.46405320403355 -1.70862130471907 0.461214881078906 -0.462485380686114 0 
2.31635129524355 -8.20008195107807 -12.6065675134801 14.2524333333841 0 3.11781161430656 -0.778770001036473 -1.26443329754492 7.17129616400753 0 14.3290552097974 1.09673194805939 -0.539393036509581 0 0.684997031141537 0.495501579947538 1.01342390617981 0.103233621894956 1.27771223947765 1.55277195365763 0.594697144159441 4.51637977013196 15.9200203152699 0.58477505190986 -17.7115514211876 -12.5584815221645 16.4908605525693 15.8907709634354 0 18.4724600017641 9.71817587954838 -0.874160631966852 -0.164031887494042 -0.960433059218541 -1.52048759140097 -1.64466012438976 2.16036358673142 -1.4517230792957 0.0967945445733119 1.74054222448754 0.892010547636082 
2.28939567251679 -8.20008195107807 -12.6065675134801 14.2524333333841 0 3.11781161430656 3.84524594240135 14.3219155197134 7.17129616400753 0 14.3290552097974 1.09673194805939 0 -0.484705096802071 0.860422585560206 0.824546157114462 0 -0.582755150498243 1.27771223947765 1.55277195365763 0.594697144159441 4.51637977013196 -17.7299109090725 4.07105408069727 -17.7115514211876 -12.5584815221645 20.4858299084407 18.0625698732969 0 18.4724600017641 17.4242149374561 -0.874160631966852 0 -1.48528664331664 -1.52048759140097 -1.23458623270718 2.16036358673142 -1.61282816258856 0.0967945445733119 1.74054222448754 0 
1.57142565333233 -9.6165230449366 2.45638438973407 0 0 21.2687917057279 3.8071560586836 12.7032875608202 19.9770825323309 2.84413004202961 14.3290552097974 0.595608745978963 -0.731484372127561 0 0.860422585560206 0.366502849043581 0 0 1.21922591098548 0.88817023583137 0.594697144159441 4.51637977013196 -17.7299109090725 -16.539486076934 0 10.4952098105546 17.6326684363338 17.3993106021543 16.2473004009562 0 17.4242149374561 -0.874160631966852 0 0 2.26721421987154 0 1.46405320403355 -1.70862130471907 0.461214881078906 -0.462485380686114 0 
1.57142565333233 -9.6165230449366 3.94357362014408 8.0834817620383 0 0 3.84524594240135 2.77723446617705 18.1124276659044 -1.90690950742313 14.3290552097974 0.595608745978963 0 0.516109605541504 0.828666320130539 0.495501579947538 0 -0.0900088604958769 1.32666692572025 -0.901204284895772 0.594697144159441 4.51637977013196 13.8948257145913 4.4710669780481 2.37566467131286 10.4952098105546 0 0 18.2493584412147 18.4724600017641 9.71817587954838 -0.874160631966852 0.154148438924061 -0.676888563985419 2.46360272346232 0 -1.81739824908664 -0.699646122753455 1.47780048218919 1.74054222448754 0.288980994852717 
0 -9.6165230449366 1.68475647714676 -0.901878914936389 7.54104370602455 0 2.82187173304701 12.7032875608202 2.06952411451821 -0.307268424195828 14.3290552097974 0.595608745978963 1.48228125156941 1.47072999340982 0 0.495501579947538 0.79409043040317 0 0.0348374208783905 -0.560845573437794 -0.11987647643307 17.8765355828575 13.8948257145913 3.66646036788191 -13.1164008998854 10.4952098105546 3.13085404973517 13.0460968488111 0 -4.26174541980109 9.05416622536917 0.317181885650932 0 -0.639387376969395 0 0 -1.81739824908664 -1.54860505999467 0.855582403072893 0.332326029051247 0.892010547636082 
1.57142565333233 -9.6165230449366 5.75512571609818 3.23005655930846 0 17.3482750343849 3.25965032096005 12.7032875608202 18.1124276659044 -3.50348348256828 -4.84609227548171 0.595608745978963 0.75899016615422 1.20186968389986 0.860422585560206 0.63294987549677 0.673385718433832 0 1.28892389337482 -0.0927300444304617 -0.555537694387854 4.51637977013196 0 4.4710669780481 -17.7115514211876 14.9860957893478 18.96162224494 0 19.3847518097305 4.67555759729611 13.5468737937263 -0.874160631966852 0 -0.676888563985419 -1.52048759140097 0.269487318838708 2.29791148500885 1.44560278740041 0.581065051635292 0.113436269067897 0 
1.57142565333233 -15.1649440523074 1.68475647714676 5.00111400215007 0 17.3482750343849 3.84524594240135 2.77723446617705 -0.357800263053644 0 -14.2017478096307 -0.381027996642994 1.48228125156941 0.312971982188975 0.860422585560206 0 0 -0.0900088604958769 -0.0173600421740488 1.55277195365763 0 0 0 4.4710669780481 -13.1164008998854 10.4952098105546 17.6326684363338 15.5783101790484 0 7.65148613958223 0 1.97945172897515 0 -0.676888563985419 0 0 1.46405320403355 -1.54860505999467 0.249457139638 0 -0.044609132243604 
1.57142565333233 -8.20008195107807 -12.6065675134801 0 0 3.73125613377488 3.84524594240135 12.7032875608202 8.60292515596511 0 14.3290552097974 1.09673194805939 0 1.47072999340982 0.860422585560206 1.32335116720914 0 0 0.632752789986671 1.55277195365763 0.594697144159441 4.51637977013196 2.93969178709187 0.58477505190986 -17.7115514211876 13.0024174940784 18.96162224494 18.0625698732969 0 -1.55922105608472 17.4242149374561 -0.874160631966852 0 -0.960433059218541 -1.52048759140097 1.06894400299943 2.29791148500885 -1.61282816258856 0.858990053389682 0.031732575051362 0 
1.57142565333233 -8.20008195107807 -12.6065675134801 14.2524333333841 17.4451060860628 3.11781161430656 6.6871286737207 12.7032875608202 18.1124276659044 0 14.3290552097974 1.09673194805939 0 0 1.11915983826349 0.824546157114462 -0.696164498392569 0 1.28892389337482 0 0.594697144159441 0 -17.7299109090725 0.58477505190986 -17.7115514211876 10.4952098105546 18.96162224494 0 -0.319663982870832 18.4724600017641 13.5468737937263 1.97945172897515 0 -0.960433059218541 -1.52048759140097 0 2.56204791107776 1.44560278740041 0.886331409572778 1.74054222448754 0 
1.57142565333233 -9.6165230449366 4.06801393067837 0 0 0 3.84524594240135 12.7032875608202 18.1124276659044 0 14.3290552097974 0.595608745978963 0.388268914049616 0 0.860422585560206 0.495501579947538 0 0 1.28892389337482 0 0.594697144159441 4.51637977013196 -13.7101314514457 0 9.08221915638178 14.9860957893478 18.96162224494 -2.05287800014619 19.3847518097305 1.58678779503647 13.5468737937263 -0.874160631966852 0 -0.667678957184627 -0.0593000749029685 0 2.29791148500885 -1.9524874333071 0.581065051635292 -0.462485380686114 0 
1.57142565333233 -15.1649440523074 -0.621884834776579 5.00111400215007 -0.345942022742677 17.3482750343849 3.84524594240135 2.77723446617705 4.1790771342018 5.85671568562124 14.3290552097974 -0.667015781936709 0.024680209804643 0.312971982188975 0.586827653109481 0 0 -0.0900088604958769 -0.263255857053798 1.36826732259629 0.594697144159441 -10.7386995284766 18.0271887163758 4.4710669780481 -13.1164008998854 -9.44131235542768 0 0 14.9480065784641 2.10716439320574 -2.44195183666514 -0.523611902149213 0.783755584724133 -0.676888563985419 0 -1.64466012438976 -1.81739824908664 -0.699646122753455 0.432164512869047 0.031732575051362 -0.044609132243604 
1.57142565333233 -9.6165230449366 -12.6065675134801 0 17.4451060860628 -1.08082340018862 5.93959888254274 12.7032875608202 0 0 14.3290552097974 0.595608745978963 0 0 1.76842868596708 0.495501579947538 0 0 -0.263255857053798 1.55277195365763 0.594697144159441 4.51637977013196 13.8948257145913 -3.84543605327859 -13.1164008998854 10.4952098105546 -1.55459218712272 17.3993106021543 19.3847518097305 7.65148613958223 0 -0.874160631966852 0 -1.90735403723426 0 0 -1.81739824908664 -1.70862130471907 0.581065051635292 0 -0.044609132243604 
0 -15.1649440523074 -12.6065675134801 -10.3638491455297 -3.19660595608717 21.2687917057279 10.3223563201364 19.0058825253536 0 -3.50348348256828 -4.84609227548171 -0.667015781936709 0 0 0.860422585560206 0.366502849043581 -0.354072984398377 0 -0.263255857053798 -0.0927300444304617 -0.555537694387854 -7.97975425980042 13.8948257145913 4.4710669780481 8.59383487263407 10.4952098105546 17.6326684363338 17.3993106021543 19.3847518097305 7.65148613958223 12.1851239914937 0 0 -0.676888563985419 -0.0593000749029685 0 1.92629874589681 -1.70862130471907 0.581065051635292 0 0.892010547636082 
1.57142565333233 -9.6165230449366 2.13387962721003 3.23005655930846 0 -0.201712310408108 2.82187173304701 19.0058825253536 18.1124276659044 -3.50348348256828 14.3290552097974 0.595608745978963 0 1.20186968389986 0.860422585560206 -0.283108079826044 0.79409043040317 0 1.28892389337482 -0.0927300444304617 0.594697144159441 4.51637977013196 -17.7299109090725 0 0 10.4952098105546 18.96162224494 18.0625698732969 19.3847518097305 1.58678779503647 9.05416622536917 -0.874160631966852 0 -0.667678957184627 2.26721421987154 0 2.29791148500885 -1.02107509152082 0.581065051635292 -0.462485380686114 0.892010547636082 
0.748595936178965 -19.6061065236368 1.68475647714676 1.49936522436299 13.434979332278 0 -4.17879500686135 -0.0771754043536146 13.9025432355248 0.617433711987656 0 -0.699111080644238 1.48228125156941 -0.170722709545271 2.32783074833352 0.495501579947538 0 1.78570482816813 1.11344635326576 -0.263169920194508 0 4.51637977013196 13.8948257145913 -17.5162492414546 0 15.718997639799 -1.88031982613277 0 19.3847518097305 -18.8818193501243 14.5378714867578 -0.874160631966852 0 1.02115804839002 0 0.368912837034516 -1.81739824908664 -0.699646122753455 0.581065051635292 -1.56857905900505 -0.85473623539076 
1.57142565333233 -15.1649440523074 2.13387962721003 8.0834817620383 17.4451060860628 21.2687917057279 3.84524594240135 19.0058825253536 18.1124276659044 2.84413004202961 14.3290552097974 -0.0689235121798346 0 0.516109605541504 1.76842868596708 0.366502849043581 0 0 1.32666692572025 0.88817023583137 0.594697144159441 -7.2178659869674 13.8948257145913 4.4710669780481 -13.1164008998854 6.3460448130714 17.6326684363338 17.3993106021543 0 7.65148613958223 9.71817587954838 -0.132690675036372 0 -0.676888563985419 0 -0.198095631673045 1.46405320403355 -1.70862130471907 0.249457139638 0 0.288980994852717 
1.57142565333233 -9.6165230449366 5.75512571609818 15.6851160692447 -0.345942022742677 17.7051188946725 4.30881535255295 -0.0771754043536146 18.1124276659044 0 14.3290552097974 0.595608745978963 0.75899016615422 1.68346783317787 0.586827653109481 0.366502849043581 1.30255058522921 1.78570482816813 1.32666692572025 1.55277195365763 0.594697144159441 0 0 4.4710669780481 -17.7115514211876 -18.7414049910109 17.6326684363338 0 16.1367461253594 2.7954618366414 9.71817587954838 1.97945172897515 0 -0.676888563985419 -1.52048759140097 0.0703606859223734 0.807090895905668 1.44560278740041 0 0 0.288980994852717 
1.57142565333233 -21.9393324954386 -12.6065675134801 8.0834817620383 14.5051912815567 21.2687917057279 10.3223563201364 19.0058825253536 19.3124487819674 0 -4.84609227548171 -1.43228821664689 0 0.516109605541504 -0.278205655607491 0.366502849043581 -0.354072984398377 0 1.21922591098548 1.456729500078 -0.555537694387854 -10.5369670278099 13.8948257145913 -3.84543605327859 -13.1164008998854 -9.44131235542768 17.6326684363338 11.7135385842126 19.3847518097305 -22.9737566015095 12.1851239914937 -0.423248044617124 0 -1.90735403723426 0 -1.64466012438976 1.46405320403355 -1.0195713002093 0.581065051635292 -1.19944022912506 0.892010547636082 
1.57142565333233 -9.6165230449366 -12.6065675134801 14.2524333333841 0.0724695343396019 17.3482750343849 15.0788702420326 2.77723446617705 0.0801325910399354 -1.90690950742313 11.5799901890475 0.595608745978963 0 0 1.48790800912208 0 0.092221798418193 -0.0900088604958769 0.45396995378843 -0.901204284895772 0.405255152380679 4.51637977013196 0.944683132830394 -16.539486076934 3.02158214278593 -18.7414049910109 0 18.0625698732969 16.8897912313416 0 17.4242149374561 -0.874160631966852 0.705865813962121 0 0.215495761137221 0.0703606859223734 -1.81739824908664 -1.02107509152082 0.581065051635292 -0.462485380686114 0 
1.57142565333233 -19.6061065236368 5.75512571609818 3.23005655930846 0 3.11781161430656 2.44386011848406 3.0111231443524 7.17129616400753 0 14.3290552097974 -0.699111080644238 0.75899016615422 1.20186968389986 0.860422585560206 0.495501579947538 -2.24025220782508 -0.222603962115293 1.27771223947765 1.55277195365763 0.594697144159441 -7.97975425980042 0 0.58477505190986 -17.7115514211876 10.4952098105546 20.4858299084407 17.3993106021543 10.0467394912833 -18.8818193501243 13.5468737937263 0 0 -0.960433059218541 -1.52048759140097 0 2.16036358673142 -1.70862130471907 -0.00272511171769591 -1.56857905900505 0 
1.57142565333233 -15.1649440523074 -0.223519362240806 5.00111400215007 -0.345942022742677 17.3482750343849 10.3223563201364 2.77723446617705 0 9.7950259699463 -4.84609227548171 -0.667015781936709 0.024680209804643 0.312971982188975 0.586827653109481 0 -0.354072984398377 -0.0900088604958769 -0.263255857053798 1.36826732259629 -0.555537694387854 4.51637977013196 0 0 -13.1164008998854 -9.44131235542768 17.6326684363338 0 0 -22.9737566015095 -2.44195183666514 -0.874160631966852 -0.37509373790356 -0.667678957184627 0 -1.64466012438976 1.46405320403355 -0.699646122753455 0.160673894062952 -1.19944022912506 -0.044609132243604 
1.57142565333233 -15.1649440523074 1.68475647714676 -10.3638491455297 0 17.3482750343849 2.82187173304701 19.0058825253536 0 0 -14.2017478096307 -0.381027996642994 1.48228125156941 0 0.860422585560206 0 0.79409043040317 0 -0.263255857053798 1.55277195365763 0 -17.9936584914074 13.8948257145913 4.4710669780481 -13.1164008998854 15.718997639799 3.13085404973517 13.0460968488111 0 18.4724600017641 -4.22133633644382 -1.77381643269854 0 -0.676888563985419 0 0.368912837034516 -1.81739824908664 -1.54860505999467 0.855582403072893 1.74054222448754 -0.044609132243604 
1.57142565333233 -9.6165230449366 -12.6065675134801 14.2524333333841 0.0724695343396019 17.3482750343849 15.0788702420326 19.0058825253536 18.1124276659044 -0.307268424195828 0 0.595608745978963 0 0.557846121330674 1.48790800912208 0 0.23761765325331 0 1.32666692572025 -0.560845573437794 0 4.51637977013196 13.8948257145913 1.07730470631612 5.4091972417241 -18.7414049910109 3.13085404973517 13.0460968488111 1.03424918886006 18.4724600017641 9.05416622536917 -0.874160631966852 0 -0.951575753493968 0 0.0703606859223734 -1.81739824908664 -1.54860505999467 0 1.74054222448754 0.892010547636082 
2.34884768360237 -9.6165230449366 3.94357362014408 14.2524333333841 0 0 3.84524594240135 12.7032875608202 2.63063078889653 0 14.3290552097974 0.595608745978963 0 0 0.860422585560206 0.495501579947538 0 0 0.636881039434523 0 0.594697144159441 4.51637977013196 -17.7299109090725 0.58477505190986 -17.7115514211876 7.20691330647418 13.4998314276337 0 0 0 17.4242149374561 -0.874160631966852 0 -0.960433059218541 -1.52048759140097 -0.221321241404545 0.831472883835189 -0.699646122753455 0.249457139638 -0.462485380686114 0 
2.85296702945728 -9.6165230449366 2.13387962721003 0.952987267334474 0 0 2.82187173304701 12.7032875608202 2.06952411451821 -3.50348348256828 14.3290552097974 0.595608745978963 0 0 0.860422585560206 0.495501579947538 0.79409043040317 0 0.0348374208783905 -0.0927300444304617 0.594697144159441 4.51637977013196 13.8948257145913 4.4710669780481 0 10.4952098105546 0 0 19.3847518097305 4.67555759729611 13.5468737937263 -0.874160631966852 0 -0.676888563985419 2.26721421987154 0 -1.77855653046097 1.44560278740041 0.581065051635292 0.113436269067897 0 
1.57142565333233 -9.6165230449366 5.75512571609818 -1.42875629916264 0 0 3.84524594240135 12.7032875608202 1.18992964191825 2.84413004202961 14.3290552097974 0.595608745978963 0.75899016615422 0 0.860422585560206 0.495501579947538 0 0 -0.263255857053798 0.88817023583137 0.594697144159441 4.51637977013196 0 0 5.4091972417241 10.4952098105546 0 17.3993106021543 10.0467394912833 7.65148613958223 0 -0.874160631966852 -0.12078988608941 -0.824825962062378 0 0 -1.81739824908664 -1.70862130471907 -0.00272511171769591 0 -0.044609132243604 
2.56962366136775 -19.6061065236368 -12.6065675134801 8.0834817620383 0 0 3.84524594240135 -0.0771754043536146 19.3124487819674 0 14.3290552097974 -0.699111080644238 0 0.516109605541504 0.828666320130539 0.495501579947538 0 1.78570482816813 1.21922591098548 1.55277195365763 0.594697144159441 4.51637977013196 0 0.546975062460161 -13.1164008998854 -9.44131235542768 17.6326684363338 0 18.2493584412147 7.65148613958223 9.71817587954838 -0.874160631966852 0 -0.794477282801865 0 -1.64466012438976 1.46405320403355 -0.699646122753455 1.47780048218919 0.627150817041821 0.288980994852717 
2.57036047570913 -9.6165230449366 2.13387962721003 14.2524333333841 0.0724695343396019 17.3482750343849 15.0788702420326 -0.0771754043536146 18.1124276659044 -3.50348348256828 14.3290552097974 0.595608745978963 0 0.557846121330674 1.48790800912208 0 0.23761765325331 1.78570482816813 1.32666692572025 -0.0927300444304617 0.594697144159441 4.51637977013196 13.8948257145913 5.43270056668329 0 -18.7414049910109 2.62567526075322 13.0460968488111 0 1.58678779503647 9.05416622536917 -0.874160631966852 0 -0.230153424074013 2.26721421987154 0.0703606859223734 -1.77855653046097 -1.54860505999467 0.855582403072893 -0.462485380686114 0.892010547636082 
1.57142565333233 -9.6165230449366 1.68475647714676 0 7.54104370602455 0 2.82187173304701 12.7032875608202 1.18992964191825 -0.307268424195828 14.3290552097974 0.595608745978963 1.48228125156941 1.47072999340982 0 0.495501579947538 0.79409043040317 0 0.510160379144438 -0.560845573437794 -0.11987647643307 4.51637977013196 13.8948257145913 5.43270056668329 -13.1164008998854 10.4952098105546 3.13085404973517 13.0460968488111 0 7.65148613958223 9.05416622536917 -0.874160631966852 0 -0.230153424074013 0 0 -1.81739824908664 -1.54860505999467 0.855582403072893 0 0.892010547636082 
1.57142565333233 -19.6061065236368 5.75512571609818 3.23005655930846 14.5051912815567 21.2687917057279 10.3223563201364 19.0058825253536 19.3124487819674 2.84413004202961 -4.84609227548171 -0.699111080644238 0.75899016615422 1.20186968389986 -0.278205655607491 0.366502849043581 -0.354072984398377 0 1.21922591098548 0.88817023583137 -0.555537694387854 -7.97975425980042 0 4.4710669780481 -13.1164008998854 -9.44131235542768 17.6326684363338 11.7135385842126 10.0467394912833 -22.9737566015095 12.1851239914937 0 0 -0.676888563985419 0 -1.64466012438976 1.46405320403355 -1.0195713002093 -0.00272511171769591 -1.19944022912506 0.892010547636082 
1.57142565333233 -9.6165230449366 -12.6065675134801 14.2524333333841 0 0 15.0788702420326 2.77723446617705 0.0801325910399354 -1.90690950742313 14.3290552097974 0.595608745978963 0 0 0.828666320130539 0.495501579947538 0.694511606751248 -0.0900088604958769 0.45396995378843 -0.901204284895772 0.594697144159441 4.51637977013196 0.944683132830394 -16.539486076934 0 -18.7414049910109 0 18.0625698732969 16.8897912313416 0 17.4242149374561 -0.874160631966852 0.705865813962121 0 2.26721421987154 0.0703606859223734 -1.81739824908664 -1.02107509152082 0.581065051635292 -0.462485380686114 0 
1.57142565333233 -9.6165230449366 3.94357362014408 0 0 21.2687917057279 3.84524594240135 19.0058825253536 19.9770825323309 0 14.3290552097974 0.595608745978963 0 -0.350463444455743 0.860422585560206 0.366502849043581 0 0 1.21922591098548 0 0.594697144159441 4.51637977013196 -17.7299109090725 4.75644002943599 0 10.4952098105546 -3.12560128356591 13.0460968488111 16.2473004009562 7.65148613958223 0 -0.874160631966852 0 -0.388893530442796 2.26721421987154 0 -1.89486798821709 -1.54860505999467 0.461214881078906 0 -0.044609132243604 
2.56988634506748 -19.6061065236368 5.75512571609818 8.0834817620383 0 0 3.82697485749469 -0.0771754043536146 19.9770825323309 0 14.3290552097974 -0.699111080644238 0.75899016615422 0.516109605541504 0.860422585560206 0.495501579947538 0.867401597927046 1.78570482816813 1.21922591098548 1.55277195365763 0.42169452054505 0 -1.87978522269045 0.546975062460161 5.4091972417241 -9.44131235542768 18.96162224494 17.3993106021543 16.2473004009562 2.7954618366414 12.1851239914937 1.97945172897515 -0.23258512202305 -0.794477282801865 0 -1.64466012438976 2.29791148500885 -1.70862130471907 0.461214881078906 0 0.892010547636082 
0 -9.6165230449366 5.75512571609818 8.0834817620383 0 0 2.82187173304701 -0.0771754043536146 2.06952411451821 -0.307268424195828 0.00548789510758961 0.595608745978963 0.75899016615422 0.516109605541504 0.860422585560206 0.495501579947538 0.79409043040317 1.78570482816813 0.0348374208783905 -0.560845573437794 0.0792690660940805 4.51637977013196 0 4.4710669780481 0 10.4952098105546 17.6326684363338 13.0460968488111 19.3847518097305 -18.8818193501243 8.2639131323732 -0.874160631966852 0 -0.676888563985419 2.26721421987154 0 1.46405320403355 -1.54860505999467 0.581065051635292 -1.56857905900505 0.517703443094019 
2.56841277967297 -15.1649440523074 2.13387962721003 0 0 21.2687917057279 3.84524594240135 -0.0771754043536146 19.3124487819674 2.84413004202961 -4.84609227548171 -0.667015781936709 0 0 0.860422585560206 0.366502849043581 0 1.78570482816813 1.21922591098548 0.88817023583137 -0.555537694387854 4.51637977013196 -17.7299109090725 -16.539486076934 0 12.2200231809728 17.6326684363338 17.3993106021543 0 -18.8818193501243 17.4242149374561 -0.874160631966852 0 0 2.26721421987154 0 1.46405320403355 -1.70862130471907 0.249457139638 -1.56857905900505 0 
2.56772166286727 -12.8718234960324 1.68475647714676 0 0 0 -4.17879500686135 -0.0771754043536146 13.9025432355248 -3.50348348256828 14.3290552097974 -1.49777657787212 1.48228125156941 0 0.860422585560206 0.495501579947538 0 1.78570482816813 1.11344635326576 -0.0927300444304617 0.594697144159441 -19.5178733018776 -17.7299109090725 -13.8402736158298 7.11130042519015 14.9860957893478 0 0 19.3847518097305 1.58678779503647 -2.44195183666514 0.230423162519198 0 0.41138055101567 -0.263426238784299 0 -1.81739824908664 -0.699646122753455 0.581065051635292 -0.462485380686114 -0.044609132243604 
1.57142565333233 -8.20008195107807 5.75512571609818 0 -0.345942022742677 3.73125613377488 3.84524594240135 12.7032875608202 0.0801325910399354 -4.15330321290684 14.3290552097974 1.09673194805939 0.75899016615422 1.47072999340982 0.586827653109481 1.32335116720914 0 0 0.45396995378843 -0.23796808953768 -0.11987647643307 4.51637977013196 0 0.58477505190986 0 14.9860957893478 18.96162224494 17.3993106021543 19.3847518097305 -1.55922105608472 17.4242149374561 -0.874160631966852 0 -0.960433059218541 0 0 2.29791148500885 -1.70862130471907 0.581065051635292 0.031732575051362 0 
0 -9.6165230449366 -12.6065675134801 3.23005655930846 0.0724695343396019 0 10.3223563201364 -1.22556420407517 19.3124487819674 0 14.3290552097974 0.595608745978963 0 1.20186968389986 1.48790800912208 0.495501579947538 -0.354072984398377 2.59864275886614 1.21922591098548 -0.263169920194508 0.594697144159441 4.51637977013196 0.944683132830394 0 11.1467071403268 -9.44131235542768 0 17.3993106021543 16.8897912313416 -22.9737566015095 9.71817587954838 -0.874160631966852 0.705865813962121 -0.667678957184627 -0.570597991659584 -1.64466012438976 -1.81739824908664 -1.70862130471907 0.581065051635292 -1.19944022912506 0.892010547636082 
2.41709469847033 -9.6165230449366 3.94357362014408 0.952987267334474 0 -1.08082340018862 3.84524594240135 12.7032875608202 -4.1896875976304 1.34647968020126 14.3290552097974 0.595608745978963 0 0 0.860422585560206 0.495501579947538 0 0 0.0822400436514243 0.566670272646784 0.594697144159441 4.51637977013196 13.8948257145913 0 -13.1164008998854 14.9860957893478 0 0 19.3847518097305 11.2722498214674 0 -0.874160631966852 0.154148438924061 -0.30580772753144 0 0 -1.81739824908664 -0.699646122753455 0.581065051635292 0.796011826021602 -0.044609132243604 
1.57142565333233 -9.6165230449366 3.94357362014408 0 9.0056994075215 0 3.84524594240135 -0.0771754043536146 1.18992964191825 0.617433711987656 18.0017163031743 0.595608745978963 0 0 -0.619922678596304 0.495501579947538 -0.25832338604998 1.78570482816813 0.510160379144438 -0.263169920194508 0.594697144159441 4.51637977013196 13.8948257145913 -13.8402736158298 7.11130042519015 15.718997639799 0 13.6409616987412 18.5343008774958 1.56924623175023 0 -0.874160631966852 0 0.41138055101567 -0.263426238784299 0.368912837034516 -2.13924252413644 -1.54860505999467 0 0 -0.044609132243604 
1.57142565333233 -9.6165230449366 0 3.23005655930846 0 0 3.82697485749469 2.77723446617705 18.1124276659044 -1.90690950742313 14.3290552097974 0.595608745978963 0.420435208101028 0.418197423926646 0.828666320130539 0.495501579947538 0.867401597927046 -0.0900088604958769 1.32666692572025 -0.901204284895772 0.594697144159441 0 0.81181829425591 -2.8712082465278 5.4091972417241 -18.7414049910109 18.96162224494 0 1.03424918886006 18.4724600017641 9.71817587954838 1.97945172897515 -0.12078988608941 -0.667678957184627 0 0.0703606859223734 2.29791148500885 -0.699646122753455 0 1.74054222448754 0.288980994852717 
2.56772166286727 -12.8718234960324 1.68475647714676 0 -0.345942022742677 0 -4.17879500686135 -0.0771754043536146 13.9025432355248 0 18.0017163031743 -1.49777657787212 1.48228125156941 0 0.586827653109481 0.495501579947538 0 1.78570482816813 1.11344635326576 -0.263169920194508 0.594697144159441 -19.5178733018776 13.8948257145913 -13.8402736158298 7.11130042519015 15.718997639799 0 0 16.8897912313416 1.56924623175023 0 0.230423162519198 0 0.41138055101567 -0.263426238784299 0.368912837034516 -1.81739824908664 -0.699646122753455 0.581065051635292 0 -0.044609132243604 
2.56772166286727 -12.8718234960324 1.68475647714676 0 -0.345942022742677 0 3.84524594240135 -0.0771754043536146 13.9025432355248 0 14.3290552097974 -1.49777657787212 1.48228125156941 0 0.586827653109481 0.577306153405135 0 1.78570482816813 1.11344635326576 0 0.594697144159441 -19.5178733018776 13.8948257145913 -13.8402736158298 5.4091972417241 7.20691330647418 0 17.3993106021543 16.8897912313416 0 17.4242149374561 0.230423162519198 0 0.41138055101567 0 -0.221321241404545 -1.81739824908664 -1.70862130471907 0.581065051635292 -0.462485380686114 0 
1.57142565333233 -15.1649440523074 3.9139742347244 0 0 21.2687917057279 3.84524594240135 19.0058825253536 19.3124487819674 -3.50348348256828 -4.84609227548171 -0.667015781936709 0 -0.350463444455743 0.860422585560206 0.366502849043581 -0.25832338604998 0 1.21922591098548 -0.0927300444304617 -0.555537694387854 4.51637977013196 -17.7299109090725 4.4710669780481 9.08221915638178 10.4952098105546 17.6326684363338 13.0460968488111 0 7.65148613958223 0 -0.874160631966852 0 -0.676888563985419 -0.0593000749029685 0 1.46405320403355 -1.54860505999467 0.249457139638 0 -0.044609132243604 
1.57142565333233 -9.6165230449366 3.94357362014408 -10.3638491455297 0 -1.08082340018862 -0.778770001036473 -0.884963926339971 7.17129616400753 0 15.2766814170762 0.595608745978963 0 0 0.860422585560206 0.495501579947538 1.01342390617981 0.678453534226144 1.27771223947765 1.55277195365763 0.591217487878733 -17.9936584914074 13.8948257145913 0 -17.7115514211876 -12.5584815221645 16.4908605525693 17.3993106021543 0 18.4724600017641 9.71817587954838 -1.77381643269854 0.154148438924061 -0.30580772753144 -1.52048759140097 -1.64466012438976 2.16036358673142 -1.70862130471907 0.0967945445733119 1.74054222448754 0.892010547636082 
1.57142565333233 -19.6061065236368 3.94357362014408 0 0 -1.08082340018862 10.3223563201364 19.0058825253536 1.18992964191825 1.34647968020126 14.3290552097974 -0.699111080644238 0 0 0.860422585560206 0.495501579947538 -0.354072984398377 0 -0.263255857053798 0.566670272646784 0.594697144159441 -7.97975425980042 13.8948257145913 -3.84543605327859 -13.1164008998854 -9.44131235542768 17.6326684363338 11.7135385842126 19.3847518097305 11.2722498214674 0 0 0 -1.90735403723426 0 -1.64466012438976 1.46405320403355 -1.0195713002093 0.581065051635292 0.796011826021602 -0.044609132243604 
1.57142565333233 -15.1649440523074 5.98707973304534 8.0834817620383 17.4451060860628 17.3482750343849 5.24034695664437 19.0058825253536 -4.1896875976304 2.84413004202961 14.3290552097974 -0.0689235121798346 0.446507904886505 0.516109605541504 1.76842868596708 0 -0.525177757453722 0 0.0822400436514243 0.88817023583137 0.594697144159441 4.51637977013196 13.8948257145913 4.4710669780481 0 14.9860957893478 17.6326684363338 0 0 0 9.71817587954838 -0.874160631966852 0 -0.676888563985419 2.26721421987154 0 1.46405320403355 -0.699646122753455 0.249457139638 -0.462485380686114 0.288980994852717 
2.38376827208895 -9.6165230449366 5.98707973304534 0.952987267334474 0 17.3482750343849 3.84524594240135 12.7032875608202 0.0801325910399354 -1.90690950742313 14.3290552097974 0.595608745978963 0.446507904886505 0 0.860422585560206 -0.147850555320201 0 0 0.45396995378843 -0.901204284895772 0.594697144159441 4.51637977013196 13.8948257145913 0 3.02158214278593 12.2665151702317 0 18.0625698732969 0 11.2722498214674 17.4242149374561 -0.874160631966852 0.154148438924061 -0.30580772753144 0.215495761137221 -0.628776976991806 -1.81739824908664 -1.02107509152082 0.249457139638 0.796011826021602 0 
2.57009741187275 -19.6061065236368 5.75512571609818 0 -0.345942022742677 0 3.84524594240135 -0.768191344718538 0.0801325910399354 -4.15330321290684 14.3290552097974 -0.699111080644238 0.75899016615422 0 0.586827653109481 0.495501579947538 0.551798150181676 0.944668250719397 0.45396995378843 -0.23796808953768 0.594697144159441 4.51637977013196 0 0 0 14.9860957893478 -1.10360574545507 17.3993106021543 19.3847518097305 0 9.71817587954838 -0.874160631966852 0 -0.30580772753144 0 0 -1.07999967299402 -1.70862130471907 0.581065051635292 -0.462485380686114 0.288980994852717 
2.33966706958962 -9.6165230449366 3.94357362014408 0 0 0 3.84524594240135 12.7032875608202 2.63063078889653 -1.90690950742313 14.3290552097974 0.595608745978963 0 0 0.828666320130539 0.577306153405135 0 0 0.636881039434523 -0.901204284895772 0.594697144159441 4.51637977013196 -17.7299109090725 4.4710669780481 0 7.20691330647418 17.6326684363338 17.3993106021543 16.2473004009562 0 17.4242149374561 -0.874160631966852 0 -0.676888563985419 2.26721421987154 -0.221321241404545 1.46405320403355 -1.70862130471907 0.461214881078906 -0.462485380686114 0 
1.57142565333233 -15.1649440523074 -0.223519362240806 5.00111400215007 0 3.11781161430656 3.84524594240135 -0.884963926339971 7.17129616400753 0 14.3290552097974 -0.667015781936709 0.024680209804643 0.312971982188975 0.684997031141537 0.495501579947538 0 0.678453534226144 1.27771223947765 1.55277195365763 0.594697144159441 4.51637977013196 15.9200203152699 0.58477505190986 -13.1164008998854 -12.5584815221645 0 0 14.9480065784641 2.10716439320574 9.71817587954838 -0.874160631966852 -0.164031887494042 -0.960433059218541 0 -1.64466012438976 -1.81739824908664 -0.699646122753455 0.432164512869047 0.031732575051362 0.892010547636082 
2.29623215288007 -8.20008195107807 -12.6065675134801 14.2524333333841 0 0 3.84524594240135 14.3219155197134 7.17129616400753 0 14.3290552097974 1.09673194805939 0 0 0.860422585560206 0.495501579947538 0 -0.582755150498243 1.27771223947765 1.55277195365763 0.594697144159441 4.51637977013196 -1.87978522269045 0.546975062460161 -13.1164008998854 -9.44131235542768 20.4858299084407 19.4777762421769 16.2473004009562 7.65148613958223 17.4242149374561 -0.874160631966852 -0.23258512202305 -0.794477282801865 0 -1.64466012438976 2.16036358673142 -1.46783191220268 0.461214881078906 0.627150817041821 0 
1.57142565333233 -9.6165230449366 2.45638438973407 0 0 12.7497409259201 3.84524594240135 12.7032875608202 2.06952411451821 2.84413004202961 15.2766814170762 0.595608745978963 -0.731484372127561 0 0.860422585560206 0 0 0 0.0348374208783905 0.88817023583137 0.591217487878733 4.51637977013196 13.8948257145913 5.43270056668329 0 15.718997639799 17.6326684363338 13.0460968488111 0 18.4724600017641 -4.22133633644382 -0.874160631966852 0 -0.230153424074013 2.26721421987154 0.368912837034516 1.46405320403355 -1.54860505999467 0.855582403072893 1.74054222448754 -0.044609132243604 
2.56988634506748 -9.6165230449366 1.68475647714676 8.0834817620383 0 0 -4.17879500686135 -0.0771754043536146 18.1124276659044 0.617433711987656 14.3290552097974 0.595608745978963 1.48228125156941 0.516109605541504 0.828666320130539 0.495501579947538 0 1.78570482816813 1.32666692572025 -0.263169920194508 0.594697144159441 4.51637977013196 13.8948257145913 4.4710669780481 0 15.718997639799 0 0 19.3847518097305 18.4724600017641 14.5378714867578 -0.874160631966852 0 -0.676888563985419 0 0.368912837034516 -1.81739824908664 -0.699646122753455 0.581065051635292 1.74054222448754 -0.85473623539076 
2.85377042757666 -9.6165230449366 7.30142838116802 0 7.54104370602455 0 2.82187173304701 12.7032875608202 1.18992964191825 -0.307268424195828 14.3290552097974 0.595608745978963 0.0356107136772995 1.47072999340982 0 0.495501579947538 0.79409043040317 0 -0.263255857053798 -0.560845573437794 0.594697144159441 17.8765355828575 19.5161355920677 5.43270056668329 -13.1164008998854 10.4952098105546 3.13085404973517 17.3993106021543 19.3847518097305 7.65148613958223 0 0.317181885650932 0.72311685530614 -0.230153424074013 0 0 -1.81739824908664 -1.70862130471907 0.581065051635292 0 -0.044609132243604 
1.57142565333233 -9.6165230449366 5.75512571609818 3.23005655930846 -0.345942022742677 17.3482750343849 3.25965032096005 12.7032875608202 18.1124276659044 -3.50348348256828 -4.84609227548171 0.595608745978963 0.75899016615422 1.20186968389986 0.586827653109481 0 0.673385718433832 0 1.28892389337482 -0.0927300444304617 -0.555537694387854 0 0 -2.8712082465278 5.4091972417241 14.9860957893478 18.96162224494 0 19.3847518097305 4.67555759729611 13.5468737937263 1.97945172897515 0 -0.667678957184627 0 0 2.29791148500885 1.44560278740041 0.581065051635292 0.113436269067897 0 
1.57142565333233 -15.1649440523074 1.68475647714676 5.00111400215007 0 -1.08082340018862 3.84524594240135 2.77723446617705 0 0 14.5416495106843 -0.381027996642994 1.48228125156941 0.312971982188975 0.860422585560206 0.495501579947538 0 -0.0900088604958769 -0.263255857053798 1.55277195365763 0.594697144159441 4.51637977013196 0 4.4710669780481 -13.1164008998854 8.32330224701357 0 17.3993106021543 0 11.2722498214674 0 -0.874160631966852 0 -0.676888563985419 0 -0.15581531693964 -1.81739824908664 -1.70862130471907 0.249457139638 0.796011826021602 -0.044609132243604 
2.40126503594248 -8.20008195107807 -12.6065675134801 0 0 0 3.84524594240135 -0.0771754043536146 18.1124276659044 0 14.3290552097974 1.09673194805939 0 1.47072999340982 0.860422585560206 0.495501579947538 0 1.78570482816813 1.32666692572025 1.55277195365763 0.594697144159441 4.51637977013196 2.93969178709187 0.58477505190986 9.87204888857531 13.0024174940784 18.96162224494 18.0625698732969 19.3847518097305 -1.55922105608472 17.4242149374561 -0.874160631966852 0 -0.960433059218541 -0.396543582648292 1.06894400299943 2.29791148500885 -1.61282816258856 0.581065051635292 0.031732575051362 0 
1.57142565333233 -8.20008195107807 -12.6065675134801 14.2524333333841 13.434979332278 0 3.84524594240135 12.7032875608202 13.9025432355248 0.617433711987656 14.3290552097974 1.09673194805939 0 0 2.32783074833352 0.495501579947538 0 0 1.11344635326576 -0.263169920194508 0.594697144159441 0 -17.7299109090725 -13.8402736158298 0 10.4952098105546 18.96162224494 0 -0.319663982870832 -18.8818193501243 14.5378714867578 1.97945172897515 0 0.41138055101567 0 0 2.29791148500885 1.44560278740041 0.886331409572778 -1.56857905900505 -0.85473623539076 
2.8539132536181 -9.6165230449366 2.13387962721003 6.71250458781724 0 0 2.82187173304701 12.7032875608202 2.06952411451821 0 15.2766814170762 0.595608745978963 0 0 0.860422585560206 0.495501579947538 0.79409043040317 0 0.0348374208783905 0 0.591217487878733 4.51637977013196 13.8948257145913 0 9.08221915638178 10.4952098105546 18.96162224494 -2.05287800014619 19.3847518097305 1.58678779503647 9.05416622536917 -0.874160631966852 0 -0.667678957184627 -0.0593000749029685 0 2.29791148500885 -1.9524874333071 0.581065051635292 -0.462485380686114 0.892010547636082 
1.57142565333233 -15.1649440523074 -0.223519362240806 5.00111400215007 9.92576415565599 17.3482750343849 3.84524594240135 2.77723446617705 4.1790771342018 0 14.3290552097974 -0.667015781936709 0.024680209804643 0.312971982188975 -1.67991403906602 0 0 -0.0900088604958769 -0.263255857053798 1.456729500078 0.42169452054505 -10.7386995284766 13.8948257145913 0 11.1467071403268 -9.44131235542768 17.6326684363338 17.3993106021543 0 -22.9737566015095 9.71817587954838 -0.523611902149213 0 -0.667678957184627 0.106590449701338 -1.64466012438976 1.46405320403355 -1.70862130471907 0.160673894062952 -1.19944022912506 0.892010547636082 
0 -15.1649440523074 -0.223519362240806 0 -0.345942022742677 17.3482750343849 10.3223563201364 2.77723446617705 0 0 -4.84609227548171 -0.667015781936709 0.024680209804643 0 0.586827653109481 0 -0.354072984398377 -0.0900088604958769 -0.263255857053798 1.55277195365763 -0.555537694387854 4.51637977013196 13.8948257145913 -3.84543605327859 -13.1164008998854 10.4952098105546 17.6326684363338 0 19.3847518097305 7.65148613958223 -2.44195183666514 -0.874160631966852 0 -1.90735403723426 0 0 1.46405320403355 -0.699646122753455 0.581065051635292 0 -0.044609132243604 
1.57142565333233 -15.1649440523074 -12.6065675134801 -10.3638491455297 0 0 10.3223563201364 19.0058825253536 2.06952411451821 -0.307268424195828 15.2766814170762 -0.667015781936709 0 0 0.860422585560206 0.495501579947538 -0.354072984398377 0 0.0348374208783905 -0.560845573437794 0.591217487878733 -7.97975425980042 13.8948257145913 4.4710669780481 0 10.4952098105546 3.13085404973517 13.0460968488111 0 7.65148613958223 12.1851239914937 0 0 -0.676888563985419 2.26721421987154 0 -1.81739824908664 -1.54860505999467 0.855582403072893 0 0.892010547636082 
1.57142565333233 -9.6165230449366 2.13387962721003 3.23005655930846 0 12.7497409259201 2.82187173304701 19.0058825253536 2.06952411451821 -3.50348348256828 14.3290552097974 0.595608745978963 0 1.20186968389986 0.860422585560206 0 0.79409043040317 0 0.0348374208783905 -0.0927300444304617 0.594697144159441 -17.9936584914074 13.8948257145913 0 0 10.4952098105546 18.96162224494 13.0460968488111 19.3847518097305 18.4724600017641 -4.22133633644382 -1.77381643269854 0 -0.667678957184627 2.26721421987154 0 2.29791148500885 -1.54860505999467 0.581065051635292 1.74054222448754 -0.044609132243604 
1.57142565333233 -9.6165230449366 1.68475647714676 0 13.434979332278 0 -4.17879500686135 -0.0771754043536146 18.1124276659044 -1.90690950742313 14.3290552097974 0.595608745978963 1.48228125156941 0 2.32783074833352 0.495501579947538 0 1.78570482816813 1.32666692572025 -0.901204284895772 0.594697144159441 4.51637977013196 13.8948257145913 4.4710669780481 0 10.4952098105546 0 0 18.2493584412147 -18.8818193501243 14.5378714867578 -0.874160631966852 0 -0.676888563985419 0 0 -1.81739824908664 -0.699646122753455 1.47780048218919 -1.56857905900505 -0.85473623539076 
1.57142565333233 -15.1649440523074 5.75512571609818 8.0834817620383 17.4451060860628 21.2687917057279 2.44386011848406 19.0058825253536 7.17129616400753 0 14.3290552097974 -0.0689235121798346 0.75899016615422 0.516109605541504 1.76842868596708 0.366502849043581 -2.24025220782508 0 1.27771223947765 1.55277195365763 0.594697144159441 -7.2178659869674 13.8948257145913 0.58477505190986 -17.7115514211876 10.4952098105546 20.4858299084407 17.3993106021543 0 -18.8818193501243 13.5468737937263 -0.132690675036372 0 -0.960433059218541 -1.52048759140097 0 2.16036358673142 -1.70862130471907 0.249457139638 -1.56857905900505 0 
1.57142565333233 -9.6165230449366 5.75512571609818 15.6851160692447 7.54104370602455 0 2.82187173304701 12.7032875608202 18.1124276659044 0 14.3290552097974 0.595608745978963 0.75899016615422 1.68346783317787 0 0.495501579947538 0.79409043040317 0 1.32666692572025 1.55277195365763 0.594697144159441 17.8765355828575 0 4.4710669780481 -17.7115514211876 -18.7414049910109 17.6326684363338 0 16.1367461253594 -4.26174541980109 9.05416622536917 0.317181885650932 0 -0.676888563985419 -1.52048759140097 0.0703606859223734 1.46405320403355 1.44560278740041 0 0.332326029051247 0.892010547636082 
1.57142565333233 -9.6165230449366 -12.6065675134801 -10.3638491455297 14.5051912815567 21.2687917057279 2.82187173304701 19.0058825253536 19.3124487819674 0 -4.84609227548171 0.595608745978963 0 0 -0.278205655607491 0.366502849043581 0.79409043040317 0 1.21922591098548 1.456729500078 -0.555537694387854 -7.97975425980042 13.8948257145913 5.43270056668329 0 15.718997639799 17.6326684363338 11.7135385842126 0 18.4724600017641 12.1851239914937 0 0 -0.230153424074013 2.26721421987154 0.368912837034516 1.46405320403355 -1.0195713002093 0.855582403072893 1.74054222448754 0.892010547636082 
0 -9.6165230449366 -12.6065675134801 14.2524333333841 0 -0.206336836054147 15.0788702420326 2.77723446617705 -7.36784706104912 -1.90690950742313 14.3290552097974 0.595608745978963 0 0 0.860422585560206 1.09882860698683 0.092221798418193 -0.0900088604958769 0.0822400436514243 -0.901204284895772 0.594697144159441 4.51637977013196 0.944683132830394 0 0 -18.7414049910109 -1.10360574545507 17.3993106021543 16.8897912313416 0 17.4242149374561 -0.874160631966852 0.705865813962121 -0.30580772753144 2.26721421987154 0.0703606859223734 -1.07999967299402 -1.70862130471907 0.581065051635292 -0.462485380686114 0 
1.57142565333233 -9.6165230449366 5.75512571609818 3.23005655930846 0 17.3482750343849 3.84524594240135 2.77723446617705 -4.1896875976304 -1.90690950742313 14.3290552097974 0.595608745978963 0.75899016615422 1.20186968389986 0.860422585560206 0 0 -0.0900088604958769 -0.546306551171609 -0.901204284895772 0.594697144159441 -7.97975425980042 -17.7299109090725 -16.539486076934 -17.7115514211876 14.9860957893478 20.4858299084407 0 10.0467394912833 18.4724600017641 13.5468737937263 0 0 0 -1.52048759140097 0 2.16036358673142 -0.699646122753455 -0.00272511171769591 1.74054222448754 0 
1.57142565333233 -19.6061065236368 5.75512571609818 8.0834817620383 -0.345942022742677 17.3482750343849 10.3223563201364 2.77723446617705 0 -4.15330321290684 -4.84609227548171 -0.699111080644238 0.75899016615422 0.516109605541504 0.586827653109481 0 -0.354072984398377 -0.0900088604958769 -0.263255857053798 -0.23796808953768 -0.555537694387854 4.51637977013196 0 0 -13.1164008998854 -9.44131235542768 16.1897039697458 0 0 2.10716439320574 -2.44195183666514 -0.874160631966852 -0.37509373790356 -0.667678957184627 0 -1.64466012438976 1.77874588700884 -0.699646122753455 0.160673894062952 0.031732575051362 -0.044609132243604 
