100
10
2.85465390065902 -12.1666011978717 2.748681126837 3.53618742734482 3.51764245741891 0.422914800873452 3.82697485749469 -0.0771754043536146 22.3340620832211 0.112371983175339 -2.78108200627895 0.706191634119578 0 0.0944221428010717 1.48126034934132 1.26292353507733 0.867401597927046 1.78570482816813 1.31061227878119 1.24312016103096 -0.555537694387854 4.51637977013196 -2.63655989679348 5.0755332191128 -13.1164008998854 -18.7414049910109 3.13085404973517 19.4777762421769 19.3847518097305 7.65148613958223 0 -0.874160631966852 -1.22670822586711 -1.25197365129458 0 0.0703606859223734 -1.81739824908664 -1.46783191220268 0.581065051635292 -0.0839662442654214 -0.044609132243604 
2.85436689897359 -9.6165230449366 5.75512571609818 0 3.39300922252844 0.422914800873452 2.82187173304701 -0.0771754043536146 22.3340620832211 0.112371983175339 12.1445830739777 0.595608745978963 0.75899016615422 -0.550279709692243 1.48790800912208 0.389900489700912 0.79409043040317 1.78570482816813 1.31061227878119 1.24312016103096 1.02763989435399 4.51637977013196 0 -0.1098511438397 0 7.20691330647418 0.235501334786184 17.3993106021543 1.67189872354357 7.65148613958223 12.1851239914937 -0.874160631966852 0 -0.254479559261575 2.06864346923709 -0.221321241404545 -1.58524416192679 -1.70862130471907 0.855582403072893 -0.0839662442654214 0.892010547636082 
2.85436689897359 -12.1666011978717 7.29248250422184 14.2524333333841 3.39300922252844 0.422914800873452 3.82697485749469 -0.0771754043536146 22.3340620832211 -3.3400324052619 14.3290552097974 0.706191634119578 0.493731254899749 0.557846121330674 1.48790800912208 1.26292353507733 0.867401597927046 1.78570482816813 1.31061227878119 -0.0688787104323873 0.594697144159441 4.51637977013196 0 1.39058398219784 3.3398776808008 -16.4030669781394 17.6326684363338 17.3993106021543 16.2473004009562 -19.3184636123099 12.1851239914937 -0.874160631966852 0 0.173234727332943 -0.309161031879094 -0.0874332195042786 1.46405320403355 -1.70862130471907 0.461214881078906 -1.17049035844882 0.892010547636082 
2.85436689897359 -9.6165230449366 5.75512571609818 0 3.39300922252844 0.422914800873452 2.82187173304701 -0.0771754043536146 22.3340620832211 0.112371983175339 12.0852898874717 0.595608745978963 0.75899016615422 -0.550279709692243 1.48790800912208 0.389900489700912 0.79409043040317 1.78570482816813 1.31061227878119 1.24312016103096 1.02763989435399 0 -1.87978522269045 -0.1098511438397 0 7.20691330647418 0.235501334786184 17.3993106021543 0 7.65148613958223 14.8171766717998 1.97945172897515 -0.23258512202305 -0.254479559261575 2.06864346923709 -0.221321241404545 -1.58524416192679 -1.70862130471907 0.855582403072893 -0.0839662442654214 0.38823505671147 
2.85314768722572 -9.6165230449366 10.7108050502887 17.1198475661314 3.39300922252844 17.7051188946725 2.82187173304701 -0.0771754043536146 22.3340620832211 2.74427106315003 12.1445830739777 0.595608745978963 0.493731254899749 0.302996948316226 1.48790800912208 0.654347718523046 0.79409043040317 1.78570482816813 1.31061227878119 0.776114509229602 1.02763989435399 3.00281728899703 -1.87978522269045 4.60485686159453 -13.1164008998854 -19.8868149399929 3.13085404973517 17.3993106021543 16.2473004009562 6.39618085161605 12.1851239914937 -0.556049525763863 -0.23258512202305 -1.69972563868841 0 -0.213647198962815 -1.81739824908664 -1.70862130471907 0.461214881078906 0.276314886178036 1.21145036951706 
1.57142565333233 -9.6165230449366 7.30142838116802 0 0 0 2.82187173304701 12.7032875608202 1.18992964191825 1.55927486571449 14.3290552097974 0.595608745978963 -0.0198035883995721 -0.350463444455743 0.860422585560206 0.495501579947538 0.79409043040317 0 1.07091367899017 -0.560845573437794 0.594697144159441 17.8765355828575 22.6650526233553 4.75644002943599 -13.1164008998854 8.74422812601283 3.13085404973517 17.3993106021543 22.2904521851989 8.68963892079873 0 0.317181885650932 1.10630267160307 -0.388893530442796 0 -0.594654094937562 -1.81739824908664 -1.70862130471907 0.581065051635292 0.452561166930274 -0.044609132243604 
2.85384888674517 -12.1666011978717 -12.6065675134801 3.23005655930846 -1.29196204943208 17.7051188946725 2.0324203958653 -0.0771754043536146 18.1124276659044 -2.80035309344547 14.3290552097974 0.706191634119578 0 1.22512995456584 0.843232846708611 0.366502849043581 0.79409043040317 1.78570482816813 1.32666692572025 0 0.962441256419961 1.0774882979819 -0.924675390694605 7.93350558280177 -12.0957458302359 -18.7414049910109 11.4979870832283 19.4777762421769 19.3847518097305 2.90394675620084 10.6914820638911 1.8741623808882 -0.122661313546198 -0.461197766783274 -0.548035830626281 0.0703606859223734 1.86722393654623 -1.46783191220268 0.581065051635292 -0.0646332532049312 0.393495418947887 
2.85370589749573 -7.88964496626968 10.7108050502887 3.23005655930846 0 17.7051188946725 2.82187173304701 -0.0771754043536146 22.3340620832211 0 14.2602092911304 0.948098686713771 0.493731254899749 1.20186968389986 0.860422585560206 0.366502849043581 0.79409043040317 1.78570482816813 1.31061227878119 0.516565257434996 0.594697144159441 0.846743584865119 -5.16352909829632 5.0755332191128 -13.1164008998854 -18.7414049910109 16.6679209721358 0 10.0467394912833 -0.430134157384808 12.1851239914937 1.0796778375002 0.0727693303920185 -1.25197365129458 0 0.168417195248612 1.89857760578793 -0.699646122753455 -0.00272511171769591 0.1631679539956 0.892010547636082 
2.85370589749573 -9.6165230449366 6.02149024134105 3.23005655930846 0.560331688663145 0 1.25116983368116 -0.0771754043536146 17.5846971689652 0 1.77938435379387 0.75073004968964 0.0356107136772995 1.20186968389986 1.0263784263173 0.495501579947538 1.19178966805422 1.78570482816813 1.32666692572025 1.21117743209525 -0.58537630092603 2.28181713217954 3.38473182515461 1.39058398219784 11.1574549105519 14.9860957893478 19.4030165241812 11.736142372124 0 3.89367877249312 15.4001649952262 -0.874160631966852 0.439793381863177 0.173234727332943 -0.170326258680004 0 2.40272347116504 -2.01234856421703 1.01310846174746 -0.0839662442654214 0.77956829406301 
2.85360211041643 -9.6165230449366 -15.2835830421111 0.634459227479276 3.39300922252844 0.422914800873452 2.82187173304701 -0.0771754043536146 22.5535605690226 1.83768806752641 14.3290552097974 0.595608745978963 -0.0115807310731992 -0.462095648484349 1.48790800912208 1.26292353507733 0.79409043040317 1.78570482816813 1.31061227878119 0.695830386884432 0.594697144159441 4.51637977013196 -1.87978522269045 -0.1098511438397 0 -19.8868149399929 20.1627476529743 0 17.0349677846697 7.65148613958223 12.1851239914937 -0.874160631966852 -0.23258512202305 -0.571840838804767 1.52201228954923 -0.213647198962815 1.72830990844793 -0.699646122753455 0.581065051635292 -0.0839662442654214 0.892010547636082 
2.85290128070377 -9.88237599245383 9.87974431772239 14.2524333333841 3.39300922252844 17.7051188946725 -4.17879500686135 -0.0771754043536146 22.3340620832211 2.74427106315003 12.1445830739777 0.965145351535243 0.493731254899749 0.557846121330674 1.48790800912208 0.648290609674663 -0.164135479682188 1.78570482816813 1.31061227878119 0.776114509229602 1.02763989435399 3.73000614909921 -1.87978522269045 5.0755332191128 -13.1164008998854 -19.8868149399929 20.1627476529743 17.3993106021543 16.2473004009562 6.39618085161605 12.1851239914937 -0.874160631966852 -0.23258512202305 -1.25197365129458 0 -0.213647198962815 1.72830990844793 -1.70862130471907 0.461214881078906 0.276314886178036 0.892010547636082 
2.85349825055944 -12.1666011978717 9.98777341439285 1.63787080766069 3.39300922252844 0 7.29032523263727 -0.0771754043536146 22.3340620832211 0 1.77938435379387 0.465848313908022 0.240474139601213 0.0944221428010717 1.48790800912208 0.495501579947538 -1.13388523669629 1.78570482816813 1.31061227878119 1.21117743209525 -0.58537630092603 2.28181713217954 -0.59676650599426 -4.74607243421304 11.1574549105519 -16.4030669781394 19.5119972246056 11.736142372124 0 -19.3184636123099 10.6914820638911 -0.874160631966852 0.383926654292236 -1.07454350298948 -0.170326258680004 -0.0874332195042786 1.89857760578793 -2.01234856421703 0.855582403072893 -1.17049035844882 0.393495418947887 
2.85349825055944 -9.6165230449366 7.29248250422184 14.2524333333841 3.51764245741891 0 7.29032523263727 -0.0771754043536146 22.8807388662271 -0.0698750087152584 -0.342669868931485 0.75073004968964 0.493731254899749 0.557846121330674 1.48126034934132 0.495501579947538 -1.13388523669629 1.78570482816813 1.31061227878119 -0.263169920194508 -0.58537630092603 2.74256187432565 -1.87978522269045 1.38156475896554 0 -15.6663152360899 19.5119972246056 21.2051998741483 0 -19.3184636123099 12.1851239914937 -0.819485240913688 -0.23258512202305 -0.960433059218541 2.06864346923709 -0.218893633949986 1.89857760578793 -1.70862130471907 0.855582403072893 -1.17049035844882 0.56399447998218 
2.85380961187157 -12.1666011978717 0.566189455504619 8.0018293219627 3.51764245741891 0.422914800873452 3.82697485749469 -0.0771754043536146 24.7021864239137 -2.40971728363527 -2.78108200627895 0.706191634119578 0.136328559921276 0.564712925318029 1.48126034934132 1.26292353507733 0.867401597927046 1.78570482816813 1.31061227878119 0.0269420755919731 -0.555537694387854 4.51637977013196 1.69765792542494 0 0 7.20691330647418 3.13085404973517 19.4777762421769 0.109013718091423 2.46681678468213 0 -0.874160631966852 -0.75356473039536 -0.667678957184627 2.06864346923709 -0.221321241404545 -1.81739824908664 -1.46783191220268 1.074596213789 0.623644842446616 -0.044609132243604 
1.57142565333233 -9.6165230449366 9.87974431772239 15.7018865522472 3.39300922252844 17.7051188946725 -4.17879500686135 -0.0771754043536146 18.1124276659044 -0.854091183493886 -5.62973323617118 0.778663264717284 0.493731254899749 1.28273581194819 1.48790800912208 0.366502849043581 -0.164135479682188 1.78570482816813 1.32666692572025 0.518720122295767 -0.555537694387854 4.51637977013196 -1.87978522269045 5.75811444814695 -13.1164008998854 -19.8868149399929 20.1627476529743 0 19.3847518097305 3.89367877249312 12.1851239914937 -0.874160631966852 -0.475487350297853 -1.25197365129458 0 -0.213647198962815 1.72830990844793 -0.699646122753455 0.581065051635292 -0.15493773585881 0.892010547636082 
1.57142565333233 -9.6165230449366 -15.2835830421111 0 3.39300922252844 0.422914800873452 3.82697485749469 -0.0771754043536146 22.3340620832211 -3.3400324052619 14.3290552097974 0.595608745978963 -0.0115807310731992 -0.0463373335247568 1.76029663990731 1.26292353507733 0.867401597927046 1.78570482816813 1.31061227878119 -0.0688787104323873 0.594697144159441 4.51637977013196 -1.87978522269045 -0.1098511438397 0 -18.7414049910109 0.235501334786184 17.3993106021543 8.60062024663231 7.65148613958223 14.8171766717998 -0.874160631966852 -0.23258512202305 -0.571840838804767 1.56455836064394 0.0703606859223734 -1.58524416192679 -1.70862130471907 0.0949900055886199 -0.0839662442654214 0.48456446357284 
0.748595936178965 -9.6165230449366 10.7108050502887 14.944825664882 2.37476644514816 17.7051188946725 3.87830645131334 -0.0771754043536146 22.3340620832211 -1.07376052365813 -2.78108200627895 0.595608745978963 0.493731254899749 0.557846121330674 1.27855096551988 0.366502849043581 0.678744244002153 1.78570482816813 1.31061227878119 -0.669753721724149 -0.555537694387854 2.74256187432565 -1.87978522269045 5.0755332191128 -2.60948815695452 -16.4030669781394 3.13085404973517 14.3139317407803 16.2473004009562 7.65148613958223 9.71817587954838 -0.874160631966852 -0.23258512202305 -1.25197365129458 2.06864346923709 -0.0874332195042786 -1.81739824908664 -1.70862130471907 0.461214881078906 -0.0839662442654214 1.35861408496677 
2.85304364239642 -12.1666011978717 -15.2835830421111 4.34419893868929 3.39300922252844 0 0.900061611621671 -0.0771754043536146 22.3340620832211 -3.3400324052619 14.3290552097974 0.465848313908022 -0.0115807310731992 0.0944221428010717 1.48790800912208 0.495501579947538 0.867401597927046 1.78570482816813 1.31061227878119 -0.0688787104323873 0.594697144159441 4.51637977013196 0 5.0755332191128 11.1574549105519 -16.4030669781394 21.8171540489267 17.3993106021543 0 -19.3184636123099 12.1851239914937 -0.874160631966852 -0.294904928675343 -1.25197365129458 -0.170326258680004 -0.0874332195042786 1.89857760578793 -1.70862130471907 0.855582403072893 -1.17049035844882 0.892010547636082 
2.85314768722572 -12.1666011978717 10.7108050502887 0 3.39300922252844 17.7051188946725 2.82187173304701 -0.0771754043536146 22.3340620832211 2.95429646189059 1.77938435379387 0.465848313908022 0.493731254899749 -1.03048995739803 1.48790800912208 0.366502849043581 0.79409043040317 1.78570482816813 1.31061227878119 0.695830386884432 -0.58537630092603 4.51637977013196 0 0.58477505190986 0 -19.8868149399929 20.1627476529743 0 1.67189872354357 7.65148613958223 12.1851239914937 -0.874160631966852 0 -0.915476819214167 2.06864346923709 -0.213647198962815 1.72830990844793 -0.699646122753455 0.855582403072893 -0.0839662442654214 0.892010547636082 
2.85314768722572 -9.6165230449366 4.42037009427807 -2.17944260206047 3.51764245741891 15.4665359556053 7.29032523263727 -0.0771754043536146 22.3340620832211 0.112371983175339 1.89087667804718 0.595608745978963 -0.199254959732878 -0.0703306671512922 1.48126034934132 -0.165960995110665 -1.13388523669629 1.78570482816813 1.31061227878119 1.24312016103096 0.0866061290989659 4.51637977013196 -2.37720805289094 5.0755332191128 9.08221915638178 -21.8126627009887 16.6679209721358 17.3993106021543 19.3847518097305 7.65148613958223 12.1851239914937 -0.874160631966852 -1.22670822586711 -1.25197365129458 -0.0593000749029685 0.0703606859223734 1.89857760578793 -1.70862130471907 0.581065051635292 -0.0839662442654214 0.892010547636082 
2.60077145011916 -8.49179961173413 10.7108050502887 0 3.39300922252844 0.422914800873452 1.76384459427271 -0.0771754043536146 22.3340620832211 -2.40971728363527 14.3290552097974 -0.622732090653261 0.493731254899749 -0.489680075994544 1.48790800912208 0.0446554263050928 1.2673012571583 1.78570482816813 1.31061227878119 0.0269420755919731 0.594697144159441 2.74256187432565 -1.87978522269045 0 0 -18.7414049910109 -1.96035449922101 17.3993106021543 0 7.65148613958223 12.1851239914937 -0.874160631966852 -0.23258512202305 -0.667678957184627 2.06864346923709 0.596201033334341 -1.58516492527219 -1.70862130471907 0.855582403072893 -0.0839662442654214 0.892010547636082 
2.5694115145838 -12.1666011978717 8.31972297100337 14.944825664882 3.39300922252844 17.7051188946725 3.87830645131334 -0.0771754043536146 22.3340620832211 -1.07376052365813 12.1445830739777 0.465848313908022 0.236463706547611 0.557846121330674 1.48790800912208 0.654347718523046 0.678744244002153 1.78570482816813 0.874463552280545 -0.669753721724149 1.02763989435399 2.74256187432565 2.78980048358897 5.0755332191128 0 -19.8868149399929 3.13085404973517 14.3139317407803 1.67016815662857 3.89367877249312 10.6914820638911 -0.874160631966852 0 -1.25197365129458 2.06864346923709 -0.213647198962815 -1.81739824908664 -1.70862130471907 0.957315402402224 -0.0839662442654214 0.393495418947887 
2.85269303993233 -12.1666011978717 10.7108050502887 3.23005655930846 -1.29196204943208 -6.29134674677222 8.88103068823974 -0.0771754043536146 18.1124276659044 -0.446117965293171 14.3290552097974 0.706191634119578 0.493731254899749 1.20186968389986 0.843232846708611 0.565669955129582 -1.71754883973745 1.78570482816813 1.32666692572025 0.265934864592709 0.962441256419961 2.74256187432565 0 5.0755332191128 0 -20.0257914938153 0.235501334786184 19.4777762421769 0 7.65148613958223 12.1851239914937 -0.874160631966852 0 -1.25197365129458 2.06864346923709 0.0859257904141796 -1.29480241333824 -1.46783191220268 0.855582403072893 -0.479437485057598 0.892010547636082 
2.85307086116648 -6.48989549679211 3.94357362014408 2.38585161484585 3.51764245741891 20.2661975590355 7.29032523263727 -0.0771754043536146 22.3340620832211 -0.0698750087152584 12.8991375851674 0.849124694615195 0 -0.199159909728523 1.48126034934132 -0.163160931013134 -1.13388523669629 1.78570482816813 1.31061227878119 -0.263169920194508 0.614833663769455 4.51637977013196 -1.87978522269045 0.648153900121411 -13.1164008998854 -21.8072595648967 17.6326684363338 17.3993106021543 17.5796595206622 5.55246178456697 0 -0.395347612414205 -0.23258512202305 -0.475964052419162 0 -0.37548392534977 1.50988520317706 -1.70862130471907 0.960959317270182 0.376858007869151 -0.222859324125042 
2.85307086116648 -6.48989549679211 3.94357362014408 3.53618742734482 3.51764245741891 20.2661975590355 7.29032523263727 -0.0771754043536146 22.3340620832211 -0.249586676200659 14.3290552097974 0.849124694615195 0 0.0944221428010717 1.48126034934132 -0.163160931013134 -1.13388523669629 1.78570482816813 1.31061227878119 -0.794886108243319 0.594697144159441 2.74256187432565 -1.87978522269045 1.38156475896554 -13.1164008998854 -18.7414049910109 17.6326684363338 19.4777762421769 17.5796595206622 4.89101188045042 0 -0.874160631966852 -0.23258512202305 -0.960433059218541 0 0.0703606859223734 1.50988520317706 -1.46783191220268 0.960959317270182 0.43232772468232 -0.044609132243604 
1.57142565333233 -7.88964496626968 7.29248250422184 14.2524333333841 3.39300922252844 17.7364448100498 3.87830645131334 -0.0771754043536146 18.1124276659044 -2.80035309344547 14.2602092911304 0.595608745978963 0.493731254899749 0.557846121330674 1.48790800912208 1.00721858186983 0.678744244002153 1.78570482816813 1.32666692572025 0.351133980318501 0.594697144159441 2.74256187432565 -2.50014811721637 1.39058398219784 -13.1164008998854 -17.960671146219 3.13085404973517 14.3139317407803 0 3.89367877249312 10.6914820638911 -0.874160631966852 -0.23258512202305 0.173234727332943 0 -0.722496266422093 -1.81739824908664 -1.70862130471907 0.855582403072893 -0.0839662442654214 0.393495418947887 
1.57142565333233 -9.6165230449366 7.29248250422184 14.2524333333841 3.39300922252844 17.7051188946725 7.29032523263727 0.572649378689308 22.3340620832211 -0.0698750087152584 -5.62973323617118 0.75073004968964 0.493731254899749 0.557846121330674 1.48790800912208 0.648290609674663 -1.13388523669629 2.11965190394765 1.31061227878119 -0.263169920194508 -0.555537694387854 4.51637977013196 -1.87978522269045 1.39058398219784 0 -15.6663152360899 19.5119972246056 19.5080761514176 16.2473004009562 6.39618085161605 12.1851239914937 -0.874160631966852 -0.23258512202305 0.173234727332943 2.06864346923709 -0.218893633949986 1.89857760578793 -1.70862130471907 0.461214881078906 0.276314886178036 0.892010547636082 
2.85304364239642 -9.6165230449366 3.94357362014408 2.17267678548707 3.39300922252844 0.451351733296808 7.29032523263727 -0.0771754043536146 22.3340620832211 0 1.77938435379387 0.0702399513545634 0 0.0944221428010717 1.48790800912208 0.106729423304428 -1.13388523669629 1.78570482816813 1.31061227878119 1.21117743209525 -0.58537630092603 2.28181713217954 -1.87978522269045 5.0755332191128 -13.1164008998854 -13.3947139872213 19.5119972246056 17.3993106021543 0 5.55246178456697 10.6914820638911 -0.874160631966852 -0.23258512202305 -1.25197365129458 0 0.386139446402033 1.89857760578793 -1.70862130471907 0.855582403072893 0.376858007869151 0.393495418947887 
1.57142565333233 -9.6165230449366 10.7108050502887 3.53618742734482 6.2096567000773 17.7051188946725 3.82697485749469 -0.0771754043536146 22.3340620832211 -3.14866698172347 -2.78108200627895 0.595608745978963 0.493731254899749 0.0944221428010717 1.48126034934132 0.366502849043581 0.867401597927046 1.78570482816813 1.31061227878119 0 -0.555537694387854 4.51637977013196 -1.87978522269045 5.0755332191128 9.08221915638178 -16.4030669781394 3.13085404973517 19.4777762421769 16.2473004009562 6.88848361686733 9.71817587954838 -0.874160631966852 -0.23258512202305 -1.07924685198313 -0.337699432763131 -0.0874332195042786 -1.81739824908664 -1.46783191220268 0.461214881078906 -0.435759634974301 1.35861408496677 
2.85304364239642 -6.48989549679211 10.7108050502887 14.944825664882 3.39300922252844 17.7051188946725 2.20554616104604 -0.0771754043536146 22.3340620832211 -0.0698750087152584 14.3290552097974 0.849124694615195 0.493731254899749 0.557846121330674 1.48790800912208 0.654347718523046 0.773135842058405 1.78570482816813 1.31061227878119 -0.263169920194508 0.594697144159441 4.51637977013196 -1.87978522269045 5.0755332191128 9.08221915638178 7.20691330647418 3.13085404973517 14.3139317407803 0 3.89367877249312 10.6914820638911 -0.874160631966852 -0.23258512202305 -1.07924685198313 -0.0593000749029685 -0.221321241404545 -1.86093035605779 -1.70862130471907 0.855582403072893 -0.0839662442654214 0.393495418947887 
2.5687219191683 -8.62833085184839 -13.2889590991377 -2.17944260206047 6.12010585261513 0.422914800873452 3.84524594240135 -0.0771754043536146 22.3340620832211 -0.0698750087152584 1.89087667804718 -0.119127552285384 -0.516807252693366 -0.0703306671512922 1.28915084103548 0.389900489700912 0 1.78570482816813 1.31061227878119 -0.263169920194508 0.0866061290989659 2.74256187432565 -1.87978522269045 1.38156475896554 -0.962802157114633 -18.7414049910109 17.6326684363338 19.4777762421769 10.0467394912833 3.36377615656879 0 -0.874160631966852 -0.546997859714086 -0.960433059218541 0.501040191716067 0.0703606859223734 1.50988520317706 -1.46783191220268 -0.00272511171769591 0.554064407499537 -0.044609132243604 
2.85380961187157 -9.6165230449366 10.7108050502887 0.634459227479276 3.39300922252844 17.7051188946725 2.82187173304701 -0.0771754043536146 22.3340620832211 -3.3400324052619 14.3290552097974 0.595608745978963 0.493731254899749 -0.462095648484349 1.48790800912208 0.366502849043581 1.38752867923003 1.78570482816813 1.31061227878119 -0.0688787104323873 0.594697144159441 2.74256187432565 -1.87978522269045 1.38156475896554 -1.74817996683911 -18.7414049910109 20.1627476529743 0 19.3847518097305 7.65148613958223 12.1851239914937 -0.874160631966852 -0.23258512202305 -0.960433059218541 -0.0808739939894872 0.0703606859223734 1.72830990844793 -0.699646122753455 0.581065051635292 -0.0839662442654214 0.892010547636082 
1.57142565333233 -10.4825826220366 7.62295585205916 0 3.39300922252844 0.422914800873452 3.87830645131334 -0.0771754043536146 22.3340620832211 1.83768806752641 1.77938435379387 0.263637855846266 0.994414827425226 -0.550279709692243 1.48790800912208 0.389900489700912 0.678744244002153 1.78570482816813 1.39640397857707 0.695830386884432 -0.58537630092603 2.74256187432565 0 0.58477505190986 0 -18.7414049910109 0.235501334786184 19.4777762421769 0.517933305244861 5.93990393646057 10.6914820638911 -0.874160631966852 -0.615886028099752 -0.355160973647219 2.06864346923709 0.168417195248612 -1.48536870647472 -1.46783191220268 0.302602274055873 0.176467678168075 0.393495418947887 
2.8528631250774 -9.6165230449366 2.748681126837 14.2524333333841 3.39300922252844 17.7051188946725 3.82697485749469 -0.0771754043536146 22.3340620832211 0.112371983175339 14.3290552097974 0.595608745978963 0 0.557846121330674 1.48790800912208 0.366502849043581 0.867401597927046 1.78570482816813 1.31061227878119 1.26911378693726 0.594697144159441 4.51637977013196 1.48886464593879 5.0755332191128 9.08221915638178 7.20691330647418 0.235501334786184 17.3993106021543 0 8.70853921752821 12.1851239914937 -0.874160631966852 0.383926654292236 -1.07924685198313 -0.0593000749029685 -0.221321241404545 -1.58524416192679 -1.70862130471907 0.855582403072893 -0.447767321117114 0.892010547636082 
2.85283533369343 -7.88964496626968 -9.94904817601156 14.2524333333841 3.39300922252844 17.7051188946725 7.29032523263727 -0.0771754043536146 18.1124276659044 -2.80035309344547 -5.62973323617118 -0.0163247035985459 0.964322587072068 0.557846121330674 1.48790800912208 0.366502849043581 -1.67016754278455 1.78570482816813 1.32666692572025 0 -0.555537694387854 5.54852111043805 -1.87978522269045 0 -13.1164008998854 -18.7414049910109 17.913320666162 0 16.5177043778206 -0.430134157384808 12.1851239914937 -1.41875641216466 -0.475487350297853 -0.667678957184627 0 0.0703606859223734 1.50988520317706 -0.699646122753455 0.0196413580745654 0.102783863201171 0.892010547636082 
2.85283533369343 -7.88964496626968 10.7108050502887 3.53618742734482 3.51764245741891 17.7051188946725 2.82187173304701 -0.0771754043536146 22.3340620832211 -3.78634356606581 14.2602092911304 0.948098686713771 0.493731254899749 0.0944221428010717 1.48126034934132 0.366502849043581 0.79409043040317 1.78570482816813 1.31061227878119 -0.286709440120826 0.594697144159441 4.51637977013196 -1.87978522269045 5.0755332191128 -13.1164008998854 -19.8868149399929 20.2593803911048 0 19.3847518097305 7.65148613958223 12.1851239914937 -0.542001265954227 -0.23258512202305 -1.25197365129458 0 -0.213647198962815 1.1033777646969 -0.699646122753455 0.581065051635292 -0.0839662442654214 0.892010547636082 
2.85283533369343 -12.1666011978717 -15.2835830421111 -2.17944260206047 3.51764245741891 17.7051188946725 2.82187173304701 -0.0771754043536146 18.1124276659044 -0.0698750087152584 1.89087667804718 0.706191634119578 -0.0115807310731992 -0.0703306671512922 1.48126034934132 0.366502849043581 0.79409043040317 1.78570482816813 1.32666692572025 -0.263169920194508 0.0866061290989659 2.74256187432565 -1.87978522269045 8.86150918871234 0 -18.7414049910109 20.4858299084407 19.4777762421769 10.0467394912833 1.96472470195253 0 -0.874160631966852 -0.23258512202305 -0.420620802054471 2.06864346923709 0.0703606859223734 2.16036358673142 -1.46783191220268 -0.00272511171769591 0.364780485040871 -0.044609132243604 
2.85283533369343 -9.6165230449366 3.94357362014408 -2.17944260206047 3.39300922252844 0.422914800873452 -4.17879500686135 -0.0771754043536146 18.1124276659044 -4.25753941354693 1.89087667804718 0.778663264717284 0 -0.0703306671512922 1.48790800912208 0.389900489700912 -0.164135479682188 1.78570482816813 1.32666692572025 -0.804981097581322 0.0866061290989659 4.51637977013196 -1.87978522269045 5.0755332191128 -13.1164008998854 -19.8868149399929 17.6326684363338 0 17.5796595206622 5.32185433342674 0 -0.874160631966852 -0.23258512202305 -1.25197365129458 0 -0.213647198962815 1.50988520317706 -0.699646122753455 0.960959317270182 0.207353303193745 -0.044609132243604 
2.85282505739307 -9.6165230449366 2.748681126837 3.23005655930846 -1.29196204943208 17.7051188946725 8.88103068823974 -0.0771754043536146 18.1124276659044 1.83768806752641 14.3290552097974 0.595608745978963 0 1.20186968389986 0.843232846708611 0.366502849043581 -1.77755950148104 1.78570482816813 1.32666692572025 0.695830386884432 0.962441256419961 2.74256187432565 0 5.0755332191128 9.08221915638178 -20.0257914938153 2.31692311825087 19.4777762421769 0 7.65148613958223 12.1851239914937 -0.874160631966852 0 -1.25197365129458 -0.0593000749029685 0.0859257904141796 -1.29480241333824 -1.46783191220268 0.855582403072893 -0.0839662442654214 0.892010547636082 
2.85119071104135 -7.19948060167929 3.94357362014408 3.53618742734482 3.51764245741891 0.422914800873452 3.84524594240135 -0.0771754043536146 22.3340620832211 -0.0698750087152584 14.3290552097974 0.75073004968964 0 0.0944221428010717 1.48126034934132 1.26292353507733 0 1.78570482816813 1.31061227878119 -0.263169920194508 0.594697144159441 -0.0114175427758192 -1.87978522269045 1.38156475896554 3.3398776808008 -21.5882046992836 17.6326684363338 17.3993106021543 17.5796595206622 5.55246178456697 12.1851239914937 -0.874160631966852 -0.23258512202305 -0.960433059218541 -0.309161031879094 -0.672353881924578 1.50988520317706 -1.70862130471907 0.960959317270182 0.376858007869151 0.892010547636082 
2.85261724359723 -9.6165230449366 10.7108050502887 3.53618742734482 3.51764245741891 17.7051188946725 7.29032523263727 -0.0771754043536146 22.3340620832211 3.81605740548859 14.3290552097974 0.595608745978963 -0.271180767505979 0.0944221428010717 1.48126034934132 0.576137337179918 -1.13388523669629 1.78570482816813 1.31061227878119 0.109624558025797 0.962441256419961 2.74256187432565 -1.39828367610382 -0.608841781601702 0 -16.6152384484258 1.24519768417589 21.2051998741483 19.3847518097305 5.93990393646057 12.1851239914937 -1.04390310914437 -0.653699340244615 -0.716334602244354 2.06864346923709 0.423693752323135 -2.41878447859026 -1.70862130471907 0.581065051635292 0.176467678168075 0.892010547636082 
2.85240913886679 -12.1666011978717 3.94357362014408 14.2524333333841 3.39300922252844 1.95724877722433 2.82187173304701 -0.0771754043536146 22.3340620832211 2.74427106315003 12.1445830739777 0.689011132088029 0 0.557846121330674 1.48790800912208 -0.212614389822173 0.79409043040317 1.78570482816813 1.31061227878119 0.776114509229602 1.02763989435399 4.81382122433922 -1.87978522269045 1.38156475896554 0 -17.3283675970409 3.13085404973517 21.2051998741483 17.5796595206622 5.55246178456697 12.1851239914937 -0.986548117914492 -0.23258512202305 -0.960433059218541 2.06864346923709 -0.218893633949986 -1.81739824908664 -1.70862130471907 0.960959317270182 0.376858007869151 1.21145036951706 
0 -8.62833085184839 3.94357362014408 -2.17944260206047 3.51764245741891 0.422914800873452 3.84524594240135 -0.0771754043536146 22.8807388662271 -2.34404940944819 1.89087667804718 -0.119127552285384 0.212996693483087 -0.0703306671512922 1.48126034934132 0.389900489700912 0 2.12051078270213 1.31061227878119 -0.804981097581322 0.0866061290989659 2.74256187432565 -0.0312872004608107 1.38156475896554 -13.1164008998854 -18.7414049910109 17.6326684363338 22.2586127076571 17.5796595206622 6.6672008574089 0 -0.874160631966852 -0.23258512202305 -0.960433059218541 0 0.0703606859223734 1.50988520317706 -1.24924123197293 0.960959317270182 0.43232772468232 -0.044609132243604 
2.5694115145838 -12.4060433347738 10.7108050502887 0.259297696854594 0 18.0437637118594 7.29032523263727 -0.0771754043536146 18.1124276659044 0 1.89087667804718 0.595608745978963 0.940650173365441 1.20186968389986 0.860422585560206 -0.553941279972876 -1.13388523669629 1.78570482816813 1.32666692572025 0.516565257434996 0.0866061290989659 -1.16977351031721 -5.16352909829632 5.99319923913255 9.08221915638178 -19.7314930275229 16.6679209721358 19.4777762421769 10.0467394912833 -0.430134157384808 12.1851239914937 1.54672771768026 0.0727693303920185 -0.668073563323391 -0.0593000749029685 0.168417195248612 1.89857760578793 -0.878480962104388 -0.00272511171769591 0.1631679539956 0.892010547636082 
2.85269303993233 -12.6052111389605 3.94357362014408 14.2524333333841 3.39300922252844 3.07537131722801 2.82187173304701 -0.0771754043536146 22.3340620832211 -0.0698750087152584 14.3290552097974 0.392499401426175 0 0.557846121330674 1.48790800912208 -0.212614389822173 0.79409043040317 1.78570482816813 1.31061227878119 -0.263169920194508 0.594697144159441 4.8249358712346 -1.87978522269045 5.0755332191128 -13.1164008998854 -19.7937500042579 3.13085404973517 17.3993106021543 17.5796595206622 5.55246178456697 0 -0.611832216005694 -0.23258512202305 -1.25197365129458 0 -0.218893633949986 -1.81739824908664 -1.70862130471907 0.960959317270182 0.376858007869151 -0.044609132243604 
2.85283533369343 -12.1666011978717 4.7425328896579 -1.04420767342402 3.39300922252844 17.7051188946725 3.87830645131334 -0.0771754043536146 19.7874267145467 -5.68955626771299 14.3290552097974 0.762968314794343 0.493731254899749 -0.550279709692243 1.48790800912208 0.366502849043581 0.867401597927046 1.78570482816813 1.29985156995237 0 0.962441256419961 4.98609058735244 2.03205918466302 1.38156475896554 0 -18.7414049910109 0.235501334786184 21.2051998741483 18.4555918217197 1.96472470195253 0 -1.14434545644761 -0.0874955385446062 -0.960433059218541 2.06864346923709 0.0703606859223734 -1.48536870647472 -1.70862130471907 1.04674169772153 0.364780485040871 -0.044609132243604 
2.85269303993233 -12.1666011978717 4.21804178672286 3.53618742734482 3.39300922252844 0 7.29032523263727 -0.0771754043536146 22.3340620832211 0.112371983175339 1.77938435379387 0.465848313908022 -0.0667641596481033 0.0944221428010717 1.48790800912208 0.495501579947538 -1.13388523669629 1.78570482816813 1.31061227878119 1.24312016103096 -0.58537630092603 2.28181713217954 -1.47798538071941 5.0755332191128 -13.1164008998854 -18.7414049910109 19.5119972246056 11.736142372124 0 -19.3184636123099 10.6914820638911 -0.874160631966852 -1.3454374320877 -1.25197365129458 0 0.0703606859223734 1.89857760578793 -2.01234856421703 0.855582403072893 -1.17049035844882 0.393495418947887 
1.57142565333233 -9.6165230449366 -12.6065675134801 -2.17944260206047 3.39300922252844 17.7051188946725 2.82187173304701 -0.0771754043536146 22.3340620832211 1.48984801505685 1.89087667804718 0.595608745978963 0 -0.0703306671512922 1.48790800912208 0.366502849043581 0.79409043040317 1.78570482816813 1.31061227878119 1.24312016103096 0.0866061290989659 1.0774882979819 -2.37720805289094 5.0755332191128 -12.0957458302359 -19.8868149399929 16.6679209721358 17.3993106021543 19.3847518097305 10.4108621456245 12.1851239914937 1.8741623808882 -1.22670822586711 -1.25197365129458 -0.548035830626281 -0.213647198962815 1.89857760578793 -1.70862130471907 0.581065051635292 -0.143885186018369 0.892010547636082 
2.85269303993233 -12.1666011978717 4.7425328896579 -1.04420767342402 3.39300922252844 17.7051188946725 2.82187173304701 -0.0771754043536146 18.1124276659044 -5.68955626771299 14.3290552097974 0.706191634119578 0.493731254899749 -0.578610096871205 1.48790800912208 0.366502849043581 0.79409043040317 1.78570482816813 1.32666692572025 0 0.962441256419961 4.98609058735244 2.03205918466302 10.1647971041802 0 -18.7414049910109 20.4858299084407 21.2051998741483 19.3847518097305 1.96472470195253 10.6914820638911 -1.14434545644761 -0.0874955385446062 -0.0841457691156055 2.06864346923709 0.0703606859223734 2.16036358673142 -1.70862130471907 0.581065051635292 0.364780485040871 0.393495418947887 
2.85265509800914 -12.1666011978717 -18.4577561233927 3.53618742734482 3.39300922252844 17.7051188946725 3.87830645131334 -0.0771754043536146 22.3340620832211 -3.3400324052619 14.3290552097974 0.465848313908022 -0.405802584460844 0.0944221428010717 1.48790800912208 0.654347718523046 0.678744244002153 1.78570482816813 1.31061227878119 -0.0688787104323873 0.594697144159441 2.74256187432565 -2.35802759190929 1.38156475896554 0 -18.7414049910109 3.13085404973517 17.3993106021543 0 3.36377615656879 10.6914820638911 -0.874160631966852 0.164752149658628 -0.960433059218541 2.06864346923709 0.0703606859223734 -1.81739824908664 -1.70862130471907 0.855582403072893 0.554064407499537 0.393495418947887 
2.85465390065902 -12.1666011978717 2.748681126837 3.53618742734482 3.51764245741891 0.422914800873452 3.82697485749469 -0.0771754043536146 22.3340620832211 0.112371983175339 -2.78108200627895 0.706191634119578 0 0.0944221428010717 1.48126034934132 1.26292353507733 0.867401597927046 1.78570482816813 1.31061227878119 1.24312016103096 -0.555537694387854 4.51637977013196 -2.63655989679348 5.0755332191128 -13.1164008998854 -18.7414049910109 3.13085404973517 19.4777762421769 19.3847518097305 7.65148613958223 0 -0.874160631966852 -1.22670822586711 -1.25197365129458 0 0.0703606859223734 -1.81739824908664 -1.46783191220268 0.581065051635292 -0.0839662442654214 -0.044609132243604 
2.85331688798802 -9.6165230449366 5.75512571609818 0 3.51764245741891 20.2661975590355 7.29032523263727 -0.0771754043536146 22.3340620832211 -2.34404940944819 12.1445830739777 0.595608745978963 0.75899016615422 -0.550279709692243 1.48126034934132 -0.163160931013134 -1.13388523669629 1.78570482816813 1.31061227878119 -0.804981097581322 1.02763989435399 4.51637977013196 -1.87978522269045 1.38156475896554 -13.1164008998854 -18.7414049910109 0.235501334786184 17.3993106021543 1.67189872354357 6.6672008574089 12.1851239914937 -0.874160631966852 -0.23258512202305 -0.960433059218541 0 0.0703606859223734 -1.58524416192679 -1.70862130471907 0.855582403072893 0.43232772468232 0.892010547636082 
2.85045309561873 -12.1666011978717 7.29248250422184 -2.17944260206047 3.39300922252844 0.422914800873452 3.84524594240135 -0.0771754043536146 22.3340620832211 -2.34404940944819 14.3290552097974 0.706191634119578 0.493731254899749 -0.0703306671512922 1.48790800912208 1.26292353507733 0 1.78570482816813 1.31061227878119 -0.804981097581322 0.594697144159441 2.74256187432565 0 1.38156475896554 3.3398776808008 -16.4030669781394 17.6326684363338 17.3993106021543 16.2473004009562 6.6672008574089 12.1851239914937 -0.874160631966852 0 -0.960433059218541 -0.309161031879094 -0.0874332195042786 1.46405320403355 -1.70862130471907 0.461214881078906 0.43232772468232 0.892010547636082 
2.85251322763588 -9.6165230449366 10.7108050502887 0 3.39300922252844 0.422914800873452 2.82187173304701 -0.0771754043536146 22.3340620832211 0.112371983175339 12.1445830739777 0.595608745978963 0.493731254899749 -0.550279709692243 1.48790800912208 0.389900489700912 0.79409043040317 1.78570482816813 1.31061227878119 1.24312016103096 1.02763989435399 3.00281728899703 -1.87978522269045 5.0755332191128 -13.1164008998854 7.20691330647418 0.235501334786184 17.3993106021543 16.2473004009562 7.65148613958223 12.1851239914937 -0.556049525763863 -0.23258512202305 -1.25197365129458 0 -0.221321241404545 -1.58524416192679 -1.70862130471907 0.461214881078906 -0.0839662442654214 1.21145036951706 
2.85401682280935 -9.6165230449366 10.7108050502887 0 3.39300922252844 17.7051188946725 2.82187173304701 -0.0771754043536146 22.3340620832211 1.83768806752641 12.1445830739777 0.595608745978963 0.493731254899749 -1.03048995739803 1.48790800912208 0.654347718523046 0.79409043040317 1.78570482816813 1.31061227878119 0.695830386884432 1.02763989435399 3.00281728899703 0 0.58477505190986 -13.1164008998854 -19.8868149399929 20.1627476529743 0 16.2473004009562 7.65148613958223 12.1851239914937 -0.556049525763863 0 -0.915476819214167 0 -0.213647198962815 1.72830990844793 -0.699646122753455 0.461214881078906 -0.0839662442654214 1.21145036951706 
1.57142565333233 -9.6165230449366 -15.2835830421111 0 0 0.422914800873452 2.82187173304701 12.7032875608202 22.3340620832211 1.83768806752641 14.3290552097974 0.595608745978963 -0.0115807310731992 -0.350463444455743 0.860422585560206 1.26292353507733 0.79409043040317 0 1.31061227878119 0.695830386884432 0.594697144159441 4.51637977013196 22.6650526233553 -0.1098511438397 0 8.74422812601283 20.1627476529743 17.3993106021543 19.3847518097305 8.68963892079873 0 -0.874160631966852 1.10630267160307 -0.571840838804767 1.52201228954923 -0.594654094937562 1.72830990844793 -1.70862130471907 0.581065051635292 0.452561166930274 -0.044609132243604 
2.36023650536628 -12.1666011978717 2.748681126837 3.53618742734482 -1.29196204943208 17.7051188946725 2.0324203958653 -0.0771754043536146 18.1124276659044 -2.80035309344547 -2.78108200627895 0.706191634119578 0 0.0944221428010717 0.843232846708611 0.366502849043581 0.79409043040317 1.78570482816813 1.32666692572025 0 -0.555537694387854 1.0774882979819 -0.924675390694605 5.0755332191128 -12.0957458302359 -18.7414049910109 3.13085404973517 19.4777762421769 19.3847518097305 7.65148613958223 0 1.8741623808882 -0.122661313546198 -1.25197365129458 -0.548035830626281 0.0703606859223734 -1.81739824908664 -1.46783191220268 0.581065051635292 -0.0839662442654214 -0.044609132243604 
2.56676644702855 -7.88964496626968 4.7425328896579 -1.04420767342402 3.39300922252844 17.7051188946725 2.82187173304701 -0.0771754043536146 18.1124276659044 -5.68955626771299 14.2602092911304 0.948098686713771 0.493731254899749 -0.550279709692243 1.48790800912208 0.366502849043581 0.79409043040317 1.78570482816813 1.32666692572025 0 0.594697144159441 -1.16977351031721 2.03205918466302 10.9072252784889 -13.1164008998854 -18.7414049910109 16.6679209721358 0 10.0467394912833 -0.430134157384808 12.1851239914937 1.54672771768026 -0.0874955385446062 -0.702594700633825 0 0.0703606859223734 1.89857760578793 -0.699646122753455 -0.00272511171769591 0.1631679539956 0.892010547636082 
2.36023650536628 -9.6165230449366 3.94357362014408 3.53618742734482 0.560331688663145 0 7.29032523263727 -0.0771754043536146 18.1124276659044 -0.0698750087152584 1.77938435379387 0.75073004968964 0 0.0944221428010717 1.0263784263173 0.495501579947538 -1.13388523669629 1.78570482816813 1.32666692572025 -0.263169920194508 -0.58537630092603 2.28181713217954 3.38473182515461 1.39058398219784 -13.1164008998854 -21.8072595648967 17.6326684363338 11.736142372124 17.5796595206622 5.55246178456697 15.4001649952262 -0.874160631966852 0.439793381863177 0.173234727332943 0 -0.37548392534977 1.50988520317706 -2.01234856421703 0.960959317270182 0.376858007869151 0.77956829406301 
2.85240913886679 -9.6165230449366 7.29248250422184 0.634459227479276 3.39300922252844 0.422914800873452 2.82187173304701 -0.0771754043536146 22.3340620832211 -0.0698750087152584 -0.342669868931485 0.75073004968964 0.493731254899749 -0.462095648484349 1.48790800912208 1.26292353507733 0.79409043040317 1.78570482816813 1.31061227878119 -0.263169920194508 -0.58537630092603 4.51637977013196 -1.87978522269045 -0.1098511438397 0 -19.8868149399929 19.5119972246056 21.2051998741483 0 7.65148613958223 12.1851239914937 -0.874160631966852 -0.23258512202305 -0.571840838804767 2.06864346923709 -0.213647198962815 1.89857760578793 -1.70862130471907 0.855582403072893 -0.0839662442654214 0.56399447998218 
2.85314768722572 -9.6165230449366 9.87974431772239 14.2524333333841 3.39300922252844 17.7051188946725 -4.17879500686135 -0.0771754043536146 18.1124276659044 2.74427106315003 12.1445830739777 0.595608745978963 0.493731254899749 0.557846121330674 1.48790800912208 0.366502849043581 -0.164135479682188 1.78570482816813 1.32666692572025 0.776114509229602 1.02763989435399 4.98609058735244 2.03205918466302 1.38156475896554 -13.1164008998854 -19.8868149399929 0.235501334786184 21.2051998741483 19.3847518097305 1.96472470195253 0 -1.14434545644761 -0.0874955385446062 -0.960433059218541 0 -0.213647198962815 -1.48536870647472 -1.70862130471907 0.581065051635292 0.364780485040871 -0.044609132243604 
2.85304364239642 -8.49179961173413 9.98777341439285 2.17267678548707 3.39300922252844 0 1.76384459427271 -0.0771754043536146 22.3340620832211 0 1.77938435379387 -0.622732090653261 0.240474139601213 0.0944221428010717 1.48790800912208 0.495501579947538 0.867401597927046 1.78570482816813 1.31061227878119 1.21117743209525 -0.58537630092603 2.28181713217954 -1.87978522269045 -2.04416472785834 0 -16.4030669781394 0.235501334786184 17.3993106021543 0 -19.3184636123099 12.1851239914937 -0.874160631966852 -0.23258512202305 -0.716334602244354 2.06864346923709 -0.0874332195042786 -1.29480241333824 -1.70862130471907 0.855582403072893 -1.17049035844882 0.892010547636082 
2.85206656194692 -12.1666011978717 7.29248250422184 -1.04420767342402 3.39300922252844 0 7.29032523263727 -0.0771754043536146 18.1124276659044 -0.0698750087152584 14.3290552097974 0.762968314794343 0.493731254899749 -0.550279709692243 1.48790800912208 0.495501579947538 -1.13388523669629 1.78570482816813 1.32666692572025 -0.263169920194508 0.962441256419961 2.74256187432565 -1.87978522269045 1.38156475896554 0 -15.6663152360899 0.235501334786184 21.2051998741483 19.3847518097305 -19.3184636123099 12.1851239914937 -0.874160631966852 -0.23258512202305 -0.960433059218541 2.06864346923709 -0.218893633949986 -1.48536870647472 -1.70862130471907 0.581065051635292 -1.17049035844882 0.56399447998218 
0.748595936178965 -12.1666011978717 2.748681126837 3.53618742734482 3.51764245741891 0.422914800873452 3.82697485749469 -0.0771754043536146 22.3340620832211 0.112371983175339 -2.78108200627895 0.706191634119578 0 0.0944221428010717 1.48126034934132 1.26292353507733 0.867401597927046 1.78570482816813 1.31061227878119 1.24312016103096 -0.555537694387854 4.51637977013196 -2.63655989679348 0 -13.1164008998854 -18.7414049910109 3.13085404973517 19.4777762421769 0 7.65148613958223 0 -0.874160631966852 -1.22670822586711 -0.667678957184627 0 0.0703606859223734 -1.81739824908664 -1.46783191220268 0.855582403072893 -0.0839662442654214 -0.044609132243604 
2.85380961187157 -9.6165230449366 10.7108050502887 16.3220977098318 3.39300922252844 17.7051188946725 3.87830645131334 -0.0771754043536146 18.1124276659044 -0.854091183493886 -2.78108200627895 0.778663264717284 0.493731254899749 0.912615414565715 1.48790800912208 0.366502849043581 0.678744244002153 1.78570482816813 1.32666692572025 0.518720122295767 -0.555537694387854 2.74256187432565 -1.87978522269045 5.0755332191128 0 -16.4030669781394 20.1627476529743 0 19.3847518097305 7.65148613958223 9.71817587954838 -0.874160631966852 -0.475487350297853 -1.25197365129458 2.06864346923709 -0.0874332195042786 1.72830990844793 -0.699646122753455 0.581065051635292 -0.0839662442654214 1.35861408496677 
2.85304364239642 -12.1666011978717 -15.2835830421111 0 3.51764245741891 0.422914800873452 3.82697485749469 -0.0771754043536146 24.7021864239137 -2.40971728363527 -2.78108200627895 0.706191634119578 -0.0115807310731992 -0.0463373335247568 1.48126034934132 1.26292353507733 0.867401597927046 1.78570482816813 1.31061227878119 0.0269420755919731 -0.555537694387854 4.51637977013196 -1.87978522269045 -0.1098511438397 0 -18.7414049910109 3.13085404973517 19.4777762421769 0.109013718091423 2.46681678468213 0 -0.874160631966852 -0.23258512202305 -0.571840838804767 1.52201228954923 0.0703606859223734 -1.81739824908664 -1.46783191220268 1.074596213789 0.623644842446616 -0.044609132243604 
2.85154247632257 -9.6165230449366 10.7108050502887 14.2524333333841 3.39300922252844 17.7051188946725 3.82697485749469 -0.0771754043536146 22.3340620832211 0.112371983175339 -2.78108200627895 0.595608745978963 0.493731254899749 0.557846121330674 1.48790800912208 0.366502849043581 0.867401597927046 1.78570482816813 1.31061227878119 1.24312016103096 -0.555537694387854 2.74256187432565 -1.87978522269045 5.0755332191128 0 7.20691330647418 3.13085404973517 14.3139317407803 0 7.65148613958223 12.1851239914937 -0.874160631966852 -0.23258512202305 -1.25197365129458 2.06864346923709 -0.221321241404545 -1.81739824908664 -1.70862130471907 0.855582403072893 -0.0839662442654214 0.892010547636082 
2.59874103818327 -12.1666011978717 -15.2835830421111 3.23005655930846 -1.29196204943208 0 3.82697485749469 -0.0771754043536146 22.3340620832211 1.83768806752641 14.3290552097974 0.706191634119578 -0.0115807310731992 1.20186968389986 0.843232846708611 0.495501579947538 0.867401597927046 1.78570482816813 1.31061227878119 0.695830386884432 0.962441256419961 2.74256187432565 0 5.0755332191128 0 -16.4030669781394 0.235501334786184 19.4777762421769 0 7.65148613958223 12.1851239914937 -0.874160631966852 -0.294904928675343 -1.25197365129458 2.06864346923709 -0.0874332195042786 -1.29480241333824 -1.46783191220268 0.855582403072893 -0.0839662442654214 0.892010547636082 
2.85314768722572 -9.6165230449366 10.7108050502887 14.944825664882 3.39300922252844 17.7051188946725 2.82187173304701 -0.0771754043536146 22.3340620832211 -1.07376052365813 -2.78108200627895 0.595608745978963 0.493731254899749 0.557846121330674 1.48790800912208 0.366502849043581 0.79409043040317 1.78570482816813 1.31061227878119 -0.669753721724149 -0.555537694387854 4.51637977013196 -1.87978522269045 0.58477505190986 0 -16.4030669781394 20.1627476529743 14.3139317407803 16.2473004009562 7.65148613958223 9.71817587954838 -0.874160631966852 -0.23258512202305 -0.915476819214167 2.06864346923709 -0.0874332195042786 1.72830990844793 -1.70862130471907 0.461214881078906 -0.0839662442654214 1.35861408496677 
2.85216340300209 -9.6165230449366 -15.2835830421111 -2.17944260206047 3.51764245741891 17.7051188946725 7.29032523263727 -0.0771754043536146 22.3340620832211 -0.0698750087152584 1.89087667804718 0.595608745978963 -0.0115807310731992 -0.0703306671512922 1.48126034934132 0.366502849043581 -1.13388523669629 1.78570482816813 1.31061227878119 -0.263169920194508 0.0866061290989659 4.51637977013196 -1.87978522269045 5.0755332191128 0 -18.7414049910109 16.6679209721358 17.3993106021543 19.3847518097305 7.65148613958223 12.1851239914937 -0.874160631966852 -0.23258512202305 -1.25197365129458 2.06864346923709 0.0703606859223734 1.89857760578793 -1.70862130471907 0.581065051635292 -0.0839662442654214 0.892010547636082 
2.85304364239642 -8.49179961173413 10.7108050502887 0 3.39300922252844 0.422914800873452 7.29032523263727 -0.0771754043536146 22.3340620832211 -0.0698750087152584 -5.62973323617118 -0.622732090653261 0.493731254899749 -0.489680075994544 1.48790800912208 0.0446554263050928 -1.13388523669629 1.78570482816813 1.31061227878119 -0.263169920194508 -0.555537694387854 4.51637977013196 -1.87978522269045 1.39058398219784 0 -18.7414049910109 19.5119972246056 17.3993106021543 0 7.65148613958223 12.1851239914937 -0.874160631966852 -0.23258512202305 0.173234727332943 2.06864346923709 0.596201033334341 1.89857760578793 -1.70862130471907 0.855582403072893 -0.0839662442654214 0.892010547636082 
2.85343316721268 -12.1666011978717 8.31972297100337 0 3.39300922252844 17.7051188946725 3.87830645131334 -0.0771754043536146 22.3340620832211 2.95429646189059 12.1445830739777 0.465848313908022 0.236463706547611 -1.03048995739803 1.48790800912208 0.654347718523046 0.678744244002153 1.78570482816813 1.31061227878119 0.695830386884432 1.02763989435399 4.51637977013196 2.78980048358897 0.58477505190986 0 -19.8868149399929 20.1627476529743 14.3139317407803 0 3.89367877249312 10.6914820638911 -0.874160631966852 0 -0.915476819214167 2.06864346923709 -0.213647198962815 1.72830990844793 -1.70862130471907 0.855582403072893 -0.0839662442654214 0.393495418947887 
2.85261724359723 -8.49179961173413 10.7108050502887 0 3.39300922252844 0.422914800873452 8.88103068823974 -0.0771754043536146 22.3340620832211 1.83768806752641 14.3290552097974 -0.622732090653261 0.493731254899749 -0.489680075994544 1.48790800912208 0.0446554263050928 -1.71754883973745 1.78570482816813 1.31061227878119 0.695830386884432 0.962441256419961 2.74256187432565 0 0 0 -18.7414049910109 -1.96035449922101 17.3993106021543 0 7.65148613958223 12.1851239914937 -0.874160631966852 0 -0.667678957184627 2.06864346923709 0.596201033334341 -1.58516492527219 -1.70862130471907 0.855582403072893 -0.0839662442654214 0.892010547636082 
2.85314768722572 -6.48989549679211 3.94357362014408 3.53618742734482 3.39300922252844 0 0.900061611621671 -0.0771754043536146 22.3340620832211 -3.3400324052619 12.8991375851674 0.849124694615195 0 0.0944221428010717 1.48790800912208 0.495501579947538 0.867401597927046 1.78570482816813 1.31061227878119 -0.0688787104323873 0.614833663769455 4.51637977013196 -1.87978522269045 1.38156475896554 -13.1164008998854 -16.4030669781394 17.6326684363338 17.3993106021543 0 -19.3184636123099 12.1851239914937 -0.395347612414205 -0.23258512202305 -0.960433059218541 0 -0.0874332195042786 1.50988520317706 -1.70862130471907 0.855582403072893 -1.17049035844882 0.892010547636082 
2.85307086116648 -6.48989549679211 3.94357362014408 3.53618742734482 3.51764245741891 20.2661975590355 3.84524594240135 -0.0771754043536146 22.3340620832211 -0.0698750087152584 14.3290552097974 0.849124694615195 0 0.0944221428010717 1.48126034934132 -0.163160931013134 0 1.78570482816813 1.31061227878119 -0.263169920194508 0.594697144159441 2.74256187432565 -1.87978522269045 1.38156475896554 -13.1164008998854 -21.5882046992836 17.6326684363338 19.4777762421769 17.5796595206622 5.55246178456697 12.1851239914937 -0.874160631966852 -0.23258512202305 -0.960433059218541 0 -0.672353881924578 1.50988520317706 -1.46783191220268 0.960959317270182 0.376858007869151 0.892010547636082 
2.85314768722572 -6.48989549679211 3.94357362014408 3.53618742734482 3.39300922252844 20.2661975590355 3.87830645131334 -0.0771754043536146 22.3340620832211 -0.249586676200659 14.3290552097974 0.849124694615195 0 0.0944221428010717 1.48790800912208 -0.163160931013134 0.678744244002153 1.78570482816813 1.31061227878119 -0.794886108243319 0.594697144159441 2.74256187432565 -2.50014811721637 1.39058398219784 -13.1164008998854 -18.7414049910109 3.13085404973517 14.3139317407803 17.5796595206622 3.89367877249312 10.6914820638911 -0.874160631966852 -0.23258512202305 0.173234727332943 0 0.0703606859223734 -1.81739824908664 -1.70862130471907 0.960959317270182 -0.0839662442654214 0.393495418947887 
2.85304364239642 -9.6165230449366 7.29248250422184 14.2524333333841 3.39300922252844 17.7051188946725 7.29032523263727 -0.0771754043536146 22.3340620832211 -0.0698750087152584 -5.62973323617118 0.75073004968964 0.493731254899749 0.557846121330674 1.48790800912208 0.648290609674663 -1.13388523669629 1.78570482816813 1.31061227878119 -0.263169920194508 -0.555537694387854 4.51637977013196 -1.87978522269045 1.39058398219784 0 -15.6663152360899 19.5119972246056 17.3993106021543 16.2473004009562 6.39618085161605 12.1851239914937 -0.874160631966852 -0.23258512202305 0.173234727332943 2.06864346923709 -0.218893633949986 1.89857760578793 -1.70862130471907 0.461214881078906 0.276314886178036 0.892010547636082 
2.85251322763588 -9.6165230449366 3.94357362014408 2.17267678548707 3.39300922252844 1.95724877722433 7.29032523263727 -0.0771754043536146 22.8807388662271 -0.0698750087152584 1.77938435379387 0.75073004968964 0 0.0944221428010717 1.48790800912208 -0.212614389822173 -1.13388523669629 1.78570482816813 1.31061227878119 -0.263169920194508 -0.58537630092603 2.28181713217954 -1.87978522269045 5.0755332191128 -13.1164008998854 -16.4030669781394 19.5119972246056 21.2051998741483 0 5.55246178456697 10.6914820638911 -0.874160631966852 -0.23258512202305 -1.25197365129458 0 -0.0874332195042786 1.89857760578793 -1.70862130471907 0.855582403072893 0.376858007869151 0.393495418947887 
2.85304364239642 -9.6165230449366 10.7108050502887 3.53618742734482 3.51764245741891 0.451351733296808 7.29032523263727 -0.0771754043536146 22.3340620832211 0 -2.78108200627895 0.0702399513545634 0.493731254899749 0.0944221428010717 1.48126034934132 0.106729423304428 -1.13388523669629 1.78570482816813 1.31061227878119 1.21117743209525 -0.555537694387854 2.28181713217954 -1.87978522269045 5.0755332191128 -13.1164008998854 -16.4030669781394 3.13085404973517 19.4777762421769 0 6.88848361686733 9.71817587954838 -0.874160631966852 -0.23258512202305 -1.07924685198313 0 -0.0874332195042786 -1.81739824908664 -1.46783191220268 0.855582403072893 -0.435759634974301 1.35861408496677 
2.85296702945728 -7.88964496626968 7.29248250422184 14.2524333333841 3.39300922252844 17.7051188946725 3.87830645131334 -0.0771754043536146 22.3340620832211 -2.80035309344547 14.2602092911304 0.595608745978963 0.493731254899749 0.557846121330674 1.48790800912208 0.654347718523046 0.678744244002153 1.78570482816813 1.31061227878119 0.351133980318501 0.594697144159441 2.74256187432565 -2.50014811721637 1.39058398219784 9.08221915638178 7.20691330647418 3.13085404973517 14.3139317407803 0 3.89367877249312 10.6914820638911 -0.874160631966852 -0.23258512202305 0.173234727332943 -0.0593000749029685 -0.221321241404545 -1.81739824908664 -1.70862130471907 0.855582403072893 -0.0839662442654214 0.393495418947887 
2.85314768722572 -9.6165230449366 9.87974431772239 -2.17944260206047 3.51764245741891 0.422914800873452 -4.17879500686135 -0.0771754043536146 22.3340620832211 -0.854091183493886 1.89087667804718 0.778663264717284 0.493731254899749 -0.0703306671512922 1.48126034934132 0.389900489700912 -0.164135479682188 1.78570482816813 1.31061227878119 0.518720122295767 0.0866061290989659 2.74256187432565 -1.87978522269045 5.75811444814695 -13.1164008998854 -19.8868149399929 17.6326684363338 19.4777762421769 19.3847518097305 3.89367877249312 0 -0.874160631966852 -0.475487350297853 -1.25197365129458 0 -0.213647198962815 1.50988520317706 -1.46783191220268 0.581065051635292 -0.15493773585881 -0.044609132243604 
2.85283533369343 -9.6165230449366 3.94357362014408 -2.17944260206047 3.39300922252844 17.7051188946725 2.82187173304701 -0.0771754043536146 18.1124276659044 -2.34404940944819 1.89087667804718 0.778663264717284 0 -0.0703306671512922 1.48790800912208 0.366502849043581 0.79409043040317 1.78570482816813 1.32666692572025 -0.804981097581322 0.0866061290989659 2.74256187432565 -1.87978522269045 1.38156475896554 -13.1164008998854 -19.8868149399929 17.6326684363338 0 19.3847518097305 7.65148613958223 12.1851239914937 -0.874160631966852 -0.23258512202305 -0.960433059218541 0 -0.213647198962815 1.50988520317706 -0.699646122753455 0.581065051635292 -0.0839662442654214 0.892010547636082 
2.8523801306885 -12.1666011978717 7.62295585205916 3.53618742734482 3.39300922252844 17.7051188946725 3.87830645131334 -0.0771754043536146 22.3340620832211 -3.3400324052619 14.3290552097974 0.465848313908022 0.994414827425226 0.0944221428010717 1.48790800912208 0.654347718523046 0.678744244002153 1.78570482816813 1.31061227878119 -0.0688787104323873 0.594697144159441 2.74256187432565 -2.35802759190929 1.38156475896554 0 -18.7414049910109 3.13085404973517 17.3993106021543 1.67189872354357 3.36377615656879 10.6914820638911 -0.874160631966852 0.318351476638741 -0.960433059218541 2.06864346923709 0.0703606859223734 -1.81739824908664 -1.70862130471907 0.855582403072893 0.554064407499537 0.393495418947887 
2.85205920266279 -9.6165230449366 10.7108050502887 3.23005655930846 0 17.7051188946725 2.82187173304701 -0.0771754043536146 22.3340620832211 0.112371983175339 14.2602092911304 0.595608745978963 0.493731254899749 1.20186968389986 0.860422585560206 0.366502849043581 0.79409043040317 1.78570482816813 1.31061227878119 1.24312016103096 0.594697144159441 0.846743584865119 1.48886464593879 5.0755332191128 -13.1164008998854 -18.7414049910109 16.6679209721358 17.3993106021543 0 7.65148613958223 12.1851239914937 1.0796778375002 0.383926654292236 -1.07924685198313 0 0.168417195248612 1.89857760578793 -1.70862130471907 0.855582403072893 -0.0839662442654214 0.892010547636082 
2.85283533369343 -7.88964496626968 -9.94904817601156 14.2524333333841 3.39300922252844 0.451351733296808 7.29032523263727 -0.0771754043536146 18.1124276659044 0 -5.62973323617118 0.595608745978963 0.964322587072068 0.557846121330674 1.48790800912208 0.106729423304428 -1.13388523669629 1.78570482816813 1.32666692572025 1.21117743209525 -0.555537694387854 3.30415186155781 -1.87978522269045 0 -13.1164008998854 -18.7414049910109 17.913320666162 17.3993106021543 0 5.55246178456697 10.6914820638911 -0.874160631966852 -0.475487350297853 -0.667678957184627 0 0.0703606859223734 1.50988520317706 -1.70862130471907 0.855582403072893 0.376858007869151 0.393495418947887 
2.85395263447097 -9.88237599245383 10.7108050502887 14.2524333333841 3.51764245741891 17.7051188946725 2.82187173304701 -0.0771754043536146 22.3340620832211 2.74427106315003 14.2602092911304 0.965145351535243 0.493731254899749 0.557846121330674 1.48126034934132 0.648290609674663 0.79409043040317 1.78570482816813 1.31061227878119 0.776114509229602 0.594697144159441 4.51637977013196 -1.87978522269045 5.0755332191128 -13.1164008998854 -19.8868149399929 20.1627476529743 0 16.2473004009562 7.65148613958223 12.1851239914937 -0.542001265954227 -0.23258512202305 -1.25197365129458 0 -0.213647198962815 1.72830990844793 -0.699646122753455 0.461214881078906 -0.0839662442654214 0.892010547636082 
2.85213375340425 -6.48989549679211 -15.2835830421111 -2.17944260206047 3.39300922252844 17.7051188946725 2.20554616104604 -0.0771754043536146 18.1124276659044 -0.0698750087152584 14.3290552097974 0.849124694615195 -0.0115807310731992 -0.0703306671512922 1.48790800912208 0.654347718523046 0.773135842058405 1.78570482816813 1.32666692572025 -0.263169920194508 0.594697144159441 4.51637977013196 -1.87978522269045 5.0755332191128 9.08221915638178 -18.7414049910109 20.4858299084407 19.4777762421769 0 1.96472470195253 10.6914820638911 -0.874160631966852 -0.23258512202305 -1.07924685198313 -0.0593000749029685 0.0703606859223734 2.16036358673142 -1.46783191220268 0.855582403072893 0.364780485040871 0.393495418947887 
2.85196189212818 -12.1666011978717 3.94357362014408 14.944825664882 3.39300922252844 17.7051188946725 3.87830645131334 -0.0771754043536146 18.1124276659044 -1.07376052365813 12.1445830739777 0.465848313908022 0 0.557846121330674 1.48790800912208 0.654347718523046 0.678744244002153 1.78570482816813 1.32666692572025 -0.669753721724149 1.02763989435399 2.74256187432565 2.78980048358897 5.0755332191128 0 -19.8868149399929 17.6326684363338 14.3139317407803 17.5796595206622 3.89367877249312 0 -0.874160631966852 0 -1.25197365129458 2.06864346923709 -0.213647198962815 1.50988520317706 -1.70862130471907 0.960959317270182 -0.0839662442654214 -0.044609132243604 
2.57036047570913 -12.1666011978717 7.29248250422184 3.53618742734482 -1.29196204943208 0 7.29032523263727 -0.0771754043536146 18.1124276659044 0.112371983175339 14.3290552097974 0.465848313908022 0.493731254899749 0.0944221428010717 0.843232846708611 0.495501579947538 -1.13388523669629 1.78570482816813 1.32666692572025 1.24312016103096 0.962441256419961 2.74256187432565 -2.63655989679348 5.0755332191128 -13.1164008998854 -20.0257914938153 19.5119972246056 19.4777762421769 0 -19.3184636123099 10.6914820638911 -0.874160631966852 -1.22670822586711 -1.25197365129458 0 0.0859257904141796 1.89857760578793 -1.46783191220268 0.855582403072893 -1.17049035844882 0.393495418947887 
1.57142565333233 -9.6165230449366 3.94357362014408 14.2524333333841 3.39300922252844 17.7364448100498 3.87830645131334 -0.0771754043536146 18.1124276659044 -2.80035309344547 14.3290552097974 0.75073004968964 0 0.557846121330674 1.48790800912208 1.00721858186983 0.678744244002153 1.78570482816813 1.32666692572025 0.351133980318501 0.594697144159441 2.74256187432565 -1.87978522269045 1.38156475896554 3.3398776808008 -21.5882046992836 17.6326684363338 17.3993106021543 17.5796595206622 5.55246178456697 10.6914820638911 -0.874160631966852 -0.23258512202305 -0.960433059218541 -0.309161031879094 -0.672353881924578 1.50988520317706 -1.70862130471907 0.960959317270182 0.376858007869151 0.393495418947887 
1.57142565333233 -9.6165230449366 10.7108050502887 3.23005655930846 3.51764245741891 17.7051188946725 8.88103068823974 -0.0771754043536146 22.3340620832211 1.83768806752641 14.3290552097974 0.595608745978963 -0.271180767505979 1.20186968389986 1.48126034934132 0.366502849043581 -1.77755950148104 1.78570482816813 1.31061227878119 0.695830386884432 0.962441256419961 2.74256187432565 0 5.0755332191128 0 -20.0257914938153 2.31692311825087 19.4777762421769 19.3847518097305 7.65148613958223 12.1851239914937 -1.04390310914437 0 -1.25197365129458 2.06864346923709 0.0859257904141796 -1.29480241333824 -1.46783191220268 0.581065051635292 -0.0839662442654214 0.892010547636082 
2.85360211041643 -9.6165230449366 -15.2835830421111 0.634459227479276 3.39300922252844 0.422914800873452 2.82187173304701 -0.0771754043536146 22.5535605690226 1.83768806752641 14.3290552097974 0.595608745978963 -0.0115807310731992 -0.462095648484349 1.48790800912208 1.26292353507733 0.79409043040317 1.78570482816813 1.31061227878119 0.695830386884432 0.594697144159441 3.00281728899703 -1.87978522269045 1.38156475896554 0 -17.3283675970409 3.13085404973517 21.2051998741483 17.5796595206622 7.65148613958223 12.1851239914937 -0.556049525763863 -0.23258512202305 -0.960433059218541 2.06864346923709 -0.218893633949986 -1.81739824908664 -1.70862130471907 0.960959317270182 -0.0839662442654214 0.892010547636082 
2.85196189212818 -8.62833085184839 3.94357362014408 -2.17944260206047 3.39300922252844 0.422914800873452 3.84524594240135 -0.0771754043536146 22.3340620832211 0.112371983175339 1.89087667804718 -0.119127552285384 0.212996693483087 -0.0703306671512922 1.48790800912208 0.389900489700912 0 1.78570482816813 1.31061227878119 1.24312016103096 0.0866061290989659 2.74256187432565 -0.0312872004608107 5.0755332191128 -13.1164008998854 -18.7414049910109 16.6679209721358 17.3993106021543 19.3847518097305 6.6672008574089 0 -0.874160631966852 -0.23258512202305 -1.25197365129458 0 0.0703606859223734 1.89857760578793 -1.70862130471907 0.581065051635292 0.43232772468232 -0.044609132243604 
1.57142565333233 -9.6165230449366 10.7108050502887 0 0 0 7.29032523263727 12.7032875608202 1.18992964191825 1.55927486571449 1.89087667804718 0.595608745978963 0.940650173365441 -0.350463444455743 0.860422585560206 0.495501579947538 -1.13388523669629 0 1.07091367899017 -0.560845573437794 0.0866061290989659 17.8765355828575 22.6650526233553 5.0755332191128 -13.1164008998854 -19.7314930275229 16.6679209721358 19.4777762421769 10.0467394912833 8.68963892079873 12.1851239914937 0.317181885650932 1.10630267160307 -1.07924685198313 0 0.168417195248612 1.89857760578793 -0.878480962104388 -0.00272511171769591 0.452561166930274 0.892010547636082 
2.56962366136775 -9.6165230449366 7.30142838116802 14.2524333333841 3.39300922252844 0 2.82187173304701 -0.0771754043536146 1.18992964191825 -0.0698750087152584 14.3290552097974 0.595608745978963 -0.0198035883995721 0.557846121330674 1.48790800912208 0.495501579947538 0.79409043040317 1.78570482816813 1.07091367899017 -0.263169920194508 0.594697144159441 17.8765355828575 22.6650526233553 4.75644002943599 -13.1164008998854 -19.7937500042579 3.13085404973517 17.3993106021543 17.5796595206622 5.55246178456697 0 0.317181885650932 1.10630267160307 -0.388893530442796 0 -0.218893633949986 -1.81739824908664 -1.70862130471907 0.960959317270182 0.376858007869151 -0.044609132243604 
2.85283533369343 -12.1666011978717 -17.3526182393323 3.53618742734482 3.39300922252844 17.7051188946725 3.87830645131334 -0.0771754043536146 18.1124276659044 -3.3400324052619 14.3290552097974 0.762968314794343 -0.405802584460844 0.0944221428010717 1.48790800912208 0.366502849043581 0.678744244002153 1.78570482816813 1.32666692572025 -0.0688787104323873 0.594697144159441 2.74256187432565 2.03205918466302 1.38156475896554 0 -18.7414049910109 3.13085404973517 21.2051998741483 0 3.36377615656879 10.6914820638911 -0.874160631966852 -0.0874955385446062 -0.960433059218541 2.06864346923709 0.0703606859223734 -1.81739824908664 -1.70862130471907 0.855582403072893 0.554064407499537 0.393495418947887 
2.8523801306885 -9.6165230449366 7.29248250422184 14.2524333333841 3.39300922252844 0 7.29032523263727 -0.0771754043536146 22.3340620832211 -0.0698750087152584 1.77938435379387 0.75073004968964 0.493731254899749 0.557846121330674 1.48790800912208 0.495501579947538 -1.13388523669629 1.78570482816813 1.31061227878119 -0.263169920194508 -0.58537630092603 2.74256187432565 -1.87978522269045 1.38156475896554 -13.1164008998854 -18.7414049910109 19.5119972246056 11.736142372124 0 -19.3184636123099 10.6914820638911 -0.819485240913688 -0.23258512202305 -0.960433059218541 0 0.0703606859223734 1.89857760578793 -2.01234856421703 0.855582403072893 -1.17049035844882 0.393495418947887 
2.85304364239642 -9.6165230449366 -12.6065675134801 -2.17944260206047 3.39300922252844 17.7051188946725 2.82187173304701 -0.0771754043536146 22.3340620832211 -0.0698750087152584 14.3290552097974 0.595608745978963 0 -0.0703306671512922 1.48790800912208 0.366502849043581 0.79409043040317 1.78570482816813 1.31061227878119 -0.263169920194508 0.594697144159441 1.0774882979819 -1.87978522269045 5.0755332191128 -12.0957458302359 -19.8868149399929 17.6326684363338 17.3993106021543 17.5796595206622 5.55246178456697 12.1851239914937 1.8741623808882 -0.23258512202305 -1.25197365129458 -0.548035830626281 -0.213647198962815 1.50988520317706 -1.70862130471907 0.960959317270182 0.376858007869151 0.892010547636082 
2.85269303993233 -12.1666011978717 7.29248250422184 -1.04420767342402 3.39300922252844 17.7051188946725 2.82187173304701 -0.0771754043536146 18.1124276659044 -2.80035309344547 14.3290552097974 0.706191634119578 0.493731254899749 -0.550279709692243 1.48790800912208 0.366502849043581 0.79409043040317 1.78570482816813 1.32666692572025 0.351133980318501 0.962441256419961 4.98609058735244 2.03205918466302 10.9072252784889 -13.1164008998854 -18.7414049910109 20.4858299084407 21.2051998741483 0 3.89367877249312 10.6914820638911 -1.14434545644761 -0.0874955385446062 -0.702594700633825 0 0.0703606859223734 2.16036358673142 -1.70862130471907 0.855582403072893 -0.0839662442654214 0.393495418947887 
2.85331688798802 -12.1666011978717 2.748681126837 3.53618742734482 3.51764245741891 0.422914800873452 3.82697485749469 -0.0771754043536146 22.3340620832211 -3.3400324052619 14.3290552097974 0.706191634119578 0 0.0944221428010717 1.48126034934132 1.26292353507733 0.867401597927046 1.78570482816813 1.31061227878119 -0.0688787104323873 0.594697144159441 4.51637977013196 -2.63655989679348 5.0755332191128 0 -18.7414049910109 3.13085404973517 17.3993106021543 0 7.65148613958223 10.6914820638911 -0.874160631966852 -1.22670822586711 -1.25197365129458 2.06864346923709 0.0703606859223734 -1.81739824908664 -1.70862130471907 0.855582403072893 -0.0839662442654214 0.393495418947887 
