100
10
2.85401682280935 -9.6165230449366 2.13387962721003 -10.3638491455297 0 12.7497409259201 2.82187173304701 19.0058825253536 2.06952411451821 0 15.2766814170762 0.595608745978963 0 0 0.860422585560206 0 0.79409043040317 0 0.0348374208783905 1.55277195365763 0.591217487878733 -17.9936584914074 13.8948257145913 5.43270056668329 0 15.718997639799 3.13085404973517 13.0460968488111 0 18.4724600017641 -4.22133633644382 -1.77381643269854 0 -0.230153424074013 2.26721421987154 0.368912837034516 -1.81739824908664 -1.54860505999467 0.855582403072893 1.74054222448754 -0.044609132243604 
2.85401682280935 -9.6165230449366 7.30142838116802 0 0 0 2.82187173304701 12.7032875608202 1.18992964191825 -0.307268424195828 14.3290552097974 0.595608745978963 0.0356107136772995 -0.350463444455743 0.860422585560206 0.495501579947538 0.79409043040317 0 0.510160379144438 -0.560845573437794 0.594697144159441 17.8765355828575 19.5161355920677 4.75644002943599 -13.1164008998854 10.4952098105546 3.13085404973517 17.3993106021543 19.3847518097305 7.65148613958223 0 0.317181885650932 0.72311685530614 -0.388893530442796 0 0 -1.81739824908664 -1.70862130471907 0.581065051635292 0 -0.044609132243604 
2.85401682280935 -9.6165230449366 2.13387962721003 6.71250458781724 0 0 2.82187173304701 16.16365037142 2.06952411451821 0 15.2766814170762 0.595608745978963 0 0 0.860422585560206 0.495501579947538 0.79409043040317 0 0.0348374208783905 0 0.591217487878733 4.51637977013196 13.8948257145913 -1.05203276353517 0 10.4952098105546 18.96162224494 10.2228014886718 19.3847518097305 1.58678779503647 -4.22133633644382 -0.874160631966852 0 -0.653569538357467 2.26721421987154 0 2.29791148500885 -1.54860505999467 0.581065051635292 -0.462485380686114 -0.044609132243604 
2.8539132536181 -8.20008195107807 5.75512571609818 14.2524333333841 0.560331688663145 21.2687917057279 3.82697485749469 -1.26443329754492 19.9770825323309 2.84413004202961 14.3290552097974 1.09673194805939 0.75899016615422 0 0.860422585560206 -0.155102175090044 0.867401597927046 0.103233621894956 1.21922591098548 0.88817023583137 0.594697144159441 4.45314907918365 0 -5.22881116407402 -17.7115514211876 -21.5882046992836 18.96162224494 17.3993106021543 19.3847518097305 18.4724600017641 9.71817587954838 -0.474160196829662 0 -0.667678957184627 -1.52048759140097 -0.672353881924578 2.29791148500885 -1.70862130471907 0.581065051635292 1.74054222448754 0.892010547636082 
2.85380961187157 -8.20008195107807 5.75512571609818 14.2524333333841 0 3.11781161430656 -1.31761275013798 -1.26443329754492 19.9770825323309 2.84413004202961 15.6424389308982 1.09673194805939 0.75899016615422 0 0.684997031141537 0.495501579947538 0.737540519022169 0.103233621894956 1.21922591098548 0.88817023583137 0.475366146138574 4.51637977013196 0 -5.22881116407402 -17.7115514211876 -21.5882046992836 18.96162224494 17.3993106021543 19.3847518097305 18.4724600017641 11.8826471342159 -0.874160631966852 0 -0.667678957184627 -1.52048759140097 -0.672353881924578 2.57854126267533 -1.70862130471907 0.581065051635292 1.74054222448754 0.892010547636082 
2.85377042757666 -9.6165230449366 7.30142838116802 0 7.54104370602455 0 2.82187173304701 12.6731360311961 1.18992964191825 -0.307268424195828 14.3290552097974 0.595608745978963 0.0356107136772995 1.47072999340982 0 0.495501579947538 0.79409043040317 0 -0.263255857053798 -0.560845573437794 0.594697144159441 17.8765355828575 19.5161355920677 4.75644002943599 -13.1164008998854 10.4952098105546 3.13085404973517 18.6946256643369 19.4022187426929 4.61628381703807 0 0.317181885650932 0.72311685530614 -0.388893530442796 0 0.710659971046569 -1.81739824908664 -2.43359250894449 1.14097616412257 -0.546751117816545 -0.044609132243604 
2.85290128070377 -11.9518320115059 5.75512571609818 14.2524333333841 3.39300922252844 21.2687917057279 3.84524594240135 -0.0771754043536146 18.1124276659044 0 -4.84609227548171 -0.848762750117463 0.75899016615422 0.557846121330674 1.48790800912208 0.366502849043581 0 1.78570482816813 1.32666692572025 1.55277195365763 -0.555537694387854 4.51637977013196 -1.87978522269045 1.07730470631612 0 12.2200231809728 17.6326684363338 17.3993106021543 16.2473004009562 7.65148613958223 12.1851239914937 -1.06020367603759 -0.23258512202305 -0.951575753493968 2.26721421987154 0 1.46405320403355 -1.70862130471907 0.461214881078906 0.627150817041821 0.892010547636082 
2.85251322763588 -7.63946444598933 7.30142838116802 14.2524333333841 7.34606078842006 0.797857418375955 3.84524594240135 12.7032875608202 7.17129616400753 0.593786861115967 14.3290552097974 1.01640145159159 0.0356107136772995 0 0.76188256395137 -0.0635586921049089 0 0 1.27771223947765 -0.151926722378436 0.594697144159441 4.51637977013196 13.8948257145913 5.43270056668329 -17.4379540257333 8.48906633264342 13.4998314276337 17.3993106021543 0 -1.99247721675433 0 -0.874160631966852 -0.345340259049712 -0.230153424074013 -1.82784736913994 0 0.831472883835189 -1.70862130471907 0.249457139638 -0.418065901565396 -0.044609132243604 
2.85189431548331 -9.6165230449366 3.94357362014408 14.2524333333841 3.39300922252844 17.7051188946725 15.6554774553541 -0.0771754043536146 18.1124276659044 0 11.6703252583604 0.595608745978963 0 0.557846121330674 1.48790800912208 0.366502849043581 -0.475882462382262 1.78570482816813 1.32666692572025 0 -0.163759610799029 4.51637977013196 -1.87978522269045 0.58477505190986 -13.1164008998854 -18.7414049910109 1.24519768417589 19.4777762421769 16.2473004009562 0 15.4001649952262 -0.874160631966852 -0.23258512202305 -0.960433059218541 0 0.0703606859223734 -2.41878447859026 -1.46783191220268 0.461214881078906 -0.462485380686114 1.36559249918703 
1.57142565333233 -9.6165230449366 2.13387962721003 6.71250458781724 0 0 2.82187173304701 12.7032875608202 2.06952411451821 0 15.2766814170762 0.595608745978963 0 0 0.860422585560206 0.495501579947538 0.79409043040317 -0.389430026146318 0.0348374208783905 0 0.630328799272109 4.51637977013196 13.8948257145913 0 9.08221915638178 10.4952098105546 18.96162224494 -2.05287800014619 19.3847518097305 1.58678779503647 9.05416622536917 -0.874160631966852 0 -0.667678957184627 -0.0593000749029685 0 2.29791148500885 -1.92586736787384 0.581065051635292 -0.462485380686114 0.281570373401777 
2.85283533369343 -9.6165230449366 2.13387962721003 0.0613517483050711 0 21.2687917057279 4.25200866411999 12.7032875608202 2.06952411451821 0 14.3290552097974 0.595608745978963 0 -0.237615728470318 1.39766068347621 0.366502849043581 0.470866038091884 0 0.0348374208783905 0 0.594697144159441 1.46904770725828 -17.7299109090725 0 10.5557409869301 14.9860957893478 14.255302319585 11.736142372124 0 11.2722498214674 9.71817587954838 -0.637190314120236 0 -0.30580772753144 -0.0593000749029685 0 1.62074760781636 -2.01234856421703 0.249457139638 0.796011826021602 0.288980994852717 
2.85154247632257 -15.1649440523074 2.65785999801376 3.23005655930846 0 14.6344713646381 3.82697485749469 -0.0771754043536146 19.9770825323309 2.84413004202961 -4.84609227548171 -0.667015781936709 1.51706056500183 1.20186968389986 0.860422585560206 0.366502849043581 0.867401597927046 1.78570482816813 1.21922591098548 0.88817023583137 -0.30158478555809 4.51637977013196 -17.7299109090725 -16.539486076934 0 14.2060071027866 17.6326684363338 17.3993106021543 10.0467394912833 -18.8818193501243 17.4242149374561 -0.874160631966852 0.0310912653948605 0 2.26721421987154 -0.0364983679617282 1.46405320403355 -1.70862130471907 -0.00272511171769591 -1.56857905900505 -0.509900116939051 
1.57142565333233 -19.9408373859668 3.19567573822368 3.23005655930846 5.51742845897909 21.2687917057279 3.84524594240135 2.44666882173469 19.9770825323309 2.84413004202961 14.3290552097974 -0.0292266572449481 0.75899016615422 1.20186968389986 1.40742201549347 0.068807240100022 0 1.2696129681727 1.21922591098548 0.88817023583137 0.42169452054505 -7.70568800093871 -0.749227824504128 4.4710669780481 7.254800781703 10.4952098105546 17.6326684363338 14.2794406593216 10.0467394912833 -18.8818193501243 9.71817587954838 0 -0.420737923225732 -0.676888563985419 -1.4221379639032 0 1.46405320403355 -1.70862130471907 -0.00272511171769591 -1.56857905900505 0.892010547636082 
2.70970140689894 -15.9499448808841 3.19567573822368 3.23005655930846 9.92576415565599 21.2687917057279 10.3223563201364 -0.0771754043536146 22.3340620832211 0 14.3290552097974 -1.10527797925066 0.75899016615422 1.20186968389986 -1.67991403906602 0.366502849043581 -0.4685893375094 1.78570482816813 1.31061227878119 1.456729500078 0.42169452054505 4.41871986287586 0 0 11.1467071403268 10.4952098105546 14.7024857542023 17.3993106021543 7.54197774023841 -18.8818193501243 9.71817587954838 -1.13230030413358 -0.37509373790356 -0.667678957184627 0.106590449701338 0 1.21376743829053 -1.70862130471907 -0.00272511171769591 -1.56857905900505 0.892010547636082 
2.57225002648302 -19.6061065236368 7.29248250422184 0 -0.345942022742677 0 3.84524594240135 -0.768191344718538 0.0801325910399354 -0.173089663974517 14.3290552097974 -0.699111080644238 0.493731254899749 -0.550279709692243 0.586827653109481 0.495501579947538 0.551798150181676 0.944668250719397 0.45396995378843 -0.0716119144864436 0.594697144159441 4.51637977013196 13.8948257145913 0 0 14.9860957893478 17.6326684363338 17.3993106021543 0 1.01287162700336 9.71817587954838 -0.874160631966852 0 0.485777144919046 0 0 1.46405320403355 -1.70862130471907 0.855582403072893 -1.13195885704456 0.288980994852717 
2.571571100989 -8.20008195107807 -11.5656656547522 14.2524333333841 -2.80236759679502 1.6904822148804 7.63315461414547 14.3219155197134 8.71017002361369 0 14.3290552097974 1.09673194805939 -0.056031886057943 0 0.270073072374833 0.495501579947538 0.0317848022243869 -0.582755150498243 1.27771223947765 1.55277195365763 0.594697144159441 4.51637977013196 1.66358138861301 0.546975062460161 -14.3428558916519 -9.44131235542768 17.0885945665131 19.4777762421769 16.2473004009562 7.65148613958223 17.4242149374561 -0.874160631966852 -0.842592595882058 -0.794477282801865 0.335774360576539 -1.90298209483874 2.16036358673142 -1.46783191220268 0.417506059793525 0.627150817041821 0 
1.57142565333233 -8.20008195107807 -12.6065675134801 14.2524333333841 0 0 3.84524594240135 12.7032875608202 11.1009721691958 0 14.3290552097974 1.09673194805939 0 0 0.860422585560206 0.495501579947538 0 0 1.94957700854148 1.55277195365763 0.594697144159441 4.51637977013196 -17.7299109090725 0.546975062460161 0 -9.44131235542768 20.4858299084407 19.4777762421769 17.0506466827591 7.65148613958223 17.4242149374561 -0.874160631966852 0 -0.794477282801865 2.26721421987154 -1.64466012438976 2.16036358673142 -1.46783191220268 0.220793035552275 0.627150817041821 0 
2.571571100989 -8.20008195107807 -12.6065675134801 14.2524333333841 0.482824572656687 0 3.84524594240135 14.3219155197134 8.71017002361369 0 14.3290552097974 1.09673194805939 0 0 -0.00396078839616859 0.495501579947538 0 -0.582755150498243 1.27771223947765 1.01454909248955 0.594697144159441 4.51637977013196 -1.87978522269045 0.546975062460161 -13.5787592957163 -9.44131235542768 20.4858299084407 19.4777762421769 16.2473004009562 7.65148613958223 17.4242149374561 -0.874160631966852 -0.23258512202305 -0.794477282801865 0.459378367047467 -1.64466012438976 2.16036358673142 -1.46783191220268 0.417506059793525 0.627150817041821 0 
2.57109798855871 -9.6165230449366 7.30142838116802 1.40910596987657 0 0 3.84524594240135 12.7032875608202 3.11417486153737 -1.30705781563048 14.3290552097974 0.595608745978963 0.0356107136772995 0 0.149359558964781 0.577306153405135 0 0 -0.378606736342705 -0.602422650294575 0.594697144159441 4.51637977013196 -17.7299109090725 5.43270056668329 0 10.4952098105546 17.6326684363338 17.3993106021543 0.124431234167159 0 17.4242149374561 -0.874160631966852 0 -0.230153424074013 2.26721421987154 0 1.46405320403355 -1.70862130471907 0.781950695450395 -0.462485380686114 0 
2.57036047570913 -9.6165230449366 3.94357362014408 8.0834817620383 17.4451060860628 17.7051188946725 3.84524594240135 -0.0771754043536146 17.5530130550047 0 15.2766814170762 0.595608745978963 0 0.516109605541504 1.11915983826349 0.366502849043581 0 1.78570482816813 1.21922591098548 1.55277195365763 0.086829245056412 7.68102710548836 -17.7299109090725 0.546975062460161 0 -9.44131235542768 17.6326684363338 17.3993106021543 20.1526189096284 -18.8818193501243 11.6100198067771 -0.23366677472073 0 -0.794477282801865 0 -1.64466012438976 1.46405320403355 -1.70862130471907 0.461214881078906 -1.56857905900505 0.892010547636082 
2.57062417742946 -20.360848803637 7.29248250422184 1.08469953911132 -0.345942022742677 0 3.84524594240135 -0.768191344718538 0.0801325910399354 -1.43331623281507 14.3290552097974 -1.34688545654848 0.493731254899749 0.383975242461998 0.586827653109481 0.495501579947538 0.551798150181676 0.944668250719397 0.45396995378843 -0.457638841302897 0.594697144159441 2.7238626101631 2.62300773946243 0 0 14.9860957893478 -1.10360574545507 17.3993106021543 19.3847518097305 -2.60672700985182 9.71817587954838 -1.4999994316604 0 -0.744218633945202 0 0 -1.07999967299402 -1.70862130471907 0.581065051635292 -0.590272705508523 0.288980994852717 
1.57142565333233 -19.6061065236368 -12.6065675134801 8.0834817620383 16.5863904217893 0 3.84524594240135 -0.0771754043536146 19.9770825323309 0 17.0641177259684 -0.699111080644238 0 0.516109605541504 1.7584678347681 0.495501579947538 0 1.78570482816813 1.21922591098548 1.55277195365763 0.0791987948115911 4.51637977013196 -1.87978522269045 0.546975062460161 -16.2314821205481 -9.44131235542768 17.6326684363338 19.4777762421769 16.0200770920935 7.65148613958223 12.1851239914937 -0.874160631966852 -0.23258512202305 -0.794477282801865 0 -1.64466012438976 1.46405320403355 -1.46783191220268 -0.245861599862511 0.627150817041821 0.892010547636082 
2.57036047570913 -9.78371908857195 3.19298926330776 8.0834817620383 17.4451060860628 17.7051188946725 3.84524594240135 -0.0771754043536146 19.9770825323309 0 14.3290552097974 0.595608745978963 0 0.516109605541504 1.11915983826349 0.366502849043581 -0.296902272145684 1.78570482816813 1.21922591098548 1.55277195365763 0.594697144159441 7.68102710548836 -15.0430522985026 0.58477505190986 0 7.20691330647418 17.6326684363338 0 16.2473004009562 -18.8818193501243 17.4242149374561 -0.23366677472073 0.777818305035037 -0.960433059218541 0 -0.221321241404545 1.02819702539043 -0.699646122753455 0.461214881078906 -1.56857905900505 0 
1.57142565333233 -9.6165230449366 5.75512571609818 3.23005655930846 -3.84526293526649 21.2687917057279 15.0788702420326 -2.68619165601497 19.9770825323309 -0.71081114712209 -0.247605343464578 0.595608745978963 0.75899016615422 1.20186968389986 0.149169282824346 -0.155102175090044 0.23761765325331 1.28585984893882 1.21922591098548 -0.263169920194508 -0.691457366464407 4.51637977013196 0.944683132830394 -2.8712082465278 5.4091972417241 -18.7414049910109 0 17.3993106021543 10.0467394912833 2.7954618366414 13.5468737937263 -0.874160631966852 0.705865813962121 -0.667678957184627 -0.493103477458052 0.0703606859223734 -1.81739824908664 -1.89095909513112 -0.00272511171769591 0.859876507609094 -0.390935229217138 
2.57036047570913 -19.6061065236368 5.75512571609818 9.42374222859449 0 21.2687917057279 2.82187173304701 -0.0771754043536146 19.9770825323309 5.2824564804707 0.00548789510758961 -0.699111080644238 0.75899016615422 0.463062130279402 0.860422585560206 0.366502849043581 0.79409043040317 1.78570482816813 1.21922591098548 0.88817023583137 0.252594015711264 4.51637977013196 0 0.762630323512774 9.08221915638178 10.4952098105546 18.96162224494 -2.05287800014619 19.3847518097305 -18.8818193501243 5.20655095102571 -0.874160631966852 0 -0.35486993205029 -0.0593000749029685 0 2.29791148500885 -1.9524874333071 0.581065051635292 -1.56857905900505 0.421053572102009 
2.57036047570913 -9.6165230449366 2.13387962721003 14.2524333333841 0.0724695343396019 6.79329176537846 3.82697485749469 -0.0771754043536146 19.9770825323309 0 14.3290552097974 0.595608745978963 0 0.557846121330674 1.48790800912208 0.165578066150461 0.867401597927046 1.78570482816813 1.21922591098548 1.17758372275978 0.594697144159441 4.51637977013196 -1.87978522269045 0.546975062460161 -17.7115514211876 -9.44131235542768 16.6679209721358 17.3993106021543 0 2.7954618366414 12.1851239914937 -0.874160631966852 -0.23258512202305 -0.794477282801865 -1.52048759140097 -2.42243965210972 1.89857760578793 -1.70862130471907 0.0967945445733119 -0.455247693348326 0.892010547636082 
2.57036047570913 -9.6165230449366 2.13387962721003 6.71250458781724 0 0 2.82187173304701 -0.0771754043536146 19.9770825323309 0 15.2766814170762 0.595608745978963 0 0 0.860422585560206 0.495501579947538 0.79409043040317 1.78570482816813 1.21922591098548 0 0.591217487878733 0 0 -1.05203276353517 -3.21213010103075 10.4952098105546 18.96162224494 10.2228014886718 19.3847518097305 1.58678779503647 9.71817587954838 1.97945172897515 0 -0.653569538357467 1.80799649540707 0 2.29791148500885 -1.54860505999467 0.581065051635292 -0.462485380686114 0.892010547636082 
2.57036047570913 -9.6165230449366 5.75512571609818 3.23005655930846 -3.84526293526649 21.2687917057279 15.0788702420326 -0.0771754043536146 19.9770825323309 -0.0698750087152584 -0.247605343464578 0.595608745978963 0.75899016615422 1.20186968389986 0.149169282824346 -0.155102175090044 0.23761765325331 1.78570482816813 1.21922591098548 -0.263169920194508 -0.691457366464407 4.51637977013196 0.944683132830394 -2.8712082465278 5.4091972417241 -18.7414049910109 0 17.3993106021543 10.0467394912833 2.7954618366414 13.5468737937263 -0.874160631966852 0.705865813962121 -0.667678957184627 -0.493103477458052 0.0703606859223734 -1.81739824908664 -1.70862130471907 -0.00272511171769591 0.256481619731747 -0.390935229217138 
2.57036047570913 -9.6165230449366 -12.6065675134801 8.0834817620383 3.39300922252844 19.6889129806724 15.6554774553541 -0.0771754043536146 18.4196665497588 0 14.3290552097974 0.595608745978963 0 0.516109605541504 1.48790800912208 0.218225406752073 -0.475882462382262 1.78570482816813 1.21922591098548 0 0.594697144159441 4.51637977013196 -1.87978522269045 0.58477505190986 -13.1164008998854 7.20691330647418 1.24519768417589 19.4777762421769 4.43233030682072 0 17.4242149374561 -0.874160631966852 -0.23258512202305 -0.960433059218541 0 0.270258940993929 -2.41878447859026 -1.46783191220268 0.68044909717536 -0.462485380686114 0 
2.57036047570913 -19.6061065236368 8.90497230200794 3.23005655930846 0 21.2687917057279 3.82697485749469 -0.0771754043536146 19.9770825323309 2.84413004202961 14.3290552097974 -0.699111080644238 0.549152557686508 1.20186968389986 0.860422585560206 -0.155102175090044 0.867401597927046 1.78570482816813 1.21922591098548 0.88817023583137 0.42169452054505 0 0 -2.8712082465278 5.4091972417241 -21.5882046992836 18.96162224494 17.3993106021543 10.0467394912833 -18.8818193501243 9.71817587954838 1.97945172897515 -0.414059204889489 -0.667678957184627 -0.493103477458052 -1.3695590271985 2.29791148500885 -1.70862130471907 -0.00272511171769591 -1.56857905900505 0.892010547636082 
2.56650670918409 -9.6165230449366 5.75512571609818 17.1740295528779 3.39300922252844 3.11781161430656 3.82697485749469 -0.0771754043536146 19.9770825323309 2.84413004202961 14.3290552097974 0.595608745978963 0.75899016615422 -0.204474718027969 1.48790800912208 0.495501579947538 0.867401597927046 1.78570482816813 1.21922591098548 0.88817023583137 0.594697144159441 4.51637977013196 -17.7299109090725 -5.22881116407402 0 -18.7414049910109 17.6326684363338 17.3993106021543 19.3847518097305 -1.23201270510071 13.5468737937263 -0.874160631966852 0 -1.09203978385871 2.26721421987154 0.0703606859223734 1.46405320403355 -1.70862130471907 0.581065051635292 0.27169786375095 0 
1.57142565333233 -9.6165230449366 7.30142838116802 -2.09466155008164 0 0 3.84524594240135 12.7032875608202 1.18992964191825 0 15.682970142636 0.595608745978963 0.0356107136772995 -0.406442748571952 0.860422585560206 0.577306153405135 0 0 -0.263255857053798 0 0.952815822569102 4.51637977013196 -1.87978522269045 1.98718283790498 9.08221915638178 10.4952098105546 17.6326684363338 -2.05287800014619 0 2.7954618366414 18.9011199455248 -0.874160631966852 -0.23258512202305 -1.32282547509429 -0.0593000749029685 0 1.46405320403355 -1.9524874333071 0.855582403072893 0 -0.470075189708767 
2.57014966626553 -9.6165230449366 -12.6065675134801 4.05220477541546 3.39300922252844 17.3482750343849 3.84524594240135 -0.0771754043536146 19.3124487819674 1.67288945774682 14.3290552097974 0.595608745978963 0 -0.237615728470318 1.48790800912208 0 0 1.78570482816813 1.21922591098548 -0.126230486624982 0.594697144159441 4.51637977013196 -1.87978522269045 -16.539486076934 -13.1164008998854 7.20691330647418 17.6326684363338 11.736142372124 16.2473004009562 7.65148613958223 12.1851239914937 -0.874160631966852 -0.23258512202305 0 0 -0.221321241404545 1.46405320403355 -2.01234856421703 0.461214881078906 -0.0839662442654214 0.892010547636082 
2.57009741187275 -8.20008195107807 -13.1939307852853 -1.87600797611568 9.0056994075215 3.11781161430656 -7.06128209718097 1.73030284407097 13.9025432355248 0.617433711987656 18.0017163031743 1.09673194805939 -0.539393036509581 0 -0.619922678596304 0.495501579947538 0 -0.612077079500107 1.11344635326576 -0.263169920194508 0.594697144159441 1.6179865369657 15.9200203152699 -13.8402736158298 7.11130042519015 15.718997639799 -5.57841645152234 15.8907709634354 15.8810176175931 1.56924623175023 -2.44195183666514 2.41127853459272 -0.322572452990605 0.703095850154337 -0.263426238784299 0.368912837034516 -1.81739824908664 -2.1462855056982 1.26602399913409 0 -0.044609132243604 
2.56988634506748 -19.6061065236368 3.2629440794992 10.9122204285638 0 21.2687917057279 3.82697485749469 -0.0771754043536146 19.9770825323309 2.84413004202961 0.00548789510758961 -0.699111080644238 0.57388418840891 -0.0821727255928202 0.860422585560206 0.366502849043581 0.867401597927046 1.78570482816813 1.21922591098548 0.88817023583137 0.252594015711264 0 0 -2.8712082465278 0 -21.5882046992836 18.96162224494 17.3993106021543 10.0467394912833 -18.8818193501243 9.71817587954838 1.97945172897515 0 -0.399786077067156 0 -0.672353881924578 2.29791148500885 -1.70862130471907 -0.00272511171769591 -1.56857905900505 0.892010547636082 
2.56988634506748 -19.6061065236368 3.19567573822368 10.9122204285638 0 21.2687917057279 3.82697485749469 -0.0771754043536146 19.9770825323309 2.84413004202961 0.00548789510758961 -0.699111080644238 0.75899016615422 -0.0821727255928202 0.860422585560206 0.366502849043581 0.867401597927046 1.78570482816813 1.21922591098548 0.88817023583137 0.252594015711264 -1.00353733594694 0 0 0 -21.5882046992836 18.96162224494 17.3993106021543 16.3056339526808 -18.8818193501243 9.71817587954838 1.97945172897515 0 -0.667678957184627 0 -0.672353881924578 2.29791148500885 -1.70862130471907 0.581065051635292 -1.56857905900505 0.892010547636082 
2.56988634506748 -19.6061065236368 5.75512571609818 8.0834817620383 0 21.2687917057279 3.82697485749469 -0.0771754043536146 19.9770825323309 2.84413004202961 0.00548789510758961 -0.699111080644238 0.0388435450377148 0.516109605541504 0.860422585560206 0.366502849043581 0.867401597927046 1.78570482816813 1.21922591098548 0.88817023583137 0.252594015711264 4.51637977013196 2.36928265025806 4.4710669780481 0 10.4952098105546 17.6326684363338 13.0460968488111 22.2941399634788 18.4724600017641 5.20655095102571 -0.874160631966852 0.602790014591436 -0.676888563985419 2.26721421987154 0 0.713218044635476 -1.54860505999467 0.202662050725269 1.74054222448754 0.421053572102009 
0 -19.6061065236368 5.75512571609818 8.0834817620383 0.560331688663145 21.2687917057279 3.82697485749469 -1.62363628147805 19.9770825323309 2.84413004202961 0.00548789510758961 -0.699111080644238 0.75899016615422 0.516109605541504 0.860422585560206 -0.155102175090044 0.867401597927046 1.54598648758418 1.21922591098548 0.88817023583137 0.719785346272301 0 0 -2.8712082465278 2.743492905583 -21.5882046992836 18.96162224494 17.3993106021543 16.3056339526808 -18.8818193501243 9.71817587954838 1.97945172897515 0 -0.667678957184627 -0.360016824197963 -0.672353881924578 2.29791148500885 -1.0830878909971 0.581065051635292 -1.56857905900505 0.892010547636082 
2.57036047570913 -9.6165230449366 5.75512571609818 8.0834817620383 0 17.3482750343849 3.84524594240135 -0.0771754043536146 17.0022688350185 5.2824564804707 15.2766814170762 0.595608745978963 0.75899016615422 0.516109605541504 0.860422585560206 0 0 1.78570482816813 1.21922591098548 0.88817023583137 0.591217487878733 4.51637977013196 -1.87978522269045 0.546975062460161 -13.1164008998854 10.4952098105546 17.6326684363338 17.3993106021543 20.1192461235771 7.65148613958223 12.1851239914937 -0.874160631966852 -0.23258512202305 -0.794477282801865 0 0 1.46405320403355 -1.70862130471907 0.202662050725269 0.627150817041821 0.892010547636082 
1.57142565333233 -19.6061065236368 5.15372766144747 8.0834817620383 0 21.2687917057279 3.82697485749469 3.40409231463172 19.9770825323309 2.84413004202961 -1.93703772171262 -0.699111080644238 0.458565329782928 0.516109605541504 0.860422585560206 0.366502849043581 0.867401597927046 1.32337343193282 1.21922591098548 0.88817023583137 0.252594015711264 0 0 -2.8712082465278 0 -21.5882046992836 18.96162224494 17.3993106021543 10.0467394912833 -18.8818193501243 9.71817587954838 1.97945172897515 -0.0822749015420093 -0.667678957184627 0 -0.672353881924578 2.29791148500885 -0.997224338118557 -0.00272511171769591 -1.56857905900505 1.08447856767312 
1.57142565333233 -9.6165230449366 -12.6065675134801 1.70414736219875 0 0 3.84524594240135 16.3129016738445 2.06952411451821 -1.76640889582523 17.6308208041735 0.595608745978963 0 0 0.860422585560206 0.495501579947538 -0.25832338604998 0 0.0348374208783905 -0.46077359882685 1.25660562540712 4.51637977013196 -17.7299109090725 -16.539486076934 -17.7115514211876 10.4952098105546 1.97218097752062 13.4346862329797 0 18.4724600017641 19.6365612151737 -0.874160631966852 0 0 -1.52048759140097 0 -1.81043249962406 -1.3239385954309 0.855582403072893 1.74054222448754 0 
0 -5.82051705984423 -12.6065675134801 8.0834817620383 3.39300922252844 17.3482750343849 3.84524594240135 -0.0771754043536146 19.3124487819674 0 15.2766814170762 1.37689085099236 0 0.516109605541504 1.48790800912208 -0.0962358531058933 0 1.78570482816813 1.21922591098548 0 0.591217487878733 4.51637977013196 -1.87978522269045 0.546975062460161 -13.1164008998854 9.41043393332997 17.6326684363338 17.3993106021543 16.2473004009562 7.65148613958223 12.1851239914937 -0.888045915285147 -0.23258512202305 -0.794477282801865 0 -0.53995364456901 1.46405320403355 -1.70862130471907 0.461214881078906 0.627150817041821 0.892010547636082 
2.56988634506748 -10.2433165712949 -12.6065675134801 0 0 3.11781161430656 15.0788702420326 -0.0771754043536146 18.1124276659044 -3.50348348256828 14.3290552097974 0.502251116019791 0.282310630885097 1.47072999340982 0.860422585560206 0.495501579947538 -0.335556552175226 1.78570482816813 1.32666692572025 -0.0927300444304617 0.594697144159441 4.83790607617139 5.33323587166762 0.58477505190986 -17.7115514211876 -18.7414049910109 20.8868811439895 13.0460968488111 0 18.4724600017641 9.05416622536917 -0.886495653505668 0 -0.960433059218541 -1.52048759140097 0.0703606859223734 2.51688535909489 -1.54860505999467 0.0967945445733119 1.74054222448754 0.892010547636082 
2.56988634506748 -15.5076997122298 5.75512571609818 8.0834817620383 0 0 3.82697485749469 -0.0771754043536146 19.9770825323309 0 14.3290552097974 -1.21993683722799 0.75899016615422 0.516109605541504 0.919269490269604 0.495501579947538 0.867401597927046 1.78570482816813 1.21922591098548 1.55277195365763 0.42169452054505 7.34669749322193 -1.87978522269045 0.546975062460161 5.4091972417241 -9.44131235542768 16.6679209721358 17.3993106021543 12.1710886847326 2.7954618366414 12.1851239914937 1.77047438810602 -0.23258512202305 -0.794477282801865 0 -1.64466012438976 1.89857760578793 -1.70862130471907 1.24731530248994 0 0.892010547636082 
2.56919853847738 -20.360848803637 5.75512571609818 1.08469953911132 -3.09428789966939 21.2687917057279 3.84524594240135 -0.0771754043536146 19.9770825323309 2.84413004202961 -4.84609227548171 -1.34688545654848 0.75899016615422 0.383975242461998 1.17080096854866 0.366502849043581 0.551798150181676 1.78570482816813 1.21922591098548 0.88817023583137 -0.555537694387854 4.51637977013196 2.62300773946243 -16.539486076934 1.64187099623581 14.9860957893478 -1.10360574545507 17.3993106021543 10.0467394912833 -18.8818193501243 9.71817587954838 -0.874160631966852 0 0 2.26721421987154 0 -1.07999967299402 -1.70862130471907 -0.00272511171769591 -1.56857905900505 0.288980994852717 
2.56988634506748 -19.6061065236368 3.19567573822368 8.0834817620383 13.7380100106765 21.2687917057279 10.3223563201364 -0.0771754043536146 19.9770825323309 2.84413004202961 0.00548789510758961 -0.699111080644238 0.75899016615422 0.516109605541504 -1.47065965604533 0.366502849043581 -0.510129622793817 1.78570482816813 1.21922591098548 0.88817023583137 0.252594015711264 0 0 0 0 -21.5882046992836 15.8130257266401 17.3993106021543 16.3056339526808 -18.8818193501243 9.71817587954838 1.97945172897515 0 -0.667678957184627 0 -0.672353881924578 1.46405320403355 -1.70862130471907 0.581065051635292 -1.56857905900505 0.892010547636082 
2.57014966626553 -9.6165230449366 1.68475647714676 14.2524333333841 0 3.22595562870892 -4.17879500686135 -0.0771754043536146 10.8199533856101 0.617433711987656 14.3290552097974 0.595608745978963 1.6489678213368 0 0.828666320130539 0.507067203850982 0 1.78570482816813 1.27771223947765 -0.263169920194508 0.187966907856971 4.51637977013196 1.59900633234019 4.4710669780481 -13.1164008998854 -6.29944497058142 20.4858299084407 19.4777762421769 17.6076137760457 7.65148613958223 16.3208481596414 -0.874160631966852 -0.218789631579439 -0.676888563985419 0 -1.17319025289882 2.16036358673142 -1.46783191220268 0.461214881078906 0.627150817041821 -0.85473623539076 
2.56962366136775 -15.1649440523074 5.75512571609818 8.0834817620383 0.0724695343396019 3.11781161430656 3.82697485749469 -0.0771754043536146 18.1124276659044 -3.50348348256828 -1.29437009836285 -0.667015781936709 0.75899016615422 0.516109605541504 1.48790800912208 0.495501579947538 0.867401597927046 1.78570482816813 1.32666692572025 -0.0927300444304617 0.180392629634772 4.51637977013196 -17.7299109090725 -16.539486076934 -17.7115514211876 12.2200231809728 2.62567526075322 13.0460968488111 9.90086834183935 18.4724600017641 15.3404137538003 -0.874160631966852 0 0 -1.52048759140097 0 -1.77855653046097 -1.54860505999467 0.63653811690702 1.74054222448754 1.25266556988129 
2.56962366136775 -9.6165230449366 2.13387962721003 1.40910596987657 0 0 0.998489888849897 12.7032875608202 2.06952411451821 0 14.3290552097974 0.595608745978963 0 0 0.860422585560206 0.495501579947538 0.377713792946988 0 0.0348374208783905 0 0.594697144159441 4.51637977013196 -17.7299109090725 -16.5850135650416 0 6.75355039583684 17.6326684363338 17.3993106021543 16.2473004009562 0 17.4242149374561 -0.874160631966852 0 -0.0707014139139566 2.26721421987154 0.570659887930685 1.46405320403355 -1.70862130471907 0.461214881078906 -0.462485380686114 0 
2.85366681912642 -15.1649440523074 5.75512571609818 3.23005655930846 0 3.11781161430656 3.82697485749469 -0.0771754043536146 17.2247705823624 2.84413004202961 14.3290552097974 -0.667015781936709 0.75899016615422 1.20186968389986 0.860422585560206 0.495501579947538 0.867401597927046 1.78570482816813 1.21922591098548 0.88817023583137 1.23732567997059 4.51637977013196 -17.7299109090725 -5.22881116407402 0 -21.5882046992836 17.6326684363338 17.3993106021543 19.3847518097305 -18.8818193501243 17.0681211807617 -0.874160631966852 0 -0.667678957184627 2.26721421987154 -0.672353881924578 1.46405320403355 -1.70862130471907 0.581065051635292 -1.56857905900505 -0.0872464665943973 
1.57142565333233 -19.6061065236368 2.13387962721003 8.0834817620383 0 21.2687917057279 2.82187173304701 19.0058825253536 19.9770825323309 2.84413004202961 15.2766814170762 -0.699111080644238 0 0.516109605541504 0.860422585560206 0.366502849043581 0.79409043040317 0 1.21922591098548 0.88817023583137 0.591217487878733 -17.9936584914074 13.8948257145913 5.43270056668329 0 -21.5882046992836 18.96162224494 17.3993106021543 10.0467394912833 -18.8818193501243 9.71817587954838 -1.77381643269854 0 -0.230153424074013 0 -0.672353881924578 2.29791148500885 -1.70862130471907 -0.00272511171769591 -1.56857905900505 1.08447856767312 
0 -9.6165230449366 2.13387962721003 0 0.0724695343396019 0 3.82697485749469 -0.0771754043536146 1.18992964191825 -0.307268424195828 14.3290552097974 0.595608745978963 0 -0.350463444455743 1.48790800912208 0.495501579947538 0.867401597927046 1.78570482816813 0.510160379144438 -0.560845573437794 0.594697144159441 4.51637977013196 -1.87978522269045 0.546975062460161 -17.7115514211876 10.4952098105546 3.13085404973517 17.3993106021543 0 7.65148613958223 12.1851239914937 -0.874160631966852 -0.23258512202305 -0.794477282801865 -1.52048759140097 0 -1.81739824908664 -1.70862130471907 0.0967945445733119 0 0.892010547636082 
1.57142565333233 -9.6165230449366 2.13387962721003 6.71250458781724 0 17.7051188946725 15.6554774553541 16.16365037142 18.1124276659044 0 15.2766814170762 0.595608745978963 0 0 0.860422585560206 0.366502849043581 -0.475882462382262 0 1.32666692572025 0 0.591217487878733 4.51637977013196 -1.87978522269045 0.58477505190986 -13.1164008998854 -18.7414049910109 1.24519768417589 19.4777762421769 16.2473004009562 1.58678779503647 -4.22133633644382 -0.874160631966852 -0.23258512202305 -0.960433059218541 0 0.0703606859223734 -2.41878447859026 -1.46783191220268 0.461214881078906 -0.462485380686114 -0.044609132243604 
1.57142565333233 -9.6165230449366 5.75512571609818 6.71250458781724 0.560331688663145 0 3.82697485749469 -1.26443329754492 19.9770825323309 2.84413004202961 14.3290552097974 0.595608745978963 0.75899016615422 0 0.860422585560206 0.495501579947538 0.867401597927046 0.103233621894956 1.21922591098548 0.88817023583137 0.594697144159441 4.51637977013196 0 0 -17.7115514211876 10.4952098105546 18.96162224494 -2.05287800014619 19.3847518097305 1.58678779503647 9.71817587954838 -0.874160631966852 0 -0.667678957184627 -1.52048759140097 0 2.29791148500885 -1.92586736787384 0.581065051635292 -0.462485380686114 0.892010547636082 
2.57014966626553 -9.6165230449366 5.75512571609818 3.23005655930846 0 21.2687917057279 -1.31761275013798 -0.0771754043536146 19.9770825323309 -0.0698750087152584 -0.247605343464578 0.595608745978963 0.75899016615422 1.20186968389986 0.684997031141537 -0.155102175090044 0.737540519022169 1.78570482816813 1.21922591098548 -0.263169920194508 -0.691457366464407 4.51637977013196 0 -5.22881116407402 5.4091972417241 -18.7414049910109 0 17.3993106021543 19.3847518097305 2.7954618366414 9.71817587954838 -0.874160631966852 0 -0.667678957184627 -0.493103477458052 0.0703606859223734 -1.81739824908664 -1.70862130471907 0.581065051635292 0.256481619731747 0.892010547636082 
2.6215740084312 -9.6165230449366 -12.6065675134801 8.0834817620383 7.54104370602455 0 3.84524594240135 12.7032875608202 1.18992964191825 -0.307268424195828 15.2766814170762 0.595608745978963 0 0.516109605541504 0 0.495501579947538 0 0 -0.263255857053798 -0.560845573437794 0.591217487878733 4.51637977013196 19.5161355920677 0.546975062460161 -13.1164008998854 10.4952098105546 17.6326684363338 17.3993106021543 19.4022187426929 7.65148613958223 12.1851239914937 -0.874160631966852 0.72311685530614 -0.794477282801865 0 0.710659971046569 1.46405320403355 -1.70862130471907 1.14097616412257 0.627150817041821 0.892010547636082 
1.57142565333233 -15.1649440523074 5.75512571609818 14.2524333333841 3.39300922252844 1.6904822148804 3.84524594240135 14.3219155197134 18.1124276659044 0 -4.84609227548171 -0.667015781936709 0.75899016615422 0.557846121330674 1.48790800912208 0.495501579947538 0 -0.582755150498243 1.32666692572025 1.55277195365763 -0.555537694387854 4.51637977013196 -1.87978522269045 0.546975062460161 0 12.2200231809728 20.4858299084407 19.4777762421769 16.2473004009562 7.65148613958223 12.1851239914937 -0.874160631966852 -0.23258512202305 -0.794477282801865 2.26721421987154 0 2.16036358673142 -1.46783191220268 0.417506059793525 0.627150817041821 0.892010547636082 
2.85251322763588 -7.63946444598933 2.13387962721003 6.71250458781724 7.34606078842006 0 3.84524594240135 12.7032875608202 7.17129616400753 0 14.3290552097974 1.01640145159159 0 0 0.76188256395137 0.495501579947538 0 0 1.27771223947765 0 0.594697144159441 4.51637977013196 0 5.43270056668329 -17.4379540257333 10.4952098105546 18.96162224494 17.3993106021543 0 1.58678779503647 0 -0.874160631966852 0 -0.230153424074013 -1.82784736913994 0 2.29791148500885 -1.70862130471907 0.249457139638 -0.462485380686114 -0.044609132243604 
2.85206656194692 -9.6165230449366 3.94357362014408 14.2524333333841 3.39300922252844 17.7051188946725 15.6554774553541 -0.0771754043536146 18.1124276659044 0 15.2766814170762 0.595608745978963 0 0.557846121330674 1.48790800912208 0.366502849043581 -0.475882462382262 1.78570482816813 1.32666692572025 0 0.591217487878733 4.51637977013196 -1.87978522269045 0.58477505190986 -13.1164008998854 -18.7414049910109 1.24519768417589 19.4777762421769 16.2473004009562 0 12.1851239914937 -0.874160631966852 -0.23258512202305 -0.960433059218541 0 0.0703606859223734 -2.41878447859026 -1.46783191220268 0.461214881078906 -0.462485380686114 0.892010547636082 
1.57142565333233 -9.6165230449366 2.65785999801376 3.23005655930846 0 14.6344713646381 2.82187173304701 12.7032875608202 2.06952411451821 2.84413004202961 -4.84609227548171 0.595608745978963 1.51706056500183 1.20186968389986 0.860422585560206 0.366502849043581 0.79409043040317 -0.389430026146318 0.0348374208783905 0.88817023583137 -0.555537694387854 4.51637977013196 13.8948257145913 -16.539486076934 9.08221915638178 14.2060071027866 17.6326684363338 -2.05287800014619 19.3847518097305 -18.8818193501243 9.05416622536917 -0.874160631966852 0 0 -0.0593000749029685 -0.0364983679617282 1.46405320403355 -1.92586736787384 0.581065051635292 -1.56857905900505 0.892010547636082 
0 -9.6165230449366 5.75512571609818 3.23005655930846 -3.84526293526649 21.2687917057279 15.0788702420326 -0.0771754043536146 2.06952411451821 -0.71081114712209 -0.247605343464578 0.595608745978963 0.75899016615422 1.20186968389986 0.149169282824346 -0.155102175090044 0.23761765325331 1.78570482816813 0.0348374208783905 -0.263169920194508 -0.691457366464407 1.46904770725828 0.944683132830394 -2.8712082465278 10.5557409869301 14.9860957893478 17.6326684363338 11.736142372124 10.0467394912833 2.7954618366414 9.71817587954838 -0.637190314120236 0.705865813962121 -0.667678957184627 -0.0593000749029685 0 1.92629874589681 -2.01234856421703 -0.00272511171769591 0.859876507609094 0.288980994852717 
2.56728782341509 -15.1649440523074 2.65785999801376 8.0834817620383 17.4451060860628 14.6344713646381 3.82697485749469 -0.0771754043536146 19.9770825323309 2.84413004202961 -4.84609227548171 -0.667015781936709 1.51706056500183 0.516109605541504 1.11915983826349 0.366502849043581 0.867401597927046 1.78570482816813 1.21922591098548 0.88817023583137 -0.555537694387854 7.68102710548836 -17.7299109090725 0.546975062460161 0 14.2060071027866 17.6326684363338 17.3993106021543 16.2473004009562 -18.8818193501243 11.6100198067771 -0.23366677472073 0.0310912653948605 -0.794477282801865 0 -0.0364983679617282 1.46405320403355 -1.70862130471907 0.461214881078906 -1.56857905900505 0.892010547636082 
1.57142565333233 -19.9408373859668 3.19567573822368 3.23005655930846 5.51742845897909 3.11781161430656 -1.31761275013798 -1.26443329754492 19.9770825323309 2.84413004202961 15.6424389308982 -0.0292266572449481 0.75899016615422 1.20186968389986 1.40742201549347 0.495501579947538 0.737540519022169 0.103233621894956 1.21922591098548 0.88817023583137 0.475366146138574 -7.70568800093871 0 4.4710669780481 7.254800781703 -21.5882046992836 18.96162224494 17.3993106021543 10.0467394912833 -18.8818193501243 11.8826471342159 0 0 -0.676888563985419 -1.4221379639032 -0.672353881924578 2.57854126267533 -1.70862130471907 -0.00272511171769591 -1.56857905900505 0.892010547636082 
2.70970140689894 -19.6061065236368 3.19567573822368 3.23005655930846 9.92576415565599 21.2687917057279 10.3223563201364 -0.0771754043536146 22.3340620832211 0 14.3290552097974 -0.699111080644238 0.75899016615422 1.20186968389986 -1.67991403906602 0.366502849043581 -0.4685893375094 1.78570482816813 1.31061227878119 1.456729500078 0.42169452054505 0 0 0 0 -21.5882046992836 14.7024857542023 17.3993106021543 7.54197774023841 -18.8818193501243 9.71817587954838 1.97945172897515 0 -0.667678957184627 0 -0.672353881924578 1.21376743829053 -1.70862130471907 -0.00272511171769591 -1.56857905900505 0.892010547636082 
2.56988634506748 -19.6061065236368 5.75512571609818 8.0834817620383 -0.345942022742677 0 3.84524594240135 -0.0771754043536146 19.9770825323309 2.84413004202961 0.00548789510758961 -0.699111080644238 0.75899016615422 0.516109605541504 0.586827653109481 0.495501579947538 0.551798150181676 1.78570482816813 1.21922591098548 0.88817023583137 0.719785346272301 0 0 -2.8712082465278 0 14.9860957893478 18.96162224494 17.3993106021543 16.3056339526808 -18.8818193501243 9.71817587954838 1.97945172897515 0 -0.667678957184627 0 0 2.29791148500885 -1.70862130471907 0.581065051635292 -1.56857905900505 0.892010547636082 
1.57142565333233 -9.6165230449366 7.30142838116802 0 7.54104370602455 0 3.84524594240135 14.3219155197134 8.71017002361369 -0.307268424195828 14.3290552097974 0.595608745978963 0.0356107136772995 1.47072999340982 0 0.495501579947538 0 -0.582755150498243 1.27771223947765 -0.560845573437794 0.594697144159441 4.51637977013196 19.5161355920677 0.546975062460161 -14.3428558916519 -9.44131235542768 3.13085404973517 19.4777762421769 19.4022187426929 7.65148613958223 0 -0.874160631966852 0.72311685530614 -0.794477282801865 0.335774360576539 -1.90298209483874 -1.81739824908664 -1.46783191220268 1.14097616412257 0.627150817041821 -0.044609132243604 
1.57142565333233 -8.20008195107807 3.19567573822368 3.23005655930846 5.51742845897909 0 3.84524594240135 2.44666882173469 19.9770825323309 0 14.3290552097974 1.09673194805939 0.75899016615422 1.20186968389986 1.40742201549347 0.495501579947538 0 1.2696129681727 1.21922591098548 1.55277195365763 0.42169452054505 4.51637977013196 -0.749227824504128 0.546975062460161 0 -9.44131235542768 17.6326684363338 19.4777762421769 10.0467394912833 -18.8818193501243 17.4242149374561 -0.874160631966852 -0.420737923225732 -0.794477282801865 2.26721421987154 -1.64466012438976 1.46405320403355 -1.46783191220268 -0.00272511171769591 -1.56857905900505 0 
0 -8.20008195107807 7.30142838116802 14.2524333333841 7.54104370602455 0 2.82187173304701 14.3219155197134 1.18992964191825 0 14.3290552097974 1.09673194805939 0.0356107136772995 0 0 0.495501579947538 0.79409043040317 -0.582755150498243 -0.263255857053798 1.01454909248955 0.594697144159441 17.8765355828575 19.5161355920677 4.75644002943599 -14.3428558916519 -9.44131235542768 20.4858299084407 19.4777762421769 16.2473004009562 4.61628381703807 0 0.317181885650932 0.72311685530614 -0.388893530442796 0.335774360576539 -1.64466012438976 2.16036358673142 -1.46783191220268 0.417506059793525 -0.546751117816545 -0.044609132243604 
1.57142565333233 -9.6165230449366 7.30142838116802 3.23005655930846 5.51742845897909 0 3.84524594240135 2.44666882173469 3.11417486153737 -1.30705781563048 14.3290552097974 0.595608745978963 0.0356107136772995 1.20186968389986 1.40742201549347 0.577306153405135 0 1.2696129681727 -0.263255857053798 -0.602422650294575 0.594697144159441 -7.70568800093871 -0.749227824504128 5.43270056668329 0 10.4952098105546 17.6326684363338 17.3993106021543 -3.2308152512325 0 9.71817587954838 0 -0.420737923225732 -0.230153424074013 2.26721421987154 0 1.46405320403355 -1.70862130471907 0.781950695450395 -0.462485380686114 0.892010547636082 
2.56967445372853 -9.6165230449366 3.94357362014408 3.23005655930846 17.4451060860628 17.7051188946725 3.82697485749469 -0.0771754043536146 17.2247705823624 0 15.2766814170762 0.595608745978963 0 1.20186968389986 1.11915983826349 0.366502849043581 0.867401597927046 1.78570482816813 1.21922591098548 1.55277195365763 0.086829245056412 4.51637977013196 -17.7299109090725 0.546975062460161 0 -21.5882046992836 17.6326684363338 17.3993106021543 19.3847518097305 -18.8818193501243 11.6100198067771 -0.874160631966852 0 -0.794477282801865 2.26721421987154 -0.672353881924578 1.46405320403355 -1.70862130471907 0.581065051635292 -1.56857905900505 0.892010547636082 
2.56988634506748 -19.6061065236368 7.29248250422184 10.9122204285638 0 21.2687917057279 3.84524594240135 -0.0771754043536146 19.9770825323309 2.84413004202961 14.3290552097974 -0.699111080644238 0.493731254899749 -0.0821727255928202 0.860422585560206 0.366502849043581 0.551798150181676 1.78570482816813 1.21922591098548 0.88817023583137 0.594697144159441 0 0 0 0 -21.5882046992836 -1.10360574545507 17.3993106021543 16.3056339526808 -18.8818193501243 9.71817587954838 1.97945172897515 0 -0.667678957184627 0 -0.672353881924578 -1.07999967299402 -1.70862130471907 0.581065051635292 -1.56857905900505 0.288980994852717 
2.56962366136775 -15.1649440523074 5.75512571609818 8.0834817620383 0.0724695343396019 3.11781161430656 3.82697485749469 -0.0771754043536146 18.1124276659044 0 17.0641177259684 -0.667015781936709 0.75899016615422 0.516109605541504 1.48790800912208 0.495501579947538 0.867401597927046 1.78570482816813 1.32666692572025 1.55277195365763 0.0791987948115911 4.51637977013196 -17.7299109090725 0.546975062460161 -13.1164008998854 -9.44131235542768 2.62567526075322 19.4777762421769 16.0200770920935 18.4724600017641 12.1851239914937 -0.874160631966852 0 -0.794477282801865 0 -1.64466012438976 -1.77855653046097 -1.46783191220268 -0.245861599862511 1.74054222448754 0.892010547636082 
2.56988634506748 -19.6061065236368 3.19298926330776 8.0834817620383 13.7380100106765 21.2687917057279 3.84524594240135 -0.0771754043536146 19.9770825323309 2.84413004202961 0.00548789510758961 -0.699111080644238 0 0.516109605541504 -1.47065965604533 0.366502849043581 0 1.78570482816813 1.21922591098548 0.88817023583137 0.252594015711264 7.68102710548836 -15.0430522985026 0.58477505190986 0 -21.5882046992836 17.6326684363338 0 16.2473004009562 -18.8818193501243 17.4242149374561 -0.23366677472073 0.777818305035037 -0.960433059218541 0 -0.672353881924578 1.46405320403355 -0.699646122753455 0.461214881078906 -1.56857905900505 0 
0 -20.360848803637 5.75512571609818 1.08469953911132 -0.345942022742677 0 15.0788702420326 -0.0771754043536146 0.0801325910399354 -1.43331623281507 -0.247605343464578 -1.34688545654848 0.75899016615422 0.383975242461998 0.586827653109481 0.495501579947538 0.23761765325331 1.78570482816813 0.45396995378843 -0.457638841302897 -0.691457366464407 2.7238626101631 2.62300773946243 -2.8712082465278 5.4091972417241 -18.7414049910109 0 17.3993106021543 19.3847518097305 -2.60672700985182 13.5468737937263 -1.4999994316604 0 -0.667678957184627 -0.493103477458052 0.0703606859223734 -1.81739824908664 -1.70862130471907 0.581065051635292 -0.590272705508523 -0.390935229217138 
2.56988634506748 -9.6165230449366 -12.6065675134801 6.71250458781724 0 21.2687917057279 3.84524594240135 -0.0771754043536146 19.9770825323309 5.2824564804707 15.2766814170762 0.595608745978963 0 0 0.860422585560206 0.366502849043581 0 1.78570482816813 1.21922591098548 0.88817023583137 0.591217487878733 4.51637977013196 -1.87978522269045 0.546975062460161 -13.1164008998854 10.4952098105546 18.96162224494 -2.05287800014619 16.2473004009562 -18.8818193501243 5.20655095102571 -0.874160631966852 -0.23258512202305 -0.794477282801865 0 0 2.29791148500885 -1.9524874333071 0.461214881078906 -1.56857905900505 0.421053572102009 
1.57142565333233 -9.6165230449366 2.13387962721003 14.2524333333841 0.0724695343396019 3.11781161430656 3.82697485749469 12.7032875608202 2.06952411451821 0 14.3290552097974 0.595608745978963 0 0.557846121330674 1.48790800912208 0.495501579947538 0.867401597927046 0 0.0348374208783905 1.17758372275978 0.594697144159441 4.51637977013196 -1.87978522269045 0.546975062460161 -17.7115514211876 -9.44131235542768 16.6679209721358 17.3993106021543 0 11.2722498214674 9.71817587954838 -0.874160631966852 -0.23258512202305 -0.794477282801865 -1.52048759140097 -1.64466012438976 1.89857760578793 -1.70862130471907 0.0967945445733119 0.796011826021602 0.288980994852717 
1.57142565333233 -9.6165230449366 2.13387962721003 6.71250458781724 0 3.11781161430656 -4.17879500686135 1.73030284407097 13.9025432355248 0.617433711987656 18.0017163031743 0.595608745978963 0 0 0.860422585560206 0.495501579947538 0 -0.612077079500107 1.11344635326576 -0.263169920194508 0.594697144159441 0 15.9200203152699 -13.8402736158298 7.11130042519015 10.4952098105546 -1.88031982613277 15.8907709634354 15.8810176175931 1.56924623175023 -2.44195183666514 1.97945172897515 -0.322572452990605 0.703095850154337 -0.263426238784299 0 -1.81739824908664 -2.1462855056982 1.26602399913409 0 -0.044609132243604 
2.56988634506748 -19.6061065236368 5.15372766144747 8.0834817620383 -3.84526293526649 21.2687917057279 15.0788702420326 -0.0771754043536146 19.9770825323309 2.84413004202961 -0.247605343464578 -0.699111080644238 0.458565329782928 0.516109605541504 0.149169282824346 -0.155102175090044 0.23761765325331 1.78570482816813 1.21922591098548 0.88817023583137 -0.691457366464407 0 0.944683132830394 -2.8712082465278 5.4091972417241 -18.7414049910109 18.96162224494 17.3993106021543 10.0467394912833 -18.8818193501243 9.71817587954838 1.97945172897515 0.705865813962121 -0.667678957184627 -0.493103477458052 0.0703606859223734 2.29791148500885 -1.70862130471907 -0.00272511171769591 -1.56857905900505 1.08447856767312 
2.56988634506748 -9.6165230449366 -12.6065675134801 8.0834817620383 3.39300922252844 21.2687917057279 15.0788702420326 -0.0771754043536146 19.9770825323309 -0.0698750087152584 14.3290552097974 0.595608745978963 0 0.516109605541504 1.48790800912208 -0.155102175090044 0.23761765325331 1.78570482816813 1.21922591098548 -0.263169920194508 0.594697144159441 4.51637977013196 0.944683132830394 0.58477505190986 -13.1164008998854 -18.7414049910109 1.24519768417589 17.3993106021543 10.0467394912833 0 13.5468737937263 -0.874160631966852 0.705865813962121 -0.960433059218541 0 0.0703606859223734 -2.41878447859026 -1.70862130471907 -0.00272511171769591 -0.462485380686114 -0.390935229217138 
2.65257847096328 -19.6061065236368 5.75512571609818 3.23005655930846 0 21.2687917057279 3.82697485749469 -0.0771754043536146 22.3340620832211 0 14.3290552097974 -0.699111080644238 0.75899016615422 1.20186968389986 0.860422585560206 -0.155102175090044 0.867401597927046 1.78570482816813 1.31061227878119 1.456729500078 0.42169452054505 4.41871986287586 0 0 5.4091972417241 -21.5882046992836 18.96162224494 17.3993106021543 10.0467394912833 -18.8818193501243 9.71817587954838 -1.13230030413358 -0.0822749015420093 -0.667678957184627 -0.493103477458052 -1.3695590271985 2.29791148500885 -1.70862130471907 -0.00272511171769591 -1.56857905900505 0.892010547636082 
0 -8.20008195107807 -11.5656656547522 14.2524333333841 -2.80236759679502 1.6904822148804 7.63315461414547 -0.0771754043536146 8.71017002361369 0 14.3290552097974 1.09673194805939 -0.056031886057943 0 0.270073072374833 0.495501579947538 0.0317848022243869 1.78570482816813 1.27771223947765 1.55277195365763 0.594697144159441 4.51637977013196 -17.7299109090725 0.546975062460161 0 -9.44131235542768 17.0885945665131 19.4777762421769 19.3847518097305 -1.23201270510071 17.4242149374561 -0.874160631966852 0 -0.794477282801865 2.26721421987154 -1.90298209483874 2.16036358673142 -1.46783191220268 0.581065051635292 0.27169786375095 0 
1.57142565333233 -9.6165230449366 7.30142838116802 -2.09466155008164 0 0 3.84524594240135 12.7032875608202 11.1009721691958 0 14.3290552097974 0.595608745978963 0.0356107136772995 -0.406442748571952 0.860422585560206 0.577306153405135 0 0 1.94957700854148 0 0.594697144159441 4.51637977013196 -17.7299109090725 0.546975062460161 9.08221915638178 -9.44131235542768 20.4858299084407 -2.05287800014619 17.0506466827591 2.7954618366414 17.4242149374561 -0.874160631966852 0 -0.794477282801865 -0.0593000749029685 -1.64466012438976 2.16036358673142 -1.9524874333071 0.220793035552275 0 0 
2.57014966626553 -9.6165230449366 -12.6065675134801 4.05220477541546 3.39300922252844 17.3482750343849 3.84524594240135 -0.0771754043536146 19.3124487819674 -1.90690950742313 14.3290552097974 0.595608745978963 0 -0.237615728470318 1.48790800912208 0 0 1.78570482816813 1.21922591098548 -0.901204284895772 0.594697144159441 4.51637977013196 -1.87978522269045 -16.539486076934 -13.1164008998854 7.20691330647418 17.6326684363338 11.736142372124 16.2473004009562 7.65148613958223 12.1851239914937 -0.874160631966852 -0.23258512202305 0 0 -0.221321241404545 1.46405320403355 -2.01234856421703 0.461214881078906 0.627150817041821 0.892010547636082 
0 -8.20008195107807 2.13387962721003 6.71250458781724 9.0056994075215 3.11781161430656 -4.17879500686135 -0.0771754043536146 19.9770825323309 0 15.2766814170762 1.09673194805939 0 0 -0.619922678596304 0.495501579947538 0 1.78570482816813 1.21922591098548 0 0.591217487878733 0 15.9200203152699 -1.05203276353517 7.11130042519015 15.718997639799 -1.88031982613277 15.8907709634354 19.3847518097305 1.58678779503647 9.71817587954838 1.97945172897515 -0.322572452990605 -0.653569538357467 -0.263426238784299 0.368912837034516 -1.81739824908664 -2.1462855056982 0.581065051635292 -0.462485380686114 0.892010547636082 
2.57036047570913 -19.6061065236368 5.75512571609818 3.23005655930846 0 21.2687917057279 10.3223563201364 -0.0771754043536146 19.9770825323309 2.84413004202961 14.3290552097974 -0.699111080644238 0.75899016615422 1.20186968389986 0.860422585560206 0.366502849043581 -0.4685893375094 1.78570482816813 1.21922591098548 0.88817023583137 0.42169452054505 0 0 -2.8712082465278 0 10.4952098105546 14.7024857542023 17.3993106021543 7.54197774023841 -18.8818193501243 9.71817587954838 1.97945172897515 -0.37509373790356 -0.399786077067156 0 0 1.21376743829053 -1.70862130471907 -0.00272511171769591 -1.56857905900505 0.892010547636082 
2.57036047570913 -19.9408373859668 3.19567573822368 10.9122204285638 5.51742845897909 21.2687917057279 3.84524594240135 -0.0771754043536146 19.9770825323309 2.84413004202961 14.3290552097974 -0.0292266572449481 0.75899016615422 -0.0821727255928202 1.40742201549347 0.366502849043581 0 1.78570482816813 1.21922591098548 0.88817023583137 0.42169452054505 -7.70568800093871 -0.749227824504128 4.4710669780481 0 10.4952098105546 17.6326684363338 17.3993106021543 10.0467394912833 -18.8818193501243 9.71817587954838 0 -0.420737923225732 -0.676888563985419 0 0 1.46405320403355 -1.70862130471907 -0.00272511171769591 -1.56857905900505 0.892010547636082 
2.56988634506748 -11.9518320115059 5.75512571609818 8.0834817620383 0 21.2687917057279 3.84524594240135 -0.0771754043536146 19.9770825323309 2.84413004202961 -4.84609227548171 -0.848762750117463 0.75899016615422 0.516109605541504 0.860422585560206 0.366502849043581 0 1.78570482816813 1.21922591098548 0.88817023583137 -0.555537694387854 4.51637977013196 -1.87978522269045 1.07730470631612 0 12.2200231809728 17.6326684363338 17.3993106021543 22.2941399634788 18.4724600017641 5.20655095102571 -1.06020367603759 -0.23258512202305 -0.951575753493968 2.26721421987154 0 0.713218044635476 -1.70862130471907 0.202662050725269 1.74054222448754 0.421053572102009 
0 -19.6061065236368 -12.6065675134801 8.0834817620383 0 21.2687917057279 3.84524594240135 -0.0771754043536146 2.06952411451821 2.84413004202961 14.3290552097974 -0.699111080644238 0 0.516109605541504 0.860422585560206 -0.155102175090044 -0.25832338604998 1.78570482816813 0.0348374208783905 0.88817023583137 0.594697144159441 4.51637977013196 -17.7299109090725 -2.8712082465278 2.743492905583 -21.5882046992836 18.96162224494 13.4346862329797 0 -18.8818193501243 9.71817587954838 -0.874160631966852 0 -0.667678957184627 -0.360016824197963 -0.672353881924578 2.29791148500885 -1.3239385954309 0.855582403072893 -1.56857905900505 0.892010547636082 
2.57036047570913 -15.1649440523074 5.75512571609818 3.23005655930846 0 17.3482750343849 3.82697485749469 -0.0771754043536146 19.9770825323309 2.84413004202961 15.2766814170762 -0.667015781936709 0.75899016615422 1.20186968389986 0.860422585560206 0 0.867401597927046 1.78570482816813 1.21922591098548 0.88817023583137 0.591217487878733 4.51637977013196 -1.87978522269045 0.546975062460161 -13.1164008998854 10.4952098105546 17.6326684363338 17.3993106021543 22.2941399634788 7.65148613958223 17.4242149374561 -0.874160631966852 -0.23258512202305 -0.794477282801865 0 0 1.46405320403355 -1.70862130471907 0.202662050725269 0.627150817041821 -0.509900116939051 
1.57142565333233 -19.6061065236368 5.75512571609818 3.23005655930846 -3.84526293526649 21.2687917057279 3.82697485749469 -2.68619165601497 19.9770825323309 -0.71081114712209 -0.247605343464578 -0.699111080644238 0.75899016615422 1.20186968389986 0.149169282824346 -0.155102175090044 0.867401597927046 1.28585984893882 1.21922591098548 -0.263169920194508 -0.691457366464407 4.51637977013196 0.944683132830394 -2.8712082465278 5.4091972417241 -18.7414049910109 0 17.3993106021543 10.0467394912833 -18.8818193501243 9.71817587954838 -0.874160631966852 0.705865813962121 -0.667678957184627 -0.493103477458052 0.0703606859223734 -1.81739824908664 -1.70862130471907 -0.00272511171769591 -1.56857905900505 1.08447856767312 
1.57142565333233 -15.1649440523074 -12.6065675134801 1.70414736219875 0 14.6344713646381 3.82697485749469 16.3129016738445 19.9770825323309 2.84413004202961 -4.84609227548171 -0.667015781936709 0 0 0.860422585560206 0.366502849043581 0.867401597927046 0 1.21922591098548 0.88817023583137 -0.30158478555809 4.51637977013196 -17.7299109090725 -16.539486076934 0 14.2060071027866 1.97218097752062 13.4346862329797 10.0467394912833 18.4724600017641 17.4242149374561 -0.874160631966852 0.0310912653948605 0 2.26721421987154 -0.0364983679617282 -1.81043249962406 -1.3239385954309 -0.00272511171769591 1.74054222448754 0 
2.56724440744673 -9.6165230449366 2.13387962721003 0.0613517483050711 0 17.3482750343849 3.84524594240135 -0.0771754043536146 19.3124487819674 0 15.2766814170762 0.595608745978963 0 -0.237615728470318 1.39766068347621 -0.0962358531058933 0 1.78570482816813 1.21922591098548 0 0.591217487878733 4.51637977013196 -17.7299109090725 0.546975062460161 -13.1164008998854 14.9860957893478 14.255302319585 11.736142372124 16.2473004009562 11.2722498214674 12.1851239914937 -0.874160631966852 0 -0.794477282801865 0 0 1.62074760781636 -2.01234856421703 0.461214881078906 0.796011826021602 0.892010547636082 
2.56967445372853 -8.20008195107807 -12.6065675134801 14.2524333333841 -2.80236759679502 3.11781161430656 15.0788702420326 14.3219155197134 8.71017002361369 0 14.3290552097974 1.09673194805939 0.282310630885097 0 0.270073072374833 0.495501579947538 0.23761765325331 -0.582755150498243 1.27771223947765 1.55277195365763 0.594697144159441 4.83790607617139 1.66358138861301 0.58477505190986 -14.3428558916519 -9.44131235542768 17.0885945665131 19.4777762421769 0 7.65148613958223 9.05416622536917 -0.886495653505668 -0.842592595882058 -0.960433059218541 0.335774360576539 -1.90298209483874 2.16036358673142 -1.46783191220268 0.0967945445733119 0.627150817041821 0.892010547636082 
2.57009741187275 -9.6165230449366 2.13387962721003 8.0834817620383 0 0 3.82697485749469 -0.0771754043536146 19.9770825323309 0 14.3290552097974 0.595608745978963 0 0.516109605541504 0.860422585560206 0.495501579947538 0.867401597927046 1.78570482816813 1.21922591098548 0 0.42169452054505 0 0 -1.05203276353517 -3.21213010103075 10.4952098105546 16.6679209721358 17.3993106021543 19.3847518097305 1.58678779503647 12.1851239914937 1.97945172897515 0 -0.653569538357467 1.80799649540707 0 1.89857760578793 -1.70862130471907 0.581065051635292 -0.462485380686114 0.892010547636082 
1.57142565333233 -20.360848803637 5.75512571609818 1.08469953911132 7.34606078842006 0.797857418375955 3.84524594240135 12.7032875608202 7.17129616400753 2.84413004202961 14.3290552097974 -1.34688545654848 0.75899016615422 0.383975242461998 0.76188256395137 -0.0635586921049089 0 0 1.27771223947765 0.88817023583137 0.594697144159441 4.51637977013196 13.8948257145913 5.43270056668329 -17.4379540257333 8.48906633264342 13.4998314276337 17.3993106021543 0 -1.99247721675433 0 -0.874160631966852 -0.345340259049712 -0.230153424074013 -1.82784736913994 0 0.831472883835189 -1.70862130471907 0.249457139638 -0.418065901565396 -0.044609132243604 
2.56988634506748 -19.6061065236368 5.75512571609818 8.0834817620383 13.7380100106765 21.2687917057279 3.82697485749469 -0.0771754043536146 19.9770825323309 2.84413004202961 0.00548789510758961 -0.699111080644238 0.0388435450377148 0.516109605541504 -1.47065965604533 0.366502849043581 0.867401597927046 1.78570482816813 1.21922591098548 0.88817023583137 0.252594015711264 4.51637977013196 0 4.4710669780481 0 -21.5882046992836 17.6326684363338 17.3993106021543 16.3056339526808 -18.8818193501243 9.71817587954838 -0.874160631966852 0 -0.676888563985419 0 -0.672353881924578 0.713218044635476 -1.70862130471907 0.581065051635292 -1.56857905900505 0.892010547636082 
1.57142565333233 -9.6165230449366 1.68475647714676 8.0834817620383 0 3.22595562870892 3.82697485749469 3.40409231463172 10.8199533856101 2.84413004202961 -1.93703772171262 0.595608745978963 1.48228125156941 0.516109605541504 0.860422585560206 0.507067203850982 0.867401597927046 1.32337343193282 1.27771223947765 0.88817023583137 0.252594015711264 4.51637977013196 0 4.4710669780481 -13.1164008998854 -21.5882046992836 18.96162224494 19.4777762421769 10.0467394912833 7.65148613958223 9.71817587954838 -0.874160631966852 -0.0822749015420093 -0.676888563985419 0 -0.672353881924578 2.29791148500885 -1.46783191220268 -0.00272511171769591 0.627150817041821 1.08447856767312 
2.57036047570913 -19.6061065236368 5.75512571609818 8.0834817620383 0 3.11781161430656 2.82187173304701 -0.0771754043536146 18.1124276659044 -3.50348348256828 -4.84609227548171 -0.699111080644238 0.75899016615422 0.516109605541504 0.860422585560206 0.495501579947538 0.79409043040317 1.78570482816813 1.32666692572025 -0.0927300444304617 -0.555537694387854 4.51637977013196 0 0.762630323512774 -17.7115514211876 10.4952098105546 2.62567526075322 -2.05287800014619 9.90086834183935 18.4724600017641 12.1851239914937 -0.874160631966852 0 -0.35486993205029 -1.52048759140097 0 -1.77855653046097 -1.9524874333071 0.63653811690702 1.74054222448754 0.892010547636082 
2.56988634506748 -9.6165230449366 2.13387962721003 1.40910596987657 0 0 3.84524594240135 14.3219155197134 2.06952411451821 0 14.3290552097974 0.595608745978963 0 0 0.860422585560206 0.495501579947538 0 -0.582755150498243 0.0348374208783905 1.01454909248955 0.594697144159441 4.51637977013196 -17.7299109090725 -16.5850135650416 0 -9.44131235542768 17.6326684363338 19.4777762421769 16.2473004009562 7.65148613958223 17.4242149374561 -0.874160631966852 0 -0.0707014139139566 2.26721421987154 -1.64466012438976 1.46405320403355 -1.46783191220268 0.417506059793525 0.627150817041821 0 
0 -5.82051705984423 -12.6065675134801 8.0834817620383 3.39300922252844 3.11781161430656 3.82697485749469 -0.0771754043536146 17.2247705823624 2.84413004202961 14.3290552097974 1.37689085099236 0 0.516109605541504 1.48790800912208 0.495501579947538 0.867401597927046 1.78570482816813 1.21922591098548 0.88817023583137 0.594697144159441 4.51637977013196 -1.87978522269045 0.546975062460161 -13.1164008998854 9.41043393332997 17.6326684363338 17.3993106021543 16.2473004009562 7.65148613958223 12.1851239914937 -0.888045915285147 -0.23258512202305 -0.794477282801865 0 -0.53995364456901 1.46405320403355 -1.70862130471907 0.461214881078906 0.627150817041821 0.892010547636082 
