100
10
2.85401682280935 -9.6165230449366 2.13387962721003 -10.3638491455297 0 12.7497409259201 2.82187173304701 19.0058825253536 2.06952411451821 0 15.2766814170762 0.595608745978963 0 0 0.860422585560206 0 0.79409043040317 0 0.0348374208783905 1.55277195365763 0.591217487878733 -17.9936584914074 13.8948257145913 5.43270056668329 0 15.718997639799 3.13085404973517 13.0460968488111 0 18.4724600017641 -4.22133633644382 -1.77381643269854 0 -0.230153424074013 2.26721421987154 0.368912837034516 -1.81739824908664 -1.54860505999467 0.855582403072893 1.74054222448754 -0.044609132243604 
2.85401682280935 -9.6165230449366 4.05088333578356 6.71250458781724 0 0 2.82187173304701 12.7032875608202 2.06952411451821 -0.307268424195828 15.2766814170762 0.595608745978963 0 0 0.860422585560206 0.495501579947538 0.79409043040317 0 0.0348374208783905 -0.560845573437794 0.591217487878733 4.51637977013196 19.5161355920677 4.75644002943599 0 10.4952098105546 18.96162224494 17.3993106021543 19.3847518097305 1.58678779503647 -4.22133633644382 -0.874160631966852 0.722964002305159 -0.388893530442796 2.26721421987154 0 2.29791148500885 -1.70862130471907 0.581065051635292 -0.462485380686114 -0.044609132243604 
2.85401682280935 -9.6165230449366 2.13387962721003 6.71250458781724 0 0 2.82187173304701 16.16365037142 2.06952411451821 0 15.2766814170762 0.595608745978963 0 0 0.860422585560206 0.495501579947538 0.79409043040317 0 0.0348374208783905 0 0.591217487878733 4.51637977013196 13.8948257145913 -1.05203276353517 0 10.4952098105546 18.96162224494 10.2228014886718 19.3847518097305 1.58678779503647 -4.22133633644382 -0.874160631966852 0 -0.653569538357467 2.26721421987154 0 2.29791148500885 -1.54860505999467 0.581065051635292 -0.462485380686114 -0.044609132243604 
2.85401682280935 -9.6165230449366 7.30142838116802 0 0 0 2.82187173304701 12.7032875608202 1.18992964191825 -0.307268424195828 14.3290552097974 0.595608745978963 0.0356107136772995 -0.350463444455743 0.860422585560206 0.495501579947538 0.79409043040317 0 0.510160379144438 -0.560845573437794 0.594697144159441 17.8765355828575 19.5161355920677 4.75644002943599 -13.1164008998854 8.74422812601283 3.13085404973517 17.3993106021543 19.3847518097305 7.65148613958223 0 0.317181885650932 0.72311685530614 -0.388893530442796 0 -0.594654094937562 -1.81739824908664 -1.70862130471907 0.581065051635292 0 -0.044609132243604 
2.85185714873173 -8.20008195107807 5.75512571609818 0 1.52916748615874 3.11781161430656 2.82187173304701 12.7032875608202 19.9770825323309 -2.06931370341653 11.0606298292105 1.09673194805939 0.75899016615422 -0.350463444455743 1.23595773071794 0.495501579947538 0.79409043040317 0 1.21922591098548 -1.22770558837694 0.921548834732524 17.8765355828575 19.5161355920677 -5.22881116407402 -14.4431679363331 10.4952098105546 18.96162224494 17.3993106021543 19.3847518097305 10.4032606837355 0.22068421948733 0.317181885650932 0.72311685530614 -0.667678957184627 -0.259408905370817 0 2.57854126267533 -1.70862130471907 0.581065051635292 0.0296732862245633 -0.044609132243604 
2.56967445372853 -9.86055650869876 -12.6065675134801 3.59759195286203 1.52916748615874 17.3482750343849 3.84524594240135 12.7032875608202 19.9770825323309 1.67288945774682 14.3290552097974 1.09673194805939 0 -0.145946479144481 1.23595773071794 0 0 0 1.21922591098548 -0.126230486624982 0.594697144159441 5.427186761716 -1.87978522269045 -5.22881116407402 -14.4431679363331 7.20691330647418 18.96162224494 17.3993106021543 19.3847518097305 7.65148613958223 12.1851239914937 -1.37335570430074 -0.23258512202305 -0.667678957184627 -0.259408905370817 -0.221321241404545 2.57854126267533 -1.70862130471907 0.581065051635292 -0.0839662442654214 0.892010547636082 
2.85401682280935 -8.20008195107807 5.75512571609818 14.2524333333841 0.560331688663145 21.2687917057279 3.82697485749469 -1.26443329754492 19.9770825323309 3.59964146397525 14.3290552097974 1.09673194805939 0.806164592437523 0 0.860422585560206 -0.155102175090044 0.471831905842681 0.103233621894956 1.21922591098548 0.88817023583137 0.594697144159441 4.45314907918365 0 -5.22881116407402 -17.7115514211876 -21.5882046992836 18.96162224494 17.3993106021543 16.1866752375554 21.3171087949384 9.71817587954838 -0.474160196829662 0.0297454405900768 -0.667678957184627 -1.52048759140097 -0.672353881924578 1.79199848701339 -1.70862130471907 0.581065051635292 1.74054222448754 0.892010547636082 
2.85282505739307 -9.6165230449366 2.8344479789885 14.2524333333841 -2.34393663289674 0 3.82697485749469 -0.0771754043536146 10.8199533856101 0.617433711987656 14.3290552097974 0.595608745978963 1.6489678213368 0 0.53326420780889 0.495501579947538 0.867401597927046 1.78570482816813 1.27771223947765 -0.263169920194508 0.42169452054505 7.68102710548836 0 -1.05203276353517 2.05315813343188 -7.94403869141547 16.6679209721358 17.3993106021543 19.3847518097305 1.58678779503647 17.4242149374561 -0.23366677472073 -0.498350015421561 -0.653569538357467 -0.352797822608984 -1.80536125464615 1.89857760578793 -1.70862130471907 0.581065051635292 -0.462485380686114 0 
2.85282505739307 -9.6165230449366 3.94357362014408 3.23005655930846 3.39300922252844 24.8471354462892 16.1023454632155 -0.0771754043536146 19.9770825323309 -0.0698750087152584 1.77938435379387 0.595608745978963 0 1.20186968389986 1.48790800912208 0.0713628322497769 0.23761765325331 1.78570482816813 1.21922591098548 -0.263169920194508 -0.58537630092603 4.51637977013196 -1.87978522269045 -2.8712082465278 -13.1164008998854 -18.2150560659427 1.24519768417589 19.4777762421769 16.2473004009562 2.7954618366414 15.4001649952262 -0.874160631966852 -0.23258512202305 -0.667678957184627 0 0.221173366341355 -2.9477450249287 -1.46783191220268 0.461214881078906 0.256481619731747 0.77956829406301 
2.85296702945728 -15.1649440523074 7.29248250422184 14.2524333333841 3.39300922252844 2.11716746118253 3.82697485749469 -0.0771754043536146 22.3340620832211 0.112371983175339 -4.84609227548171 -0.667015781936709 0.493731254899749 0.557846121330674 1.48790800912208 0.455489467249946 0.867401597927046 1.78570482816813 1.31061227878119 1.24312016103096 -0.555537694387854 0 -1.87978522269045 0 0 -21.5882046992836 17.6326684363338 17.3993106021543 0 -19.3184636123099 12.1851239914937 1.97945172897515 -0.23258512202305 -0.667678957184627 0 -0.80953590087571 1.46405320403355 -1.70862130471907 0.855582403072893 -1.17049035844882 0.892010547636082 
0 -9.78371908857195 -12.6065675134801 8.0834817620383 3.39300922252844 17.3482750343849 18.1472615687164 -0.34580213501854 18.1124276659044 2.84413004202961 14.3290552097974 0.595608745978963 0 0.516109605541504 1.48790800912208 0 -0.677250351620489 2.23786608052806 1.32666692572025 0.88817023583137 0.594697144159441 4.51637977013196 -15.0430522985026 0.58477505190986 -13.1164008998854 -18.7414049910109 -0.484130135217742 15.0987281216535 16.2473004009562 7.65148613958223 12.1851239914937 -0.874160631966852 0.777818305035037 -0.960433059218541 0 0.0703606859223734 -2.23175890107255 -2.01234856421703 0.461214881078906 -0.0839662442654214 0.892010547636082 
0 -9.6165230449366 -12.6065675134801 8.0834817620383 0 0 3.84524594240135 12.2685085072501 1.18992964191825 -1.85042631989365 15.4861697468842 0.595608745978963 0 0.516109605541504 1.39766068347621 0.495501579947538 0 -0.535785318303753 -0.263255857053798 -0.983977416029189 0.47055417253196 1.46904770725828 -17.7299109090725 0.546975062460161 -13.1164008998854 14.9860957893478 17.6326684363338 11.4688001758739 0 11.2722498214674 10.7273965390527 -0.637190314120236 0 -0.794477282801865 0 0 1.46405320403355 -1.63734073681633 0.249457139638 0.646252177281423 0.288980994852717 
2.85227568115202 -9.6165230449366 3.94357362014408 3.23005655930846 0 17.7051188946725 2.82187173304701 -0.0771754043536146 18.1124276659044 0 14.3290552097974 0.595608745978963 0 1.20186968389986 0.860422585560206 0.366502849043581 0.79409043040317 1.78570482816813 1.32666692572025 0 0.594697144159441 4.51637977013196 -1.87978522269045 0 5.4091972417241 10.4952098105546 1.24519768417589 17.3993106021543 11.1529800113072 1.58678779503647 0 -0.874160631966852 -0.967597611387073 -0.667678957184627 -0.493103477458052 0 -2.41878447859026 -1.70862130471907 -0.00272511171769591 -0.462485380686114 -0.044609132243604 
2.85206656194692 -9.78371908857195 5.15372766144747 8.0018293219627 3.39300922252844 17.7051188946725 2.82187173304701 -0.0771754043536146 18.1124276659044 -2.80035309344547 14.3290552097974 0.595608745978963 0.458565329782928 0.564712925318029 1.48790800912208 0.366502849043581 0.383149220567732 1.78570482816813 1.32666692572025 0 0.594697144159441 0 -1.87978522269045 0.58477505190986 0 7.20691330647418 17.6326684363338 17.3993106021543 10.0467394912833 2.80304112206355 17.4242149374561 1.97945172897515 -0.23258512202305 -0.960433059218541 0 -0.221321241404545 1.50988520317706 -1.70862130471907 -0.00272511171769591 0.176467678168075 0 
2.85206656194692 -7.96469454465653 3.94357362014408 -2.17944260206047 3.39300922252844 17.7051188946725 2.82187173304701 -0.0771754043536146 18.1124276659044 -2.80035309344547 14.3290552097974 0.163984711600461 0 -0.0703306671512922 1.48790800912208 0.366502849043581 0.79409043040317 1.78570482816813 1.32666692572025 0 0.594697144159441 20.127102311946 -1.87978522269045 0.58477505190986 -13.1164008998854 -18.7414049910109 1.24519768417589 19.4777762421769 19.3847518097305 2.80304112206355 0 0.723841022720486 -0.23258512202305 -0.355160973647219 0 0.0703606859223734 -2.41878447859026 -1.46783191220268 0.581065051635292 0.176467678168075 -0.044609132243604 
2.57251523508209 -19.5912941736361 5.75512571609818 3.97132685360095 5.51742845897909 21.2687917057279 3.84524594240135 -0.0771754043536146 20.0620747060338 1.83768806752641 14.3290552097974 -1.04283780984713 0.75899016615422 0.670913655041211 1.40742201549347 0.366502849043581 0 1.78570482816813 1.23511853673268 0.695830386884432 0.42169452054505 -4.18107188832065 0 1.10702093625768 0 -21.5882046992836 18.96162224494 17.3993106021543 10.0467394912833 -18.8818193501243 9.71817587954838 -0.00300422802707377 -0.0822749015420093 -0.667678957184627 0 -1.3695590271985 2.29791148500885 -1.70862130471907 -0.00272511171769591 -1.56857905900505 0.892010547636082 
2.85255097517233 -9.6165230449366 2.8344479789885 16.9659098322345 0 21.2687917057279 -4.17879500686135 -0.0771754043536146 9.48171761707948 0.617433711987656 0.00548789510758961 0.595608745978963 1.6489678213368 0.57008058175914 0.828666320130539 0.366502849043581 0 1.78570482816813 1.27771223947765 -0.263169920194508 0.252594015711264 7.68102710548836 -15.0430522985026 6.3126108834113 0 -7.94403869141547 20.4858299084407 0 15.8366649014813 7.65148613958223 17.4242149374561 -0.23366677472073 0.777818305035037 -0.676888563985419 0 -1.80536125464615 2.16036358673142 -0.699646122753455 0.461214881078906 0.627150817041821 0 
2.85189431548331 -9.6165230449366 -11.5242238201547 0 3.39300922252844 21.2687917057279 15.0788702420326 -0.0771754043536146 18.1124276659044 -2.80035309344547 14.3290552097974 0.595608745978963 -0.193658908574683 -0.350463444455743 1.48790800912208 -0.155102175090044 0.23761765325331 1.78570482816813 1.32666692572025 0 0.594697144159441 17.8765355828575 -1.87978522269045 0.58477505190986 -13.1164008998854 -18.7414049910109 0 17.3993106021543 19.3847518097305 2.80304112206355 9.71817587954838 0.317181885650932 -0.23258512202305 -0.960433059218541 0 0.0703606859223734 -1.81739824908664 -1.70862130471907 0.581065051635292 0.176467678168075 0.892010547636082 
2.85154247632257 -9.6165230449366 3.94357362014408 6.40022221775736 3.39300922252844 17.3482750343849 3.84524594240135 -0.0771754043536146 18.1124276659044 -0.0698750087152584 14.3290552097974 0.595608745978963 0 0.963090784811923 1.48790800912208 0 0 1.78570482816813 1.32666692572025 -0.263169920194508 0.594697144159441 4.51637977013196 -1.87978522269045 4.04985858486027 -13.1164008998854 -18.7414049910109 -0.484130135217742 19.4777762421769 16.2473004009562 -0.430134157384808 12.1851239914937 -0.874160631966852 -0.23258512202305 -1.07924685198313 0 0.0703606859223734 -2.23175890107255 -1.46783191220268 0.461214881078906 0.102783863201171 0.892010547636082 
2.85282505739307 -9.6165230449366 -12.6065675134801 3.23005655930846 0 12.7497409259201 2.82187173304701 -0.0771754043536146 22.3340620832211 0 15.2766814170762 0.778663264717284 0 1.20186968389986 0.860422585560206 0 0.79409043040317 1.78570482816813 1.31061227878119 1.456729500078 0.591217487878733 4.51637977013196 -1.87978522269045 5.43270056668329 0 -21.5882046992836 3.13085404973517 11.736142372124 0 3.89367877249312 12.1851239914937 -0.596963967241796 -0.23258512202305 -0.230153424074013 2.26721421987154 -0.672353881924578 -1.81739824908664 -2.01234856421703 0.855582403072893 -0.0839662442654214 0.892010547636082 
2.85258881000389 -15.1649440523074 2.65785999801376 3.23005655930846 2.95717485444954 8.13799266805314 3.82697485749469 -0.0771754043536146 19.9770825323309 2.84413004202961 -4.84609227548171 -0.667015781936709 1.51706056500183 1.20186968389986 0.860422585560206 0.366502849043581 0.867401597927046 1.78570482816813 1.21922591098548 0.88817023583137 -0.30158478555809 4.51637977013196 -17.7299109090725 -16.539486076934 0 14.2060071027866 17.6326684363338 20.7370270744371 10.0467394912833 -18.8818193501243 17.4242149374561 -0.874160631966852 0.0310912653948605 0 2.26721421987154 -0.0768487838082244 1.46405320403355 -2.28523889834771 -0.00272511171769591 -1.56857905900505 -0.509900116939051 
2.85154247632257 -19.6061065236368 2.65785999801376 3.23005655930846 0 8.13799266805314 3.73385581624874 -0.0771754043536146 19.9770825323309 2.84413004202961 14.3290552097974 -0.699111080644238 1.51706056500183 1.20186968389986 0.860422585560206 0.366502849043581 0.79409043040317 1.78570482816813 1.21922591098548 0.88817023583137 0.594697144159441 4.51637977013196 -1.87978522269045 0 5.4091972417241 -21.5882046992836 20.5406280941286 17.3993106021543 11.1529800113072 -18.8818193501243 0 -0.874160631966852 -0.23258512202305 -0.667678957184627 -0.493103477458052 -1.3695590271985 2.09666467276246 -1.70862130471907 -0.00272511171769591 -1.56857905900505 -0.044609132243604 
2.60016880146408 -19.6061065236368 -12.6065675134801 3.23005655930846 9.92576415565599 24.5074273484095 3.84524594240135 -0.0771754043536146 22.3340620832211 0 14.3290552097974 -0.699111080644238 0 1.20186968389986 -1.8872255875297 -0.308842445448433 0 1.78570482816813 1.31061227878119 1.456729500078 0.594697144159441 4.51637977013196 -1.87978522269045 0 -13.1164008998854 -19.1712905322068 17.6326684363338 11.736142372124 7.54197774023841 3.89367877249312 13.8489657608089 -0.874160631966852 -0.23258512202305 -0.667678957184627 0 -0.672353881924578 1.46405320403355 -2.01234856421703 -0.00272511171769591 -0.0839662442654214 1.63189182484145 
0 -15.1649440523074 5.75512571609818 3.23005655930846 7.13850449469802 3.11781161430656 15.0788702420326 -0.0771754043536146 20.5930068473765 -0.0698750087152584 14.3290552097974 -0.667015781936709 0.75899016615422 1.20186968389986 -0.961709470051205 0.495501579947538 -0.381484175222685 1.78570482816813 1.12706305452951 -0.263169920194508 0.42169452054505 0 -17.7299109090725 -2.8712082465278 2.84366198270286 -21.5882046992836 -3.24795078115908 17.3993106021543 10.0526542650781 -18.8818193501243 13.5468737937263 1.97945172897515 0 -0.667678957184627 2.91075885829085 -0.672353881924578 -2.46660783901187 -1.70862130471907 0.402963206545898 -1.56857905900505 -0.390935229217138 
2.64235998734011 -9.6165230449366 -12.6065675134801 3.23005655930846 3.39300922252844 17.3482750343849 3.82697485749469 -0.0771754043536146 20.0620747060338 1.67288945774682 14.3290552097974 0.595608745978963 0 1.20186968389986 1.48790800912208 0 0.867401597927046 1.78570482816813 1.23511853673268 -0.0565693488282011 0.594697144159441 4.51637977013196 0 -19.5475331334153 5.4091972417241 7.20691330647418 17.6326684363338 11.736142372124 16.2473004009562 11.3879087643642 9.71817587954838 -0.874160631966852 -0.0822749015420093 -0.198812838391779 -0.493103477458052 -0.221321241404545 1.46405320403355 -2.01234856421703 0.461214881078906 -0.0839662442654214 0.892010547636082 
2.57251523508209 -15.1649440523074 1.51465818996758 0 9.92576415565599 17.7051188946725 3.82697485749469 -0.0771754043536146 22.3340620832211 2.84413004202961 14.3290552097974 -0.667015781936709 0.536902462847951 -0.350463444455743 -1.77441399069243 0.366502849043581 0.867401597927046 1.78570482816813 1.31061227878119 0.88817023583137 0.594697144159441 17.8765355828575 -14.2732467621207 0.58477505190986 0 -18.7414049910109 14.7024857542023 17.3993106021543 19.3847518097305 0 17.0681211807617 0.317181885650932 0.213061995088617 -0.960433059218541 1.52201228954923 0.0703606859223734 1.21376743829053 -1.70862130471907 0.581065051635292 -0.462485380686114 -0.0872464665943973 
1.57142565333233 -19.6061065236368 3.94357362014408 0 -0.345942022742677 3.11781161430656 6.45628218674393 -0.0771754043536146 22.3340620832211 2.84413004202961 14.3290552097974 -0.699111080644238 0 -0.350463444455743 0.586827653109481 0.495501579947538 1.55569580860236 1.78570482816813 1.31061227878119 0.88817023583137 0.594697144159441 17.8765355828575 -17.7299109090725 0.58477505190986 0 -18.7414049910109 17.6326684363338 17.3993106021543 19.3847518097305 0 5.20655095102571 0.317181885650932 0 -0.960433059218541 2.26721421987154 0.0703606859223734 0.998840803512764 -1.70862130471907 0.581065051635292 -0.462485380686114 0.421053572102009 
2.571571100989 -8.20008195107807 -12.6065675134801 14.2524333333841 3.97740714905197 1.39652476119647 3.84524594240135 14.3219155197134 8.71017002361369 0 14.3290552097974 1.09673194805939 0.487258646049191 0 -0.334902758898634 0.495501579947538 0 -0.582755150498243 1.27771223947765 1.01454909248955 0.594697144159441 4.51637977013196 -1.4152920174018 0.546975062460161 -13.5787592957163 -8.1194014940734 20.4858299084407 19.4777762421769 16.2473004009562 7.65148613958223 17.4242149374561 -0.874160631966852 -0.515913718028885 -0.794477282801865 0.741418831498091 -1.64466012438976 2.16036358673142 -1.46783191220268 0.417506059793525 0.627150817041821 0 
2.56962366136775 -15.1649440523074 5.75512571609818 14.2524333333841 3.39300922252844 2.11716746118253 3.84524594240135 -0.0771754043536146 17.2247705823624 0 -5.60504313588843 -0.667015781936709 0.701114438591113 0.557846121330674 1.48790800912208 0.455489467249946 0 1.78570482816813 1.21922591098548 1.24312016103096 -0.555537694387854 4.51637977013196 -1.87978522269045 1.07730470631612 0 -21.5882046992836 17.6326684363338 17.3993106021543 19.3847518097305 -18.8818193501243 12.0309091928559 -1.06020367603759 -0.662709155465806 -0.951575753493968 2.26721421987154 -0.80953590087571 1.46405320403355 -1.70862130471907 0.581065051635292 -1.56857905900505 1.04955821920631 
2.57036047570913 -19.6061065236368 7.29248250422184 -3.70894236662841 0 1.09228262307229 3.84524594240135 -0.0771754043536146 18.1124276659044 -3.50348348256828 -4.84609227548171 -0.699111080644238 0.493731254899749 -0.928677100580501 0.860422585560206 1.14615855204228 0 1.78570482816813 1.32666692572025 -0.0927300444304617 -0.555537694387854 4.51637977013196 -1.87978522269045 -17.6049214339838 0 -21.5882046992836 2.62567526075322 19.8129305872661 0 18.4724600017641 12.1851239914937 -0.874160631966852 -0.23258512202305 -0.00226993484062606 2.26721421987154 -0.80953590087571 -1.77855653046097 -1.39532170068255 0.855582403072893 1.74054222448754 0.892010547636082 
2.57036047570913 -9.6165230449366 2.13387962721003 3.23005655930846 0.0724695343396019 0.797857418375955 3.82697485749469 -0.0771754043536146 19.9770825323309 0 15.2766814170762 0.595608745978963 0 1.20186968389986 1.48790800912208 -0.0635586921049089 0.867401597927046 1.78570482816813 1.21922591098548 1.55277195365763 0.591217487878733 2.77987331747071 13.8948257145913 5.43270056668329 0 8.48906633264342 16.6679209721358 17.3993106021543 -0.454312304712046 18.4724600017641 0 1.85175876359072 -0.345340259049712 -0.230153424074013 2.26721421987154 0 1.89857760578793 -1.70862130471907 0.691212511151662 1.74054222448754 -0.044609132243604 
2.57036047570913 -9.6165230449366 7.30142838116802 1.40910596987657 0 0 3.79158748315721 12.7032875608202 2.12906983419278 -1.64660221440559 14.3290552097974 0.595608745978963 0.0356107136772995 0 0.149359558964781 0.577306153405135 -0.333531512452071 0 0.329050810983894 -0.807855009742945 0.594697144159441 4.51637977013196 -17.7299109090725 5.43270056668329 0 10.4952098105546 17.6326684363338 17.3993106021543 -0.931372601716487 -0.580816987986125 17.4242149374561 -0.874160631966852 0 -0.230153424074013 2.26721421987154 0 1.45917439156173 -1.70862130471907 0.759239420685563 -0.462485380686114 0 
2.57036047570913 -9.6165230449366 3.45991814227771 14.2524333333841 0.692563614245766 6.79329176537846 3.82697485749469 -0.0771754043536146 19.9770825323309 0 14.3290552097974 0.595608745978963 -0.384853849790457 0.557846121330674 0.777352879507166 0.165578066150461 0.867401597927046 1.78570482816813 1.21922591098548 1.17758372275978 0.594697144159441 4.51637977013196 -4.35449690788728 0.546975062460161 -20.9979658359885 -9.44131235542768 16.6679209721358 17.3993106021543 0 2.7954618366414 12.1851239914937 -0.874160631966852 1.17851913858602 -0.794477282801865 -2.01765527618008 -2.42243965210972 1.89857760578793 -1.70862130471907 0.0967945445733119 -0.455247693348326 0.892010547636082 
2.57036047570913 -19.6061065236368 7.29248250422184 0 -2.67812249161216 0 3.84524594240135 -0.0771754043536146 19.9770825323309 -0.173089663974517 14.3290552097974 -0.699111080644238 0.493731254899749 -0.550279709692243 0.586827653109481 0.495501579947538 0 1.78570482816813 1.21922591098548 -0.0716119144864436 0.594697144159441 4.51637977013196 -1.87978522269045 1.39058398219784 3.3398776808008 14.9860957893478 17.6326684363338 17.3993106021543 0 1.01287162700336 5.20655095102571 -0.874160631966852 -0.23258512202305 0.173234727332943 -0.309161031879094 0 1.46405320403355 -1.70862130471907 0.855582403072893 -1.41350626714225 0.421053572102009 
2.57036047570913 -22.7329675017544 2.13387962721003 8.0834817620383 0 0 3.84524594240135 -0.0771754043536146 19.9770825323309 0 14.3290552097974 0.0695011027387813 0 0.516109605541504 0.860422585560206 0.495501579947538 0.551798150181676 1.78570482816813 1.21922591098548 0 0.42169452054505 0.682085523257072 0 -1.05203276353517 0 14.9860957893478 16.6679209721358 17.3993106021543 16.3056339526808 -21.9420639009644 9.71817587954838 1.27824266477872 0 -0.653569538357467 0 0 1.89857760578793 -1.70862130471907 0.581065051635292 -1.56857905900505 0.892010547636082 
2.57036047570913 -19.6061065236368 5.15372766144747 -2.64826294167352 -1.49356516643593 0 3.84524594240135 -0.0771754043536146 19.9770825323309 2.84413004202961 14.3290552097974 -0.699111080644238 0.458565329782928 -0.550279709692243 0.387499226949876 0.495501579947538 -0.296902272145684 1.78570482816813 1.21922591098548 0.88817023583137 0.594697144159441 0 -15.0430522985026 -0.88051125410968 1.14193178412594 7.20691330647418 17.6326684363338 17.3993106021543 10.0467394912833 1.01287162700336 9.71817587954838 1.97945172897515 0.777818305035037 0.485777144919046 -0.168785766907402 -0.221321241404545 1.02819702539043 -1.70862130471907 -0.00272511171769591 -1.13195885704456 0.288980994852717 
2.56914921254709 -11.9518320115059 5.75512571609818 9.42374222859449 -1.98433390212447 21.2687917057279 4.86737827666447 -0.0771754043536146 19.9770825323309 -0.923426816763089 0.00548789510758961 -0.848762750117463 0.75899016615422 0.463062130279402 0.908617530324784 0.366502849043581 0 1.78570482816813 1.21922591098548 0.88817023583137 0.252594015711264 4.52168711396944 0 1.07730470631612 8.10049480288312 10.4952098105546 18.96162224494 17.3993106021543 22.2941399634788 -16.6744351359431 5.20655095102571 -1.31971142822863 0 -0.951575753493968 -0.30901112334291 0 2.29791148500885 -1.70862130471907 0.202662050725269 -1.3576802537952 0.421053572102009 
0.748595936178965 -20.8347508398279 7.29248250422184 0 0 0 3.84524594240135 -0.0771754043536146 19.9770825323309 0 14.3290552097974 -0.306781071101679 0.493731254899749 -0.550279709692243 0.943764388418647 0.495501579947538 0 1.78570482816813 1.21922591098548 1.01454909248955 0.594697144159441 1.47007719449237 -1.87978522269045 -16.5850135650416 -3.4778750820448 14.9860957893478 17.6326684363338 19.8129305872661 0 1.01287162700336 5.20655095102571 -0.425570671123253 -0.23258512202305 -0.0707014139139566 2.78394258800146 0 1.46405320403355 -1.39532170068255 0.855582403072893 -1.13195885704456 0.421053572102009 
2.56888754534157 -9.6165230449366 2.13387962721003 2.10875931410527 0 21.2687917057279 3.82697485749469 -0.0771754043536146 10.8199533856101 0 15.2766814170762 0.595608745978963 0 1.20186968389986 0.828666320130539 0.366502849043581 0.867401597927046 1.78570482816813 1.27771223947765 1.55277195365763 0.591217487878733 7.68102710548836 -15.0430522985026 4.06483494330423 0 -7.94403869141547 20.4858299084407 17.3993106021543 0 18.4724600017641 17.4242149374561 -0.23366677472073 0.777818305035037 0.430495396224081 2.26721421987154 -1.80536125464615 2.16036358673142 -1.70862130471907 0.855582403072893 1.74054222448754 0 
1.57142565333233 -15.1649440523074 -12.6065675134801 3.23005655930846 9.92576415565599 21.2687917057279 3.84524594240135 -0.0771754043536146 19.9770825323309 1.75715444633139 -4.84609227548171 -0.667015781936709 0 1.20186968389986 -1.8872255875297 0.366502849043581 0 1.78570482816813 1.21922591098548 1.456729500078 -0.30158478555809 4.51637977013196 -1.87978522269045 0 -13.1164008998854 -21.5882046992836 17.6326684363338 20.7370270744371 7.54197774023841 3.89367877249312 12.1851239914937 -0.874160631966852 -0.23258512202305 -0.667678957184627 0 -0.672353881924578 1.46405320403355 -2.28523889834771 -0.00272511171769591 -0.0839662442654214 0.892010547636082 
2.57036047570913 -9.6165230449366 -12.6065675134801 3.59759195286203 3.39300922252844 17.3482750343849 3.84524594240135 -0.0771754043536146 17.7352625733638 1.67288945774682 14.3290552097974 0.747974397273722 0 -0.145946479144481 1.48790800912208 0 0 1.78570482816813 1.21922591098548 -0.126230486624982 0.594697144159441 4.51637977013196 -1.87978522269045 -19.5475331334153 -13.1164008998854 7.20691330647418 17.6326684363338 11.736142372124 13.9345744568317 7.65148613958223 12.1851239914937 -0.68684743831253 -0.23258512202305 -0.198812838391779 0 -0.221321241404545 1.46405320403355 -2.01234856421703 0.461214881078906 -0.0839662442654214 0.892010547636082 
2.57036047570913 -9.6165230449366 -16.1009588077203 8.0834817620383 3.39300922252844 21.2687917057279 -4.17879500686135 -0.0771754043536146 17.7038027659309 -0.0698750087152584 0.295809875962236 0.595608745978963 0.646693115572768 0.516109605541504 1.48790800912208 -0.155102175090044 0 1.78570482816813 1.22860722426726 -0.263169920194508 0.931566410465895 4.51637977013196 0.944683132830394 0.58477505190986 0 -7.94403869141547 1.24519768417589 17.3993106021543 9.36900191727048 7.65148613958223 17.0279344652211 -0.874160631966852 1.41387488699233 -0.960433059218541 0 -1.80536125464615 -2.41878447859026 -1.70862130471907 -0.312320508720502 0.627150817041821 -0.163146975176943 
2.56841277967297 -9.6165230449366 5.75512571609818 3.23005655930846 0 18.9134139843348 -1.31761275013798 -0.0771754043536146 19.9770825323309 -0.0698750087152584 -0.247605343464578 0.595608745978963 0.435522506239602 1.20186968389986 0.684997031141537 -0.106938016557572 0.737540519022169 1.78570482816813 1.21922591098548 -0.263169920194508 -0.691457366464407 4.51637977013196 0.118454890962902 -5.22881116407402 5.4091972417241 -22.4509716227888 0 21.2051998741483 19.3847518097305 2.7954618366414 9.71817587954838 -0.874160631966852 0 -0.667678957184627 -0.493103477458052 -0.0224020198790365 -1.81739824908664 -1.70862130471907 0.581065051635292 0.256481619731747 0.892010547636082 
2.57014966626553 -19.9408373859668 3.19567573822368 10.9122204285638 5.51742845897909 19.2916226264982 3.84524594240135 -0.0771754043536146 19.9770825323309 1.83768806752641 14.3290552097974 -0.0292266572449481 0.75899016615422 -0.291218493357868 1.40742201549347 0.366502849043581 -0.292061846806696 1.78570482816813 1.21922591098548 0.695830386884432 0.42169452054505 -7.70568800093871 -0.749227824504128 3.41095685244583 0 13.0538789221336 13.9086131769971 17.3993106021543 10.0467394912833 -17.595429010594 9.71817587954838 0 -0.420737923225732 -0.676888563985419 0 0.736861966204299 1.63333124287116 -1.70862130471907 -0.00272511171769591 -1.56857905900505 0.892010547636082 
2.57036047570913 -9.6165230449366 -12.6065675134801 3.59759195286203 3.39300922252844 0 3.84524594240135 -0.0771754043536146 19.3124487819674 0 17.6147394633688 0.595608745978963 0 -0.145946479144481 1.48790800912208 0.495501579947538 0 1.78570482816813 1.21922591098548 0 0.742080791966096 4.51637977013196 0 -19.5475331334153 -13.1164008998854 10.4952098105546 17.6326684363338 17.4294767988517 -0.582608647287175 1.58678779503647 11.1161847410333 -0.874160631966852 0 -0.198812838391779 0 0 1.46405320403355 -2.41563207911124 0.715302039694647 -0.462485380686114 0.892010547636082 
2.57014966626553 -15.1649440523074 2.65785999801376 8.0834817620383 0 8.13799266805314 16.0470816701637 -0.0771754043536146 19.9770825323309 -0.0698750087152584 -4.84609227548171 -0.667015781936709 1.51706056500183 0.516109605541504 0.860422585560206 0.366502849043581 0.10119500905331 1.78570482816813 1.21922591098548 -0.263169920194508 -0.30158478555809 4.51637977013196 2.65421858390524 -16.539486076934 -13.1164008998854 -18.7414049910109 17.6326684363338 20.7370270744371 10.0467394912833 0 17.4242149374561 -0.874160631966852 -0.28109782528649 0 0 0.0703606859223734 0.75247136457007 -2.28523889834771 -0.00272511171769591 -0.462485380686114 -0.509900116939051 
0 -9.6165230449366 2.13387962721003 8.0834817620383 0 0 3.82697485749469 -0.0771754043536146 22.7250792834326 0 14.3290552097974 0.595608745978963 0 0.516109605541504 0.860422585560206 0.495501579947538 0.867401597927046 1.78570482816813 0.897382333519581 0 0.42169452054505 0 -17.7299109090725 -1.05203276353517 2.84366198270286 -21.5882046992836 16.6679209721358 17.3993106021543 17.8190588265979 1.58678779503647 15.3965452475457 1.97945172897515 0 -0.653569538357467 2.91075885829085 -0.672353881924578 1.89857760578793 -1.70862130471907 0.581065051635292 -0.462485380686114 1.30053845099199 
2.57036047570913 -9.6165230449366 2.13387962721003 6.69565338811169 0 21.2687917057279 3.82697485749469 -0.0771754043536146 19.9770825323309 0 0.00548789510758961 0.595608745978963 0 0.113440549901426 0.860422585560206 0.366502849043581 0.867401597927046 1.78570482816813 1.21922591098548 0 0.252594015711264 4.52168711396944 -17.7299109090725 1.07730470631612 9.08221915638178 -21.5882046992836 16.6679209721358 17.3993106021543 19.3847518097305 -18.8818193501243 5.20655095102571 -1.31971142822863 0 -1.02926456650685 -0.0593000749029685 -0.672353881924578 1.89857760578793 -1.70862130471907 0.581065051635292 -1.56857905900505 0.421053572102009 
2.56936161289018 -9.6165230449366 4.48450508899265 8.0834817620383 0 0 0.615230471391805 -0.0771754043536146 19.9770825323309 0 14.3290552097974 0.595608745978963 0 0.516109605541504 0.66859683057228 0.495501579947538 1.50979400202157 1.78570482816813 1.21922591098548 0 0.42169452054505 0 0.412596367398555 -1.05203276353517 -3.21213010103075 10.4952098105546 15.7449563722568 17.3993106021543 19.3847518097305 1.58678779503647 12.1851239914937 1.97945172897515 -0.498350015421561 -0.653569538357467 1.80799649540707 0 2.10695559780437 -1.70862130471907 0.581065051635292 -0.462485380686114 0.892010547636082 
2.56988634506748 -16.8525914121198 5.74088333858684 8.0834817620383 0 22.6080074404171 3.84524594240135 -0.0771754043536146 19.9770825323309 2.84413004202961 14.3290552097974 -0.699111080644238 0.75899016615422 0.516109605541504 0.860422585560206 -0.794128951562628 0.551798150181676 1.78570482816813 1.21922591098548 0.88817023583137 0.42169452054505 3.12780401989715 -16.668808727371 -2.8712082465278 0 -21.5882046992836 17.6326684363338 17.3993106021543 16.3056339526808 -18.8818193501243 9.71817587954838 -0.988988607418252 0.368220192886991 -0.667678957184627 2.26721421987154 -1.3695590271985 -0.00347218213764555 -1.70862130471907 0.581065051635292 -1.56857905900505 0.892010547636082 
1.57142565333233 -9.6165230449366 2.13387962721003 -10.3638491455297 0 17.7051188946725 2.82187173304701 19.0058825253536 2.06952411451821 -2.80035309344547 15.2766814170762 0.595608745978963 0 0 0.860422585560206 0.366502849043581 0.79409043040317 0 0.0348374208783905 0 0.591217487878733 -17.9936584914074 13.8948257145913 5.43270056668329 0 7.20691330647418 17.6326684363338 17.3993106021543 0 18.4724600017641 17.4242149374561 -1.77381643269854 0 -0.230153424074013 2.26721421987154 -0.221321241404545 1.02819702539043 -1.70862130471907 0.855582403072893 1.74054222448754 0 
1.57142565333233 -9.6165230449366 -12.6065675134801 6.71250458781724 3.39300922252844 0 2.82187173304701 12.7032875608202 19.3124487819674 1.67288945774682 14.3290552097974 0.747974397273722 0 0 1.48790800912208 0.495501579947538 0.79409043040317 0 1.21922591098548 -0.126230486624982 0.594697144159441 4.51637977013196 19.5161355920677 4.75644002943599 0 7.20691330647418 17.6326684363338 11.736142372124 19.3847518097305 1.58678779503647 12.1851239914937 -0.874160631966852 0.722964002305159 -0.388893530442796 2.26721421987154 -0.221321241404545 1.46405320403355 -2.01234856421703 0.581065051635292 -0.462485380686114 0.892010547636082 
1.57142565333233 -9.6165230449366 2.13387962721003 6.71250458781724 0 0 2.82187173304701 14.3219155197134 8.71017002361369 0 14.3290552097974 0.595608745978963 0 0 0.860422585560206 0.495501579947538 0.79409043040317 -0.582755150498243 1.27771223947765 0 0.594697144159441 4.51637977013196 13.8948257145913 0.546975062460161 -13.5787592957163 10.4952098105546 20.4858299084407 10.2228014886718 16.2473004009562 1.58678779503647 17.4242149374561 -0.874160631966852 0 -0.794477282801865 0.741418831498091 0 2.16036358673142 -1.54860505999467 0.417506059793525 -0.462485380686114 0 
2.56936161289018 -7.96469454465653 3.94357362014408 0 3.39300922252844 17.7051188946725 2.82187173304701 -0.0771754043536146 1.18992964191825 -2.80035309344547 14.3290552097974 0.163984711600461 0 -0.350463444455743 1.48790800912208 0.366502849043581 0.79409043040317 1.78570482816813 0.510160379144438 0 0.594697144159441 17.8765355828575 -1.87978522269045 0.58477505190986 -13.1164008998854 -18.7414049910109 1.24519768417589 19.4777762421769 19.3847518097305 2.80304112206355 0 0.317181885650932 -0.23258512202305 -0.960433059218541 0 0.0703606859223734 -2.41878447859026 -1.46783191220268 0.581065051635292 0.176467678168075 -0.044609132243604 
2.57036047570913 -9.6165230449366 5.75512571609818 8.0834817620383 1.52916748615874 21.2687917057279 -4.17879500686135 -0.0771754043536146 17.7038027659309 -2.06931370341653 0.00548789510758961 0.595608745978963 0.75899016615422 0.516109605541504 1.23595773071794 -0.155102175090044 0 1.78570482816813 1.22860722426726 -1.22770558837694 0.252594015711264 4.51637977013196 0.944683132830394 0.58477505190986 -14.4431679363331 10.4952098105546 1.24519768417589 17.3993106021543 19.3847518097305 7.65148613958223 17.4242149374561 -0.874160631966852 1.41387488699233 -0.960433059218541 -0.259408905370817 0 -2.41878447859026 -1.70862130471907 0.581065051635292 0.627150817041821 0 
1.57142565333233 -9.78371908857195 5.15372766144747 3.59759195286203 1.52916748615874 17.3482750343849 2.82187173304701 12.7032875608202 18.1124276659044 1.67288945774682 14.3290552097974 0.595608745978963 0.458565329782928 -0.145946479144481 1.23595773071794 0 0.79409043040317 0 1.32666692572025 -0.126230486624982 0.594697144159441 0 -1.87978522269045 0.58477505190986 -14.4431679363331 7.20691330647418 17.6326684363338 17.3993106021543 10.0467394912833 2.80304112206355 12.1851239914937 1.97945172897515 -0.23258512202305 -0.960433059218541 -0.259408905370817 -0.221321241404545 1.02819702539043 -1.70862130471907 -0.00272511171769591 0.176467678168075 0.892010547636082 
0 -8.20008195107807 5.75512571609818 8.0834817620383 0 0 3.82697485749469 -0.0771754043536146 19.9770825323309 3.59964146397525 14.3290552097974 1.09673194805939 0.806164592437523 0.516109605541504 0.860422585560206 0.495501579947538 0.867401597927046 1.78570482816813 1.21922591098548 0.88817023583137 0.594697144159441 4.45314907918365 -17.7299109090725 -1.05203276353517 -17.7115514211876 -21.5882046992836 16.6679209721358 17.3993106021543 16.1866752375554 21.3171087949384 9.71817587954838 -0.474160196829662 0 -0.653569538357467 -1.52048759140097 -0.672353881924578 1.89857760578793 -1.70862130471907 0.581065051635292 1.74054222448754 0.892010547636082 
1.57142565333233 -9.6165230449366 2.8344479789885 3.23005655930846 9.92576415565599 21.2687917057279 3.84524594240135 -0.0771754043536146 22.3340620832211 0.617433711987656 14.3290552097974 0.595608745978963 1.6489678213368 1.20186968389986 -1.8872255875297 0.366502849043581 0 1.78570482816813 1.31061227878119 -0.263169920194508 0.594697144159441 7.68102710548836 0 0 0 -21.5882046992836 16.6679209721358 11.736142372124 19.3847518097305 3.89367877249312 13.8489657608089 -0.23366677472073 -0.498350015421561 -0.667678957184627 0 -0.672353881924578 1.89857760578793 -2.01234856421703 0.581065051635292 -0.0839662442654214 1.63189182484145 
0.748595936178965 -9.6165230449366 3.94357362014408 3.23005655930846 0.0724695343396019 0.797857418375955 3.82697485749469 -0.0771754043536146 19.9770825323309 0 15.2766814170762 0.595608745978963 0 1.20186968389986 1.48790800912208 -0.0635586921049089 0.867401597927046 1.78570482816813 1.21922591098548 1.55277195365763 0.591217487878733 4.51637977013196 -1.87978522269045 5.43270056668329 0 -18.2150560659427 1.24519768417589 17.3993106021543 -0.454312304712046 2.7954618366414 0 -0.874160631966852 -0.23258512202305 -0.230153424074013 2.26721421987154 0.221173366341355 -2.9477450249287 -1.70862130471907 0.691212511151662 0.256481619731747 -0.044609132243604 
2.85258881000389 -9.6165230449366 3.94357362014408 3.23005655930846 0 2.11716746118253 3.82697485749469 -0.0771754043536146 22.3340620832211 0 14.3290552097974 0.595608745978963 0 1.20186968389986 0.860422585560206 0.455489467249946 0.867401597927046 1.78570482816813 1.31061227878119 0 0.594697144159441 0 -1.87978522269045 0 5.4091972417241 -21.5882046992836 17.6326684363338 17.3993106021543 0 1.58678779503647 12.1851239914937 1.97945172897515 -0.23258512202305 -0.667678957184627 -0.493103477458052 -0.80953590087571 1.46405320403355 -1.70862130471907 0.855582403072893 -0.462485380686114 0.892010547636082 
2.85226753047078 -19.5912941736361 -12.6065675134801 3.23005655930846 3.39300922252844 17.3482750343849 3.84524594240135 -0.0771754043536146 20.0620747060338 1.83768806752641 14.3290552097974 -1.04283780984713 0 1.20186968389986 1.48790800912208 0 0 1.78570482816813 1.23511853673268 0.695830386884432 0.42169452054505 4.51637977013196 0 0.58477505190986 0 -18.7414049910109 -0.484130135217742 17.3993106021543 10.0467394912833 7.65148613958223 9.71817587954838 -0.874160631966852 -0.0822749015420093 -0.960433059218541 0 0.0703606859223734 -2.23175890107255 -1.70862130471907 -0.00272511171769591 -0.0839662442654214 0.892010547636082 
1.57142565333233 -9.6165230449366 -12.6065675134801 9.42374222859449 0 0 3.82697485749469 12.2685085072501 1.18992964191825 0 15.2766814170762 0.595608745978963 0 0.463062130279402 0.860422585560206 0.495501579947538 0.867401597927046 -0.535785318303753 -0.263255857053798 0 0.591217487878733 4.52168711396944 -17.7299109090725 0.546975062460161 9.08221915638178 14.9860957893478 16.6679209721358 17.3993106021543 0 -18.8818193501243 9.71817587954838 -1.31971142822863 0 -0.794477282801865 -0.0593000749029685 0 1.89857760578793 -1.70862130471907 0.249457139638 -1.56857905900505 0.288980994852717 
2.85189431548331 -9.6165230449366 -12.6065675134801 3.59759195286203 3.39300922252844 17.7051188946725 3.84524594240135 -0.0771754043536146 18.1124276659044 0 14.3290552097974 0.595608745978963 0 -0.145946479144481 1.48790800912208 0.366502849043581 0 1.78570482816813 1.32666692572025 0 0.594697144159441 4.51637977013196 -1.87978522269045 0 5.4091972417241 10.4952098105546 1.24519768417589 17.3993106021543 11.1529800113072 1.58678779503647 12.1851239914937 -0.874160631966852 -0.23258512202305 -0.667678957184627 -0.493103477458052 0 -2.41878447859026 -1.70862130471907 -0.00272511171769591 -0.462485380686114 0.892010547636082 
2.85366681912642 -9.6165230449366 5.75512571609818 3.23005655930846 0 18.9134139843348 2.82187173304701 -0.0771754043536146 18.1124276659044 -2.80035309344547 -0.247605343464578 0.595608745978963 0.75899016615422 1.20186968389986 0.684997031141537 -0.106938016557572 0.79409043040317 1.78570482816813 1.32666692572025 0 -0.691457366464407 0 -1.87978522269045 0.58477505190986 5.4091972417241 7.20691330647418 0 21.2051998741483 19.3847518097305 2.80304112206355 9.71817587954838 1.97945172897515 -0.23258512202305 -0.960433059218541 -0.493103477458052 -0.221321241404545 -1.81739824908664 -1.70862130471907 0.581065051635292 0.176467678168075 0.892010547636082 
2.85290128070377 -7.96469454465653 2.65785999801376 0 0 8.13799266805314 2.82187173304701 -0.0771754043536146 18.1124276659044 2.84413004202961 14.3290552097974 0.163984711600461 1.51706056500183 -0.350463444455743 0.860422585560206 0.366502849043581 0.79409043040317 1.78570482816813 1.32666692572025 0.88817023583137 0.594697144159441 20.127102311946 -17.7299109090725 -16.539486076934 -13.1164008998854 -18.7414049910109 17.6326684363338 19.4777762421769 10.0467394912833 -18.8818193501243 0 0.723841022720486 0.0310912653948605 0 0 0.0703606859223734 1.46405320403355 -1.46783191220268 -0.00272511171769591 -1.56857905900505 -0.044609132243604 
1.57142565333233 -19.5912941736361 3.94357362014408 3.23005655930846 5.51742845897909 17.7051188946725 3.84524594240135 -0.0771754043536146 18.1124276659044 1.83768806752641 14.3290552097974 -1.04283780984713 0 1.20186968389986 1.40742201549347 0.366502849043581 0 1.78570482816813 1.32666692572025 0.695830386884432 0.42169452054505 4.51637977013196 0 0 5.4091972417241 10.4952098105546 18.96162224494 17.3993106021543 10.0467394912833 -18.8818193501243 9.71817587954838 -0.874160631966852 -0.0822749015420093 -0.667678957184627 -0.493103477458052 0 2.29791148500885 -1.70862130471907 -0.00272511171769591 -1.56857905900505 0.892010547636082 
2.57036047570913 -9.6165230449366 4.48450508899265 16.9659098322345 0 0 -4.17879500686135 -0.0771754043536146 19.9770825323309 0.617433711987656 14.3290552097974 0.595608745978963 0 0.57008058175914 0.66859683057228 0.495501579947538 0 1.78570482816813 1.21922591098548 -0.263169920194508 0.42169452054505 7.68102710548836 -15.0430522985026 6.3126108834113 -3.21213010103075 -7.94403869141547 20.4858299084407 0 19.3847518097305 1.58678779503647 12.1851239914937 -0.23366677472073 0.777818305035037 -0.676888563985419 1.80799649540707 -1.80536125464615 2.16036358673142 -0.699646122753455 0.581065051635292 -0.462485380686114 0.892010547636082 
2.56893598292203 -9.6165230449366 -12.6065675134801 0 0 21.2687917057279 15.0788702420326 -0.0771754043536146 18.1124276659044 0 15.2766814170762 0.595608745978963 0 -0.350463444455743 0.860422585560206 -0.155102175090044 0.23761765325331 1.78570482816813 1.32666692572025 1.456729500078 0.591217487878733 17.8765355828575 -1.87978522269045 0.58477505190986 -13.1164008998854 -18.7414049910109 0 17.3993106021543 19.3847518097305 3.89367877249312 9.71817587954838 0.317181885650932 -0.23258512202305 -0.960433059218541 0 0.0703606859223734 -1.81739824908664 -1.70862130471907 0.581065051635292 -0.0839662442654214 0.892010547636082 
2.85206656194692 -19.6061065236368 3.94357362014408 8.0834817620383 3.39300922252844 22.6080074404171 3.84524594240135 -0.0771754043536146 18.1124276659044 -0.0698750087152584 14.3290552097974 -0.699111080644238 0 0.516109605541504 1.48790800912208 -0.794128951562628 0 1.78570482816813 1.32666692572025 -0.263169920194508 0.594697144159441 4.51637977013196 -1.87978522269045 -2.8712082465278 -13.1164008998854 -21.5882046992836 17.6326684363338 17.3993106021543 16.2473004009562 -18.8818193501243 12.1851239914937 -0.874160631966852 -0.23258512202305 -0.667678957184627 0 -1.3695590271985 -0.00347218213764555 -1.70862130471907 0.461214881078906 -1.56857905900505 0.892010547636082 
2.61075778060497 -9.6165230449366 -12.6065675134801 3.23005655930846 0 12.7497409259201 2.82187173304701 -0.0771754043536146 22.3340620832211 2.84413004202961 14.3290552097974 0.595608745978963 0 1.20186968389986 0.860422585560206 0 0.79409043040317 1.78570482816813 1.31061227878119 0.88817023583137 0.594697144159441 17.8765355828575 -17.7299109090725 5.43270056668329 0 -21.5882046992836 14.7024857542023 17.3993106021543 0 3.89367877249312 17.0681211807617 0.317181885650932 0 -0.230153424074013 1.52201228954923 -0.672353881924578 1.21376743829053 -1.70862130471907 0.855582403072893 -0.0839662442654214 -0.0872464665943973 
2.56988634506748 -19.6061065236368 2.65785999801376 8.0834817620383 0 8.13799266805314 3.84524594240135 -0.0771754043536146 19.9770825323309 2.84413004202961 -4.84609227548171 -0.699111080644238 1.51706056500183 0.516109605541504 0.860422585560206 0.366502849043581 0.551798150181676 1.78570482816813 1.21922591098548 0.88817023583137 -0.30158478555809 4.51637977013196 -16.668808727371 -2.8712082465278 0 14.2060071027866 17.6326684363338 20.7370270744371 10.0467394912833 -18.8818193501243 17.4242149374561 -0.874160631966852 0.368220192886991 -0.667678957184627 2.26721421987154 -0.0768487838082244 1.46405320403355 -2.28523889834771 -0.00272511171769591 -1.56857905900505 -0.509900116939051 
0.748595936178965 -9.6165230449366 2.13387962721003 3.23005655930846 0 12.7497409259201 2.82187173304701 -0.0771754043536146 19.9770825323309 2.84413004202961 14.3290552097974 0.595608745978963 0 1.20186968389986 0.860422585560206 0 0.79409043040317 1.78570482816813 1.21922591098548 0.88817023583137 0.594697144159441 4.51637977013196 -1.87978522269045 0 0 -21.5882046992836 3.13085404973517 13.0460968488111 0 -18.8818193501243 0 -0.874160631966852 -0.23258512202305 -0.667678957184627 2.26721421987154 -1.3695590271985 -1.81739824908664 -1.54860505999467 0.855582403072893 -1.56857905900505 -0.044609132243604 
2.85269303993233 -19.6061065236368 -12.6065675134801 3.23005655930846 0.0724695343396019 0.797857418375955 3.84524594240135 -0.0771754043536146 22.3340620832211 0 15.2766814170762 -0.699111080644238 0 1.20186968389986 1.48790800912208 -0.0635586921049089 0 1.78570482816813 1.31061227878119 1.55277195365763 0.591217487878733 0 13.8948257145913 0 0 -21.5882046992836 17.6326684363338 17.3993106021543 -0.454312304712046 3.89367877249312 13.8489657608089 1.97945172897515 -0.345340259049712 -0.667678957184627 2.26721421987154 -0.672353881924578 1.46405320403355 -1.70862130471907 0.691212511151662 -0.0839662442654214 1.63189182484145 
2.57036047570913 -9.6165230449366 2.13387962721003 3.23005655930846 7.13850449469802 21.2687917057279 15.0788702420326 -0.0771754043536146 10.8199533856101 0 15.2766814170762 0.595608745978963 0 1.20186968389986 -0.961709470051205 0.366502849043581 -0.381484175222685 1.78570482816813 1.27771223947765 1.55277195365763 0.591217487878733 0 -15.0430522985026 -2.8712082465278 0 -7.94403869141547 20.4858299084407 17.3993106021543 0 -18.8818193501243 17.4242149374561 1.97945172897515 0.777818305035037 -0.667678957184627 2.26721421987154 -1.80536125464615 2.16036358673142 -1.70862130471907 0.855582403072893 -1.56857905900505 0 
2.85370589749573 -19.5912941736361 -12.6065675134801 3.23005655930846 3.39300922252844 17.3482750343849 3.82697485749469 -0.0771754043536146 20.0620747060338 1.83768806752641 14.3290552097974 -1.04283780984713 0 1.20186968389986 1.48790800912208 0 0.867401597927046 1.78570482816813 1.23511853673268 0.695830386884432 0.42169452054505 4.51637977013196 0 1.10702093625768 0 7.20691330647418 18.96162224494 17.3993106021543 16.2473004009562 -18.8818193501243 9.71817587954838 -0.874160631966852 -0.0822749015420093 -0.667678957184627 0 -0.221321241404545 2.29791148500885 -1.70862130471907 0.461214881078906 -1.56857905900505 0.892010547636082 
2.57251523508209 -15.1649440523074 7.29248250422184 0 9.92576415565599 17.7051188946725 3.82697485749469 -0.0771754043536146 22.3340620832211 2.84413004202961 -4.84609227548171 -0.667015781936709 0.493731254899749 -0.350463444455743 -1.77441399069243 0.366502849043581 0.867401597927046 1.78570482816813 1.31061227878119 0.88817023583137 -0.555537694387854 4.51637977013196 -1.87978522269045 0.58477505190986 0 -21.5882046992836 2.62567526075322 17.3993106021543 0 0 12.1851239914937 -0.874160631966852 -0.23258512202305 -0.960433059218541 2.26721421987154 -0.80953590087571 -1.77855653046097 -1.70862130471907 0.855582403072893 -0.462485380686114 0.892010547636082 
1.57142565333233 -19.6061065236368 3.94357362014408 3.23005655930846 3.39300922252844 24.8471354462892 3.82697485749469 -0.0771754043536146 22.3340620832211 -0.0698750087152584 1.77938435379387 -0.699111080644238 0 1.20186968389986 1.48790800912208 0.0713628322497769 0.867401597927046 1.78570482816813 1.31061227878119 -0.263169920194508 -0.58537630092603 17.8765355828575 -1.87978522269045 0.58477505190986 0 -18.7414049910109 1.24519768417589 17.3993106021543 19.3847518097305 2.7954618366414 5.20655095102571 0.317181885650932 -0.23258512202305 -0.960433059218541 2.26721421987154 0.0703606859223734 -2.9477450249287 -1.70862130471907 0.581065051635292 0.256481619731747 0.421053572102009 
2.571571100989 -8.20008195107807 -12.6065675134801 14.2524333333841 3.97740714905197 1.39652476119647 3.84524594240135 14.3219155197134 8.71017002361369 0 14.3290552097974 1.09673194805939 0 0 -0.334902758898634 0.495501579947538 0 -0.582755150498243 1.27771223947765 1.01454909248955 0.594697144159441 4.51637977013196 -1.87978522269045 0.546975062460161 -13.5787592957163 -8.1194014940734 20.4858299084407 19.4777762421769 16.2473004009562 7.65148613958223 17.4242149374561 -0.874160631966852 -0.315875975320058 -0.794477282801865 0.741418831498091 -1.64466012438976 2.16036358673142 -1.46783191220268 0.417506059793525 0.627150817041821 0 
2.56650670918409 -15.1649440523074 5.15372766144747 -2.64826294167352 3.39300922252844 2.11716746118253 3.84524594240135 -0.0771754043536146 19.9770825323309 2.84413004202961 14.3290552097974 -0.667015781936709 0.458565329782928 -0.550279709692243 1.48790800912208 0.455489467249946 -0.296902272145684 1.78570482816813 1.21922591098548 0.88817023583137 0.594697144159441 0 -1.87978522269045 1.07730470631612 0 7.20691330647418 17.6326684363338 17.3993106021543 19.3847518097305 1.01287162700336 12.0309091928559 1.97945172897515 -0.23258512202305 -0.951575753493968 2.26721421987154 -0.221321241404545 1.02819702539043 -1.70862130471907 0.581065051635292 -1.13195885704456 1.04955821920631 
2.56336968935126 -19.6061065236368 -16.1009588077203 8.0834817620383 0 21.2687917057279 3.84524594240135 -0.0771754043536146 17.7038027659309 -3.50348348256828 0.00548789510758961 -0.699111080644238 0.646693115572768 0.516109605541504 0.860422585560206 -0.155102175090044 0 1.78570482816813 1.22860722426726 -0.0927300444304617 0.252594015711264 4.51637977013196 0.944683132830394 0.58477505190986 0 -7.94403869141547 2.62567526075322 19.8129305872661 0 7.65148613958223 12.1851239914937 -0.874160631966852 1.41387488699233 -0.960433059218541 2.26721421987154 -1.80536125464615 -1.77855653046097 -1.39532170068255 0.855582403072893 0.627150817041821 0.892010547636082 
1.57142565333233 -9.6165230449366 2.13387962721003 3.23005655930846 0 0.797857418375955 3.84524594240135 12.7032875608202 2.12906983419278 -1.64660221440559 15.2766814170762 0.595608745978963 0 1.20186968389986 0.149359558964781 -0.0635586921049089 0 0 0.329050810983894 -0.807855009742945 0.591217487878733 0 13.8948257145913 5.43270056668329 0 10.4952098105546 16.6679209721358 17.3993106021543 -0.454312304712046 18.4724600017641 17.4242149374561 1.97945172897515 -0.345340259049712 -0.230153424074013 2.26721421987154 0 1.89857760578793 -1.70862130471907 0.691212511151662 1.74054222448754 0 
2.56914921254709 -11.9518320115059 7.30142838116802 1.40910596987657 0 0 4.86737827666447 -0.0771754043536146 19.9770825323309 -0.923426816763089 14.3290552097974 -0.848762750117463 0.0356107136772995 0 0.149359558964781 0.577306153405135 0 1.78570482816813 1.21922591098548 0.88817023583137 0.594697144159441 4.52168711396944 0 5.43270056668329 9.08221915638178 10.4952098105546 18.96162224494 17.3993106021543 22.2941399634788 -0.580816987986125 17.4242149374561 -1.31971142822863 0 -0.230153424074013 -0.0593000749029685 0 2.29791148500885 -1.70862130471907 0.202662050725269 -0.462485380686114 0 
2.57014966626553 -9.6165230449366 -12.6065675134801 14.2524333333841 3.39300922252844 17.3482750343849 3.84524594240135 -0.0771754043536146 19.3124487819674 1.67288945774682 14.3290552097974 0.747974397273722 0 0.557846121330674 1.48790800912208 0 0 1.78570482816813 1.21922591098548 -0.126230486624982 0.594697144159441 4.51637977013196 -1.87978522269045 -19.5475331334153 -13.1164008998854 7.20691330647418 17.6326684363338 11.736142372124 0 2.7954618366414 12.1851239914937 -0.68684743831253 0.945522222894021 -0.198812838391779 0 -0.221321241404545 1.46405320403355 -2.01234856421703 0.0967945445733119 -0.455247693348326 0.892010547636082 
2.56914921254709 -9.6165230449366 7.29248250422184 8.0834817620383 -0.345942022742677 0 -4.17879500686135 -0.0771754043536146 19.9770825323309 -0.173089663974517 0.00548789510758961 0.595608745978963 0.493731254899749 0.516109605541504 0.586827653109481 0.495501579947538 0 1.78570482816813 1.21922591098548 -0.0716119144864436 0.252594015711264 4.51637977013196 0.944683132830394 0.58477505190986 0 14.9860957893478 17.6326684363338 17.3993106021543 9.36900191727048 1.01287162700336 17.4242149374561 -0.874160631966852 1.41387488699233 -0.960433059218541 0 0 1.46405320403355 -1.70862130471907 -0.312320508720502 -1.41350626714225 0 
2.57036047570913 -9.6165230449366 2.13387962721003 8.0834817620383 0 0 2.82187173304701 -0.0771754043536146 19.9770825323309 -0.307268424195828 14.3290552097974 0.595608745978963 0 0.516109605541504 0.860422585560206 0.495501579947538 0.79409043040317 1.78570482816813 1.21922591098548 -0.560845573437794 0.594697144159441 0.682085523257072 19.5161355920677 -1.05203276353517 -13.1164008998854 14.9860957893478 16.6679209721358 17.3993106021543 16.3056339526808 7.65148613958223 9.71817587954838 1.27824266477872 0.72311685530614 -0.653569538357467 0 0 1.89857760578793 -1.70862130471907 0.581065051635292 0 0.892010547636082 
2.57036047570913 -19.6061065236368 5.15372766144747 9.42374222859449 0 21.2687917057279 4.86737827666447 -0.0771754043536146 19.9770825323309 -0.923426816763089 14.3290552097974 -0.699111080644238 0.458565329782928 0.463062130279402 0.860422585560206 0.366502849043581 0 1.78570482816813 1.21922591098548 0.88817023583137 0.594697144159441 0 -15.0430522985026 -0.88051125410968 1.14193178412594 10.4952098105546 17.6326684363338 17.3993106021543 10.0467394912833 1.01287162700336 9.71817587954838 1.97945172897515 0.777818305035037 0.485777144919046 -0.168785766907402 0 1.02819702539043 -1.70862130471907 -0.00272511171769591 -1.13195885704456 0.288980994852717 
2.67245203156591 -9.6165230449366 2.8344479789885 14.2524333333841 0 0 4.86737827666447 -0.0771754043536146 19.9770825323309 0.617433711987656 14.3290552097974 0.595608745978963 1.6489678213368 0 0.860422585560206 0.495501579947538 0 1.78570482816813 1.21922591098548 -0.263169920194508 0.42169452054505 4.52168711396944 0 -1.05203276353517 2.05315813343188 -7.94403869141547 18.96162224494 17.3993106021543 19.3847518097305 1.58678779503647 5.20655095102571 -1.31971142822863 0 -0.653569538357467 -0.352797822608984 -1.80536125464615 2.29791148500885 -1.70862130471907 0.581065051635292 -0.462485380686114 0.421053572102009 
2.57036047570913 -19.6061065236368 7.29248250422184 0 0 0 3.84524594240135 -0.0771754043536146 19.9770825323309 0 14.3290552097974 -0.699111080644238 0.493731254899749 -0.550279709692243 0.860422585560206 0.495501579947538 0 1.78570482816813 1.21922591098548 1.01454909248955 0.594697144159441 4.51637977013196 -1.87978522269045 1.39058398219784 0 14.9860957893478 17.6326684363338 19.8129305872661 0 1.01287162700336 5.20655095102571 -0.874160631966852 -0.23258512202305 0.173234727332943 2.26721421987154 0 1.46405320403355 -1.39532170068255 0.855582403072893 -1.41350626714225 0.421053572102009 
2.57036047570913 -9.6165230449366 2.13387962721003 3.23005655930846 0 21.2687917057279 3.82697485749469 -0.0771754043536146 10.8199533856101 0 14.3290552097974 0.595608745978963 0 1.20186968389986 0.828666320130539 0.366502849043581 0.867401597927046 1.78570482816813 1.27771223947765 1.55277195365763 0.42169452054505 0 -17.7299109090725 5.43270056668329 0 -7.94403869141547 20.4858299084407 17.3993106021543 10.0526542650781 18.4724600017641 17.4242149374561 1.97945172897515 0 -0.230153424074013 2.26721421987154 -1.80536125464615 2.16036358673142 -1.70862130471907 0.402963206545898 1.74054222448754 0 
2.57036047570913 -9.6165230449366 4.48450508899265 3.23005655930846 9.92576415565599 0 3.82697485749469 -0.0771754043536146 19.9770825323309 0 -4.84609227548171 0.595608745978963 0 1.20186968389986 -1.8872255875297 0.495501579947538 0.867401597927046 1.78570482816813 1.21922591098548 0 -0.30158478555809 4.51637977013196 -1.87978522269045 -1.05203276353517 -13.1164008998854 -21.5882046992836 16.6679209721358 20.7370270744371 19.3847518097305 1.58678779503647 12.1851239914937 -0.874160631966852 -0.23258512202305 -0.653569538357467 0 -0.672353881924578 1.89857760578793 -2.28523889834771 0.581065051635292 -0.462485380686114 0.892010547636082 
0 -8.20008195107807 -12.6065675134801 3.59759195286203 0.560331688663145 17.3482750343849 3.84524594240135 -0.0771754043536146 19.3124487819674 1.67288945774682 14.3290552097974 1.09673194805939 0 -0.145946479144481 0.860422585560206 0 0 1.78570482816813 1.21922591098548 -0.126230486624982 0.594697144159441 4.45314907918365 0 -19.5475331334153 -17.7115514211876 7.20691330647418 18.96162224494 11.736142372124 16.1866752375554 7.65148613958223 9.71817587954838 -0.474160196829662 0.0297454405900768 -0.198812838391779 -1.52048759140097 -0.221321241404545 1.79199848701339 -2.01234856421703 0.581065051635292 -0.0839662442654214 0.892010547636082 
2.57020225250304 -19.6061065236368 3.94357362014408 0 -0.345942022742677 21.2687917057279 -4.17879500686135 -0.0771754043536146 22.3340620832211 2.84413004202961 14.3290552097974 -0.699111080644238 0 -0.350463444455743 0.586827653109481 -0.155102175090044 0 1.78570482816813 1.31061227878119 0.88817023583137 0.594697144159441 17.8765355828575 0.944683132830394 0.58477505190986 0 -18.7414049910109 1.24519768417589 17.3993106021543 19.3847518097305 7.65148613958223 5.20655095102571 0.317181885650932 1.41387488699233 -0.960433059218541 2.26721421987154 0.0703606859223734 -2.41878447859026 -1.70862130471907 0.581065051635292 0.627150817041821 0.421053572102009 
2.37695827884248 -9.6165230449366 5.75512571609818 6.71250458781724 0 0 -1.31761275013798 12.7032875608202 2.06952411451821 -0.307268424195828 -0.247605343464578 0.595608745978963 0.75899016615422 0 0.860422585560206 0.495501579947538 0.737540519022169 0 0.0348374208783905 -0.560845573437794 -0.691457366464407 4.51637977013196 0 -5.22881116407402 0 10.4952098105546 18.96162224494 17.3993106021543 19.3847518097305 2.7954618366414 -4.22133633644382 -0.874160631966852 0 -0.667678957184627 2.26721421987154 0 2.29791148500885 -1.70862130471907 0.581065051635292 0.256481619731747 -0.044609132243604 
1.57142565333233 -19.9408373859668 2.65785999801376 3.23005655930846 5.51742845897909 8.13799266805314 3.82697485749469 -0.0771754043536146 19.9770825323309 2.84413004202961 14.3290552097974 -0.0292266572449481 1.51706056500183 1.20186968389986 1.40742201549347 0.366502849043581 0.867401597927046 1.78570482816813 1.21922591098548 0.88817023583137 0.42169452054505 4.51637977013196 -17.7299109090725 -16.539486076934 0 14.2060071027866 17.6326684363338 17.3993106021543 10.0467394912833 -17.595429010594 17.4242149374561 -0.874160631966852 0.0310912653948605 0 0 -0.0768487838082244 1.46405320403355 -1.70862130471907 -0.00272511171769591 -1.56857905900505 -0.509900116939051 
2.85282505739307 -9.6165230449366 -12.6065675134801 3.23005655930846 3.39300922252844 0 16.1023454632155 -0.0771754043536146 19.9770825323309 -0.0698750087152584 1.77938435379387 0.595608745978963 0 1.20186968389986 1.48790800912208 0.495501579947538 0.23761765325331 1.78570482816813 1.21922591098548 -0.263169920194508 -0.58537630092603 4.51637977013196 0 -19.5475331334153 -13.1164008998854 10.4952098105546 1.24519768417589 19.4777762421769 16.2473004009562 1.58678779503647 15.4001649952262 -0.874160631966852 0 -0.198812838391779 0 0 -2.9477450249287 -1.46783191220268 0.461214881078906 -0.462485380686114 0.77956829406301 
2.85314768722572 -15.1649440523074 2.65785999801376 14.2524333333841 0 2.11716746118253 15.0788702420326 -0.0771754043536146 22.3340620832211 0.112371983175339 -4.84609227548171 -0.667015781936709 1.51706056500183 0.557846121330674 0.860422585560206 0.455489467249946 0.23761765325331 1.78570482816813 1.31061227878119 1.24312016103096 -0.555537694387854 4.51637977013196 2.65421858390524 -16.539486076934 0 -21.5882046992836 17.6326684363338 17.3993106021543 10.0467394912833 -19.3184636123099 17.4242149374561 -0.874160631966852 -0.28109782528649 0 0 -0.80953590087571 1.46405320403355 -1.70862130471907 -0.00272511171769591 -1.17049035844882 -0.509900116939051 
2.56962366136775 -9.6165230449366 2.13387962721003 14.2524333333841 3.39300922252844 2.11716746118253 3.82697485749469 -0.0771754043536146 17.2247705823624 0 -5.60504313588843 0.595608745978963 0 0.557846121330674 1.48790800912208 0.455489467249946 0.867401597927046 1.78570482816813 1.21922591098548 1.24312016103096 -0.555537694387854 4.51637977013196 -1.87978522269045 1.07730470631612 2.84366198270286 -21.5882046992836 16.6679209721358 17.3993106021543 19.3847518097305 -18.8818193501243 12.0309091928559 -1.06020367603759 -0.662709155465806 -0.951575753493968 2.91075885829085 -0.80953590087571 1.89857760578793 -1.70862130471907 0.581065051635292 -1.56857905900505 1.04955821920631 
2.57036047570913 -9.6165230449366 5.15372766144747 -2.64826294167352 -1.49356516643593 0 3.84524594240135 -0.0771754043536146 19.9770825323309 0 0.00548789510758961 0.595608745978963 0.458565329782928 -0.550279709692243 0.387499226949876 0.495501579947538 -0.296902272145684 1.78570482816813 1.21922591098548 0 0.252594015711264 4.52168711396944 -15.0430522985026 1.07730470631612 1.14193178412594 7.20691330647418 17.6326684363338 17.3993106021543 10.0467394912833 1.01287162700336 5.20655095102571 -1.31971142822863 0.777818305035037 -0.951575753493968 -0.168785766907402 -0.221321241404545 1.02819702539043 -1.70862130471907 -0.00272511171769591 -1.13195885704456 0.421053572102009 
0.748595936178965 -9.6165230449366 3.94357362014408 8.0834817620383 3.39300922252844 17.3482750343849 3.82697485749469 -0.0771754043536146 19.9770825323309 0 14.3290552097974 0.595608745978963 0 0.516109605541504 1.48790800912208 0 0.867401597927046 1.78570482816813 1.21922591098548 0 0.594697144159441 4.51637977013196 -1.87978522269045 4.04985858486027 -3.21213010103075 -18.7414049910109 -0.484130135217742 19.4777762421769 16.2473004009562 -0.430134157384808 12.1851239914937 -0.874160631966852 -0.23258512202305 -1.07924685198313 1.80799649540707 0.0703606859223734 -2.23175890107255 -1.46783191220268 0.461214881078906 0.102783863201171 0.892010547636082 
2.57036047570913 -19.6061065236368 5.74088333858684 3.23005655930846 0 22.6080074404171 3.84524594240135 -0.0771754043536146 19.9770825323309 2.84413004202961 14.3290552097974 -0.699111080644238 0.75899016615422 1.20186968389986 0.860422585560206 -0.794128951562628 0.551798150181676 1.78570482816813 1.21922591098548 0.88817023583137 0.594697144159441 4.51637977013196 -16.668808727371 -2.8712082465278 5.4091972417241 10.4952098105546 1.24519768417589 17.3993106021543 16.3056339526808 1.58678779503647 9.71817587954838 -0.874160631966852 0.368220192886991 -0.667678957184627 -0.493103477458052 0 -2.41878447859026 -1.70862130471907 0.581065051635292 -0.462485380686114 0.892010547636082 
