100
10
2.57109798855871 -9.6165230449366 3.94357362014408 0 0 0 3.84524594240135 19.0058825253536 0 0 14.3290552097974 0.595608745978963 0 0 0.860422585560206 0.495501579947538 0 0 -0.263255857053798 0 0.594697144159441 4.51637977013196 13.8948257145913 0 -13.1164008998854 10.4952098105546 0 13.0460968488111 16.1367461253594 7.65148613958223 0 -0.874160631966852 0 -0.667678957184627 0 0 -1.81739824908664 -1.54860505999467 0 0 -0.044609132243604 
2.57109798855871 -9.6165230449366 3.94357362014408 0 0 0 3.84524594240135 19.0058825253536 0 0 14.3290552097974 0.595608745978963 0 0 0.860422585560206 0.495501579947538 0 0 -0.263255857053798 0 0.594697144159441 4.51637977013196 13.8948257145913 0 -13.1164008998854 10.4952098105546 0 13.0460968488111 16.1367461253594 7.65148613958223 0 -0.874160631966852 0 -0.667678957184627 0 0 -1.81739824908664 -1.54860505999467 0 0 -0.044609132243604 
2.57109798855871 -9.6165230449366 3.94357362014408 0 0 0 3.84524594240135 19.0058825253536 0 0 14.3290552097974 0.595608745978963 0 0 0.860422585560206 0.495501579947538 0 0 -0.263255857053798 0 0.594697144159441 4.51637977013196 13.8948257145913 0 -13.1164008998854 10.4952098105546 0 13.0460968488111 16.1367461253594 7.65148613958223 0 -0.874160631966852 0 -0.667678957184627 0 0 -1.81739824908664 -1.54860505999467 0 0 -0.044609132243604 
2.56988634506748 -19.6061065236368 0 3.97482614218016 14.9720461922568 17.3482750343849 10.3223563201364 -0.0771754043536146 18.1124276659044 0 -4.84609227548171 -0.699111080644238 0 0 -0.992810893334826 0 -0.354072984398377 1.78570482816813 1.32666692572025 1.55277195365763 -0.555537694387854 -10.7386995284766 0 4.4710669780481 0 -12.5584815221645 17.6326684363338 19.4777762421769 0 -18.8818193501243 12.1851239914937 -0.523611902149213 0 -0.676888563985419 0 -1.64466012438976 1.46405320403355 -1.46783191220268 0.249457139638 -0.828458802899559 0.892010547636082 
2.56988634506748 -15.1649440523074 0 3.97482614218016 -0.345942022742677 17.3482750343849 0 -0.0771754043536146 18.1124276659044 -11.9831124917525 0 -0.667015781936709 0.386276332701685 0 0.586827653109481 0 1.01342390617981 1.78570482816813 1.32666692572025 -0.27368127831895 -0.628737155640841 -7.97975425980042 0 0 5.4091972417241 -18.7414049910109 20.4858299084407 4.87944621819977 0 -3.8763331285102 0 0 0 -1.43275224391034 0 0.0703606859223734 2.16036358673142 0 0.249457139638 0.104108504757336 1.19067444707764 
2.56988634506748 -11.4627678785998 -12.6065675134801 0 7.54104370602455 17.3482750343849 5.79528363691423 -0.0771754043536146 18.1124276659044 0 -4.84609227548171 -0.0608999309227336 0 1.47072999340982 0 0 0.487619732766235 1.78570482816813 1.32666692572025 1.55277195365763 -0.555537694387854 -1.1384934429957 0 -13.8402736158298 9.08221915638178 -12.5584815221645 -1.67387766611012 -2.05287800014619 0 -1.55922105608472 12.1851239914937 0.751879804884959 0 0.41138055101567 -0.0593000749029685 -1.64466012438976 -1.35672851879929 -1.9524874333071 0.249457139638 0.031732575051362 0.892010547636082 
2.571571100989 -9.6165230449366 2.13387962721003 0 0 0 3.84524594240135 12.7032875608202 0.0801325910399354 0 14.3290552097974 0.595608745978963 0 0 0.860422585560206 0.495501579947538 0 0 0.45396995378843 0 0.594697144159441 4.51637977013196 -17.7299109090725 -16.539486076934 0 14.9860957893478 0 17.3993106021543 19.3847518097305 0 17.4242149374561 -0.874160631966852 0 0 2.26721421987154 0 -1.81739824908664 -1.70862130471907 0.581065051635292 -0.462485380686114 0 
2.56988634506748 -15.1649440523074 0 3.97482614218016 7.54104370602455 17.3482750343849 10.4172108397666 -0.0771754043536146 18.1124276659044 0 -4.84609227548171 -0.667015781936709 -0.730409266003598 -0.603521804438681 0 0 -0.354072984398377 1.78570482816813 1.32666692572025 1.55277195365763 -0.555537694387854 -7.97975425980042 0.944683132830394 -16.7508088366831 10.6418154251956 -12.5584815221645 -3.17835217594558 -2.05287800014619 0 -1.55922105608472 12.1851239914937 0 0.705865813962121 0.269323571971303 0 -1.64466012438976 -0.653072283981867 -1.9524874333071 0.249457139638 0.031732575051362 0.892010547636082 
2.5694115145838 -9.6165230449366 2.13387962721003 6.71250458781724 0 0 3.84524594240135 19.0058825253536 2.06952411451821 -0.307268424195828 14.3290552097974 0.595608745978963 0 0 0.860422585560206 0.495501579947538 0 0 0.0348374208783905 -0.560845573437794 0.594697144159441 4.51637977013196 13.8948257145913 5.43270056668329 0 10.4952098105546 0 13.0460968488111 0 18.4724600017641 9.71817587954838 -0.874160631966852 0 -0.230153424074013 2.26721421987154 0 -1.81739824908664 -1.54860505999467 0.855582403072893 1.74054222448754 0.892010547636082 
2.36431119505926 -15.1649440523074 -12.6065675134801 0 16.8561923023575 12.7497409259201 5.79528363691423 -0.884963926339971 18.1124276659044 0 0 -0.667015781936709 0 1.47072999340982 -0.109434655434189 0 -0.0382746877513242 1.51713979221747 1.32666692572025 -0.263169920194508 -1.3195076367443 0 0 -13.8402736158298 9.08221915638178 -16.756209813783 -12.6087386163225 16.0251126879943 0 -1.55922105608472 9.71817587954838 0 0 0.41138055101567 -0.0593000749029685 0 0.555237248914892 2.76376695826825 0.886331409572778 0.031732575051362 0.892010547636082 
1.57142565333233 -15.1649440523074 1.27554064804015 3.97482614218016 3.87848153127287 -17.07920405901 0 0 18.1124276659044 2.52477385426162 0 -0.667015781936709 0.75899016615422 0 0.860422585560206 -0.965211463419353 1.13675711356884 -0.652485858952853 1.32666692572025 0.465078023478891 0 -7.97975425980042 3.29563457534911 8.36626113781997 5.4091972417241 -6.55867586217759 20.4858299084407 0 -1.73541534181471 -17.3967204323955 0 0 0.0620968378251869 -0.43053485778651 -0.512437338504213 0.518661023359122 2.16036358673142 1.54329143908959 -1.39772556507854 1.46104832434144 1.19067444707764 
1.57142565333233 -8.81016282774981 0 -21.728738415534 4.26652499626694 0 5.92250795034808 -0.884963926339971 7.17129616400753 0 0 0.88316143345235 0 1.10923002863733 0.860422585560206 0.495501579947538 -0.246629378789398 0.678453534226144 1.27771223947765 0 0 -10.5398833335097 2.4187233949633 -3.84543605327859 0 14.9860957893478 -2.69350118287536 4.74327190655436 -1.73541534181471 -17.3967204323955 0 1.52448077663988 0.0620968378251869 -1.90735403723426 0 0 -1.16025327023131 -0.715566599767453 -1.39772556507854 1.46104832434144 -0.044609132243604 
1.57142565333233 -15.5328571621482 -3.60599176194798 0 -17.8455007904421 -13.9419613843513 2.44386011848406 0 -13.3775255146332 0 14.3290552097974 -0.667015781936709 0 0 1.59412206876749 -1.18608774765678 -1.96145468529382 0 -1.5158906315993 1.55277195365763 0.594697144159441 -16.1338235658518 13.8948257145913 4.4710669780481 8.11114053386782 -15.1671222109194 2.28200829694141 17.3993106021543 0 7.65148613958223 15.1969395462409 -0.435772938535443 0 -0.676888563985419 0.566886543094593 1.62565194332304 1.24938009830629 -1.70862130471907 0.160673894062952 0 0 
1.57142565333233 -9.6165230449366 -1.37710145738772 15.6851160692447 -15.5308212784728 2.72765702788143 0 19.0058825253536 0 0 0 0.595608745978963 1.48228125156941 1.68346783317787 -0.0134386774354794 1.17914282390808 1.01342390617981 0 -0.263255857053798 1.55277195365763 -0.628737155640841 4.51637977013196 13.8948257145913 0 -13.1164008998854 13.5596399397634 0 14.521650017063 16.1367461253594 -1.55922105608472 0 -0.874160631966852 0 -0.30580772753144 0 0 -1.81739824908664 -1.0195713002093 0 0.031732575051362 -0.044609132243604 
1.57142565333233 7.09937914605224 -3.40227012662323 0 6.48363125812431 0 2.44386011848406 19.0058825253536 0 0 14.3290552097974 -1.43106898173274 -0.106277667510453 0 0 0.495501579947538 -1.96145468529382 0 -0.263255857053798 1.55277195365763 0.594697144159441 -7.97975425980042 8.17426628813812 0 0 14.9860957893478 -2.65285640757198 0 16.1367461253594 0 3.97366623807403 0 0 -0.667678957184627 0 0 -1.81739824908664 1.44560278740041 0 -0.462485380686114 -0.710624375301704 
1.57142565333233 -15.1649440523074 -12.6065675134801 0 0 0 5.79528363691423 19.0058825253536 0 0 -4.6532138085939 -0.667015781936709 0 1.47072999340982 0 0.495501579947538 0.487619732766235 0 -1.31417429415238 1.55277195365763 -0.555537694387854 4.51637977013196 13.8948257145913 0 9.08221915638178 -12.5584815221645 0 0 0 7.65148613958223 12.1851239914937 -0.874160631966852 0 -0.667678957184627 -0.0593000749029685 -1.64466012438976 -1.81739824908664 1.44560278740041 0.249457139638 0 0.133438236398361 
1.57142565333233 -15.1649440523074 0 2.94872282715455 -17.8455007904421 -13.9419613843513 15.0788702420326 -16.7346931792492 -13.3775255146332 16.8580064814808 0 -0.667015781936709 0 -0.141430099649089 1.59412206876749 -1.18608774765678 0.092221798418193 0.366769787094914 -1.5158906315993 0 0 -14.7724474400852 -7.80798259603697 4.77775428531587 0 13.0024174940784 2.28200829694141 0 0 7.65148613958223 -9.67114824320709 1.1936175007809 0.161063560359675 -0.510243721706906 1.41468335381461 1.06894400299943 1.24938009830629 0 0.160673894062952 0 -0.938443573628759 
1.57142565333233 -15.1649440523074 2.13387962721003 0 -17.8455007904421 -13.9419613843513 2.44386011848406 12.7032875608202 13.8610990410024 0 -14.2017478096307 -0.667015781936709 0 0 1.59412206876749 -1.18608774765678 -1.91768329509426 -0.650530673214481 0 1.55277195365763 0 -19.1064242735069 -10.0607482111364 2.08576260231704 8.11114053386782 14.9860957893478 0 19.4777762421769 0 7.65148613958223 15.188975432999 1.91697638571122 -1.00884031644503 0 0.566886543094593 0 1.68467097619766 -0.838363359034231 0.160673894062952 0 -0.0723366123029667 
1.57142565333233 -9.6165230449366 7.41355854655316 3.61800573026669 0 0 2.44386011848406 19.0058825253536 -6.29895993042689 5.85671568562124 14.3290552097974 0.595608745978963 0 -0.457137314769038 0.860422585560206 0.495501579947538 -2.1996825931732 0 0 1.36826732259629 0.594697144159441 4.51637977013196 13.8948257145913 1.13925397956709 -13.1164008998854 10.4952098105546 0.0782188587254935 0 16.1367461253594 0 0 -0.874160631966852 0 -0.667678957184627 0 0 -0.532287718044728 1.54329143908959 0 -0.462485380686114 -0.044609132243604 
1.57142565333233 -15.1649440523074 0 0 -17.8455007904421 17.3482750343849 0 -16.7346931792492 0 5.85671568562124 0 -0.667015781936709 0 -1.74925549502916 1.59412206876749 0 0 0.366769787094914 -0.263255857053798 0.925907526512587 -1.1681418461763 -7.97975425980042 0 -16.539486076934 10.6418154251956 -12.5584815221645 0 19.4777762421769 -1.73541534181471 7.65148613958223 -9.67114824320709 0 0 0 0 -1.64466012438976 0 -1.46783191220268 -1.39772556507854 0 -0.938443573628759 
1.57142565333233 -15.1649440523074 2.13387962721003 15.6851160692447 17.4451060860628 17.3482750343849 17.6499341893475 0 0 -2.05170965066725 14.3290552097974 -0.667015781936709 0 1.68346783317787 1.11915983826349 0 0.092221798418193 1.04267997156953 -0.263255857053798 1.55277195365763 1.22015129090294 -5.29501771800919 13.8948257145913 4.4710669780481 10.6418154251956 10.4952098105546 -8.43019170147841 13.0460968488111 16.1367461253594 0 15.3182835373181 -1.49015409289401 0 -0.676888563985419 0 0 0 -1.54860505999467 0 0 0 
1.57142565333233 3.69465236724105 15.7029531876105 -10.3638491455297 0 4.29867561175426 0 2.20622518412127 -16.1604769230636 -11.9831124917525 0 -0.153548902065283 0 0 0 1.97938650286728 1.01342390617981 0.611881436226834 -0.166511877033167 -0.27368127831895 -0.628737155640841 -19.5178733018776 0.0677719060647171 0 5.4091972417241 -18.7414049910109 20.4858299084407 4.11026606166748 -11.2333667423732 -9.41260127558494 0 0.618096609952905 0 -1.43275224391034 0 0.0703606859223734 2.16036358673142 0.229446021038781 0.87885377744625 -0.16224849705689 1.19067444707764 
1.57142565333233 -15.1649440523074 0 7.13468860235749 0 0 15.0788702420326 19.0058825253536 0 0 14.1252381966567 -0.667015781936709 0 -0.0655310107700205 0 0.4550373406592 0.092221798418193 0 -1.31417429415238 1.55277195365763 0.594697144159441 4.51637977013196 13.8948257145913 0 0 12.6751692708 0 0 18.714143437666 7.65148613958223 0 -0.874160631966852 0 -0.667678957184627 -1.34385550736629 0.74358359585683 -1.81739824908664 1.44560278740041 0.898857128293653 0 -0.044609132243604 
1.57142565333233 -15.1649440523074 0 3.97482614218016 -17.8455007904421 17.3482750343849 0 0 0 0 -14.2017478096307 -0.667015781936709 0 0 1.59412206876749 0 1.13675711356884 -0.939097410961565 -1.27025979537063 0 0 -7.91563609189616 -13.0122407213842 -13.8402736158298 0 -0.229985965522931 12.2307142113478 0 -11.2333667423732 0 0 -0.538310247253771 0.955523612869682 0.41138055101567 0 0 -1.40987321520684 1.54329143908959 0 -0.462485380686114 -0.044609132243604 
1.57142565333233 0 -1.97457490562209 3.23005655930846 17.4451060860628 4.34418694702638 0 2.77723446617705 7.17129616400753 5.85671568562124 14.3290552097974 0 -0.554394196110961 1.20186968389986 1.76842868596708 1.32133292534451 1.20801857263223 -0.0900088604958769 1.27771223947765 1.36826732259629 0.594697144159441 0 16.6753981042539 4.4710669780481 0 9.15302979003313 0 0 18.714143437666 19.160583510022 13.5468737937263 1.97945172897515 0 -0.676888563985419 2.26721421987154 1.42427737332614 0 -0.699646122753455 0.898857128293653 1.74054222448754 0 
1.57142565333233 -12.0308381933863 18.5357060742265 5.91511163204681 0 0 2.44386011848406 -7.82775693937566 -13.3775255146332 5.85671568562124 -14.2017478096307 -0.536488295782585 0 -0.389709701943076 0.860422585560206 0.495501579947538 -1.96145468529382 1.98367159906014 -1.22327483037174 1.36826732259629 0.26036008079553 -10.5398833335097 0.00863527879521031 -3.84543605327859 0 9.62414941267304 -5.0983895850826 0 2.55790412407736 -12.316610437034 -4.72408519448903 1.52448077663988 1.82786254390509 -1.90735403723426 0 1.09351984276135 -0.839068591054095 1.44560278740041 -1.39772556507854 1.61979038250623 0.438307766326846 
1.57142565333233 3.69465236724105 0 3.97482614218016 -17.8455007904421 4.29867561175426 0 -0.0771754043536146 -16.1604769230636 0 0 0 0.372052185284929 0 1.59412206876749 1.97938650286728 0 1.78570482816813 0 0 0 -19.5178733018776 1.4085265545447 8.36626113781997 -16.5644057730978 -6.55867586217759 20.4858299084407 -2.05287800014619 -11.2333667423732 -9.41260127558494 0 0 -0.711200220254809 -0.43053485778651 -1.89358647721521 0.518661023359122 2.16036358673142 -1.9524874333071 0 -0.16224849705689 1.19067444707764 
1.57142565333233 -12.0308381933863 0 3.97482614218016 -17.8455007904421 0 0 -3.07990086105648 0 5.85671568562124 -14.2017478096307 -0.536488295782585 0 0 1.59412206876749 -0.812091006344227 0 0.892774153534683 -0.263255857053798 1.36826732259629 -0.263434187119563 -10.5398833335097 0.0677719060647171 -16.539486076934 10.6418154251956 10.4952098105546 -8.43019170147841 4.74327190655436 0 0 1.31174454673275 1.52448077663988 0 0 0 0 0 -0.715566599767453 0.249457139638 -0.462485380686114 0.573315001583339 
1.57142565333233 -15.1649440523074 -3.40227012662323 0 -17.8455007904421 -9.77706687356209 3.84524594240135 -16.7346931792492 7.17129616400753 0 0 -0.667015781936709 -0.106277667510453 0 1.59412206876749 -1.18608774765678 0 0.366769787094914 1.27771223947765 0 0 -17.024869810522 -7.80798259603697 8.36626113781997 0 -6.13454223055604 0 0 0 7.65148613958223 15.1969395462409 1.36856721360635 0.161063560359675 -0.43053485778651 1.41468335381461 0.0476240992441885 0 0 0.160673894062952 0 0 
1.57142565333233 -15.1649440523074 3.94357362014408 7.13468860235749 0 0 15.0788702420326 19.1842107791846 0 0 14.3290552097974 -0.667015781936709 0 -0.0655310107700205 0 0.495501579947538 0.092221798418193 0.115412152668187 -1.31417429415238 0 0.594697144159441 4.51637977013196 13.8948257145913 0 -13.1164008998854 10.4952098105546 0 14.6979327145023 16.1367461253594 7.65148613958223 0 -0.874160631966852 0 -0.667678957184627 0 0 -1.81739824908664 -1.70047473793406 0 0 -0.044609132243604 
1.57142565333233 -9.6165230449366 2.13387962721003 3.97482614218016 -17.8455007904421 0 3.84524594240135 19.0058825253536 7.17129616400753 0 -16.5523749212978 0.595608745978963 0 0 1.59412206876749 0.495501579947538 0 0 1.27771223947765 0 0 -10.5398833335097 -17.7299109090725 -3.84543605327859 0 -6.55867586217759 -16.2218149454434 13.0460968488111 0 0 14.5378714867578 1.52448077663988 0 -1.90735403723426 2.26721421987154 0.518661023359122 0 -1.54860505999467 0 -0.462485380686114 -0.85473623539076 
1.57142565333233 -15.1649440523074 -12.6065675134801 3.6807237663915 7.54104370602455 0 5.79528363691423 19.0058825253536 18.1124276659044 0 14.3290552097974 -0.667015781936709 0 1.74280494929888 0 0.495501579947538 -0.277401111306344 0 1.32666692572025 1.55277195365763 0.594697144159441 4.51637977013196 0 -13.4287558169005 0 14.9860957893478 0 -2.05287800014619 0 0 12.1851239914937 -0.874160631966852 0 0 2.26721421987154 0 -1.81739824908664 -1.9524874333071 0.249457139638 -0.462485380686114 0.892010547636082 
1.57142565333233 -1.94477689601238 17.0452139699111 5.91511163204681 -17.8455007904421 0 2.44386011848406 3.54940012970446 0 5.85671568562124 -0.307288114124578 -0.319229468409545 -1.13939879422048 -0.389709701943076 1.59412206876749 0.495501579947538 -1.96145468529382 0.886179320456544 -0.584983382646452 1.36826732259629 -0.889872159291931 -10.5398833335097 0.0677719060647171 -16.539486076934 0 9.62414941267304 0 4.74327190655436 -1.73541534181471 6.44624838069838 -4.72408519448903 1.52448077663988 0 0 -0.415124763927946 1.09351984276135 0 -1.13170291189184 -1.39772556507854 0 0.438307766326846 
1.57142565333233 -9.6165230449366 5.98707973304534 3.97482614218016 -17.8455007904421 17.3482750343849 15.0788702420326 -0.0771754043536146 18.1124276659044 0 -14.2017478096307 0.595608745978963 0.446507904886505 0 1.59412206876749 0 0.092221798418193 1.78570482816813 1.32666692572025 -0.263169920194508 0 -10.5398833335097 0 -3.84543605327859 5.4091972417241 -18.7414049910109 -16.2218149454434 4.87944621819977 0 -1.55922105608472 0 1.52448077663988 0 -1.90735403723426 0 0.0703606859223734 0 0 0 0.031732575051362 1.19067444707764 
1.57142565333233 3.69465236724105 15.7029531876105 -10.3638491455297 0 4.31663501424093 3.84524594240135 2.20622518412127 -16.1604769230636 -11.9831124917525 14.3290552097974 0 0 0 0.860422585560206 1.88923816602176 0 0.611881436226834 0 -0.27368127831895 0.594697144159441 4.51637977013196 13.8948257145913 0 5.4091972417241 15.008255746429 20.4858299084407 13.0460968488111 -11.2333667423732 -9.41260127558494 0 -0.874160631966852 0 -1.43275224391034 0 -0.626381511262796 2.16036358673142 -1.54860505999467 0 -0.16224849705689 1.19067444707764 
1.57142565333233 -9.6165230449366 -3.40227012662323 6.71250458781724 0 0 2.44386011848406 19.0058825253536 0 0 0 0.595608745978963 -0.106277667510453 0 0.860422585560206 -0.812091006344227 -1.96145468529382 -0.549078149008135 -0.263255857053798 0 -0.477513038775657 -7.97975425980042 8.17426628813812 -13.8402736158298 0 14.9860957893478 0 15.35320449453 16.1367461253594 0 0 0 0 0.41138055101567 0 0 -1.81739824908664 -2.37326433966088 0 -0.462485380686114 0 
1.57142565333233 -19.6167465646829 0 3.97482614218016 17.4451060860628 0 10.3223563201364 -0.0771754043536146 17.8829312517461 0 -4.84609227548171 -1.59747300727641 0 0 1.76842868596708 0.495501579947538 -0.354072984398377 1.78570482816813 0.94514255875961 1.55277195365763 -0.555537694387854 0 0 4.4710669780481 0 -12.5584815221645 0 19.4777762421769 18.714143437666 19.160583510022 12.1851239914937 1.97945172897515 0 -0.676888563985419 0 -1.64466012438976 0 -1.46783191220268 1.0735432123875 1.74054222448754 0.892010547636082 
1.57142565333233 17.2969402825911 3.6176316021558 15.6851160692447 0 0 3.84524594240135 0 0 0 14.3290552097974 0 0 1.68346783317787 0.860422585560206 0 0 1.04267997156953 0 0 0.594697144159441 4.51637977013196 0 -16.539486076934 3.78976121721312 13.0024174940784 -8.43019170147841 0 2.9511073152307 0 0 -0.874160631966852 -0.464818962134802 -0.260609369995356 0.138221178449793 1.06894400299943 0 0 -1.32258408485101 0 -0.044609132243604 
1.57142565333233 -8.81016282774981 5.98707973304534 3.97482614218016 -17.8455007904421 -13.9419613843513 1.5443006062388 0 18.1124276659044 0 0 0.88316143345235 0.446507904886505 0 1.59412206876749 -1.18608774765678 0 0 1.32666692572025 0 -0.628737155640841 -10.5398833335097 2.4187233949633 2.08576260231704 -17.7115514211876 -18.7414049910109 -13.217581790624 13.0460968488111 0 0 0 1.52448077663988 0.0620968378251869 0 -1.52048759140097 0.0703606859223734 -0.361633317028933 -1.54860505999467 0.249457139638 -0.462485380686114 1.19067444707764 
1.57142565333233 0 1.01225917505206 0 13.434979332278 0 0 2.77723446617705 0 0 -4.75414227915655 0 0.0636303548019521 0 2.32783074833352 0.495501579947538 0 -0.0900088604958769 -0.263255857053798 0 0 0 9.77609831871283 0 -19.8002807701939 15.718997639799 0 0 1.03424918886006 2.7954618366414 13.5468737937263 1.97945172897515 -0.332798210351168 -0.667678957184627 0 0.368912837034516 -1.81739824908664 1.44560278740041 0 0 0 
1.57142565333233 -15.1649440523074 0 3.97482614218016 7.54104370602455 17.3482750343849 -1.29507962276464 0 0 0 -14.2017478096307 -0.667015781936709 0 0 0 0 -1.40923202059196 0 -1.27025979537063 1.55277195365763 0 -7.97975425980042 0 2.08576260231704 10.6418154251956 -12.5584815221645 0 -2.05287800014619 0 7.65148613958223 15.1969395462409 0 0 0 0 -1.64466012438976 0.925574626273277 -1.9524874333071 0.160673894062952 0 0 
1.57142565333233 -8.81016282774981 -1.37710145738772 -13.2057216671788 -17.6066832955492 11.0030013653464 0 0 -6.29895993042689 0 0 0.88316143345235 1.48228125156941 0.593801865602751 0.100291801132398 0 1.13675711356884 -0.939097410961565 0 0 0 -7.97975425980042 -13.0122407213842 -4.31630097972988 -20.8949515143386 -0.229985965522931 12.204178325927 0 -11.2333667423732 0 -3.57591903003674 0 0.0167465479936202 -1.2390024731583 -1.52048759140097 0 -1.44416876204506 1.54329143908959 0 -0.462485380686114 0 
1.57142565333233 17.2969402825911 3.94357362014408 0 17.4451060860628 0 -9.85824882511899 19.0058825253536 0 0 14.3290552097974 0 0 0 1.11915983826349 0.418395287850124 0 0 -0.263255857053798 0 0.594697144159441 -17.9936584914074 0 -16.539486076934 -13.1164008998854 12.616161937926 -8.43019170147841 13.0460968488111 2.9511073152307 0 3.61207955685075 -1.77381643269854 -0.464818962134802 -0.260609369995356 0 1.81360377293248 0 -1.54860505999467 -1.32258408485101 0 0.0347239384589363 
1.57142565333233 7.09937914605224 -16.7136540247889 0 -12.4665150364938 17.3482750343849 5.79528363691423 -0.0771754043536146 -13.3775255146332 0 -4.75414227915655 -1.43106898173274 0.155528736778316 1.47072999340982 1.02557531233205 0 0.487619732766235 1.78570482816813 -1.5158906315993 1.55277195365763 0 0 2.93969178709187 -13.8402736158298 9.08221915638178 -12.5584815221645 -11.2067888531866 0 0 -1.55922105608472 -9.67114824320709 0 0 0.41138055101567 -0.0593000749029685 -1.64466012438976 0.420474968077836 1.44560278740041 0.249457139638 0.031732575051362 -0.938443573628759 
1.57142565333233 -15.1649440523074 3.94357362014408 14.2524333333841 0 -13.9419613843513 0 19.0058825253536 0 0 -4.84609227548171 -0.381027996642994 0 0 0.860422585560206 -1.18608774765678 0 0 -0.263255857053798 1.55277195365763 -0.555537694387854 18.9155071316825 13.8948257145913 0.58477505190986 -13.1164008998854 10.4952098105546 12.2307142113478 -2.05287800014619 16.1367461253594 0 0 0.52622613614715 0 -0.960433059218541 0 0 -1.40987321520684 -1.9524874333071 0 -0.462485380686114 -0.044609132243604 
1.57142565333233 -15.1649440523074 0 3.97482614218016 -16.8909725484396 17.3482750343849 0 0.940858532484089 0 0 0 -0.667015781936709 0 0 1.59412206876749 0 0 1.35502859607573 -0.263255857053798 0 0 -7.97975425980042 2.4187233949633 -13.8402736158298 6.04001632716508 -6.55867586217759 12.2307142113478 -3.70326113631169 0 -1.55922105608472 0 0 0.0620968378251869 0.41138055101567 -0.661003817758059 0.518661023359122 -1.40987321520684 -2.40524196076917 0.249457139638 0.031732575051362 -0.044609132243604 
1.57142565333233 -15.1649440523074 3.94357362014408 19.0996843013445 0 -13.9419613843513 0 3.93178126208101 0 0 -14.2017478096307 -0.381027996642994 0 0 0.860422585560206 -1.18608774765678 0 0 -0.263255857053798 1.55277195365763 0 18.9155071316825 2.4187233949633 2.08576260231704 -17.7115514211876 -6.55867586217759 -16.2218149454434 15.068406229079 0 0 0 0.52622613614715 0.0620968378251869 0 -1.52048759140097 0.518661023359122 0 -1.76766268227606 0 -0.462485380686114 -0.044609132243604 
1.57142565333233 -9.6165230449366 1.27554064804015 -25.5470006434466 0 0 3.84524594240135 -0.884963926339971 7.17129616400753 0 0 0.595608745978963 0.75899016615422 1.80429820227171 0.860422585560206 0.495501579947538 0 0.678453534226144 1.27771223947765 0 0 -10.5398833335097 -17.7299109090725 -16.539486076934 -17.7115514211876 -6.55867586217759 0 13.0460968488111 0 -17.3967204323955 9.71817587954838 1.52448077663988 0 0 -1.52048759140097 0.518661023359122 -1.81739824908664 -1.54860505999467 0 1.46104832434144 0.288980994852717 
1.57142565333233 -9.6165230449366 0 -10.3638491455297 7.54104370602455 4.29867561175426 10.4172108397666 0 0 0.367673253811744 -4.84609227548171 0.595608745978963 0 0 0 1.97938650286728 -0.354072984398377 0 0 0.350191515279092 -0.555537694387854 17.0922148214151 0 0 10.6418154251956 -0.229985965522931 -3.17835217594558 14.521650017063 10.0467394912833 -1.55922105608472 15.1969395462409 0 0 -0.30580772753144 0 0 -0.653072283981867 -1.0195713002093 -0.00272511171769591 0.031732575051362 0 
1.57142565333233 -15.1649440523074 5.98707973304534 20.0756516829252 -17.8455007904421 13.1122586046868 0 -0.884963926339971 0.306828975215009 0 -14.2017478096307 -0.667015781936709 0.446507904886505 -0.516140276312893 1.59412206876749 0 1.13675711356884 1.51713979221747 -0.584983382646452 -0.263169920194508 0 -16.7730637782128 0.0677719060647171 2.08576260231704 -4.13639658323321 -6.55867586217759 -16.2218149454434 13.0460968488111 1.22173068473196 0 9.71817587954838 1.89874144224391 0 -0.839252281812603 -0.943802413038817 0.13577863584076 0 -1.54860505999467 0 -0.462485380686114 0.892010547636082 
0 -15.1649440523074 -3.60599176194798 0 -17.8455007904421 0 3.84524594240135 0 0 0 14.3290552097974 -0.667015781936709 0 0 1.59412206876749 0.495501579947538 0 0 -0.263255857053798 1.55277195365763 0.594697144159441 4.51637977013196 13.8948257145913 4.4710669780481 -13.1164008998854 10.4952098105546 2.28200829694141 17.3993106021543 0 7.65148613958223 0 -0.874160631966852 0 -0.676888563985419 0 0 1.24938009830629 -1.70862130471907 0.160673894062952 0 -0.044609132243604 
0.748595936178965 -9.6165230449366 1.27554064804015 3.97482614218016 0 0 0 19.0058825253536 18.1124276659044 0 14.3290552097974 0.595608745978963 0.75899016615422 0 0.860422585560206 0.495501579947538 1.13675711356884 0 1.32666692572025 0 0.594697144159441 -7.97975425980042 13.8948257145913 8.36626113781997 5.4091972417241 -6.55867586217759 0 13.0460968488111 16.1367461253594 -17.3967204323955 0 0 0 -0.43053485778651 0 0.518661023359122 -1.81739824908664 -1.54860505999467 0 1.46104832434144 1.19067444707764 
1.57142565333233 -9.6165230449366 -1.37710145738772 15.6851160692447 -15.5308212784728 0 3.84524594240135 19.0058825253536 0 0 14.3290552097974 0.595608745978963 1.48228125156941 1.68346783317787 -0.0134386774354794 0.495501579947538 0 0 -0.263255857053798 1.55277195365763 0.594697144159441 4.51637977013196 13.8948257145913 0 -13.1164008998854 10.4952098105546 0 14.521650017063 16.1367461253594 -1.55922105608472 0 -0.874160631966852 0 -0.30580772753144 0 0 -1.81739824908664 -1.0195713002093 0 0.031732575051362 -0.044609132243604 
0 -15.1649440523074 0 3.97482614218016 14.9720461922568 17.3482750343849 0 -0.0771754043536146 0 0 -4.84609227548171 -0.667015781936709 0 0 -0.992810893334826 0 0 1.78570482816813 -0.263255857053798 1.55277195365763 -0.555537694387854 -7.97975425980042 2.4187233949633 4.4710669780481 6.04001632716508 -12.5584815221645 12.2307142113478 19.4777762421769 0 -18.8818193501243 12.1851239914937 0 0.0620968378251869 -0.676888563985419 -0.661003817758059 -1.64466012438976 -1.40987321520684 -1.46783191220268 0.249457139638 -0.828458802899559 0.892010547636082 
0 3.69465236724105 15.7029531876105 3.97482614218016 0 17.3482750343849 0 -0.0771754043536146 -16.1604769230636 -11.9831124917525 0 -0.153548902065283 0 0 0 0 1.01342390617981 1.78570482816813 0 -0.27368127831895 -0.628737155640841 -7.97975425980042 0.0677719060647171 0 5.4091972417241 -18.7414049910109 20.4858299084407 4.87944621819977 0 -3.8763331285102 0 0 0 -1.43275224391034 0 0.0703606859223734 2.16036358673142 0 0.249457139638 0.104108504757336 1.19067444707764 
1.57142565333233 -15.1649440523074 -12.6065675134801 0 7.54104370602455 -13.9419613843513 0 3.93178126208101 18.1124276659044 0 -4.84609227548171 -0.667015781936709 0 1.47072999340982 0 -1.18608774765678 0 0 1.32666692572025 1.55277195365763 -0.555537694387854 18.9155071316825 2.4187233949633 2.08576260231704 -17.7115514211876 -6.55867586217759 -1.67387766611012 15.068406229079 0 0 12.1851239914937 0.52622613614715 0.0620968378251869 0 -1.52048759140097 0.518661023359122 -1.35672851879929 -1.76766268227606 0 -0.462485380686114 0.892010547636082 
1.57142565333233 -12.0308381933863 18.5357060742265 0 0 0 3.84524594240135 12.7032875608202 0 0 -14.2017478096307 -0.536488295782585 0 0 0.860422585560206 0.495501579947538 0 0 -0.263255857053798 0 0.26036008079553 4.51637977013196 0.00863527879521031 -16.539486076934 0 9.62414941267304 0 0 16.1367461253594 -12.316610437034 -4.72408519448903 -0.874160631966852 1.82786254390509 0 2.26721421987154 1.09351984276135 -1.81739824908664 1.44560278740041 0 1.61979038250623 0.438307766326846 
0 -15.1649440523074 0 3.97482614218016 7.54104370602455 17.3482750343849 10.4172108397666 -0.0771754043536146 0 0 -4.84609227548171 -0.667015781936709 0 -0.603521804438681 0 0 -0.354072984398377 1.78570482816813 -0.263255857053798 0 -0.555537694387854 -7.97975425980042 0 -16.7508088366831 -13.1164008998854 13.0024174940784 -8.43019170147841 -2.05287800014619 2.9511073152307 0 12.1851239914937 0 -0.464818962134802 0.269323571971303 0 1.06894400299943 0 -1.9524874333071 -1.32258408485101 0 0.892010547636082 
0 -9.6165230449366 2.13387962721003 6.71250458781724 -17.8455007904421 -13.9419613843513 3.84524594240135 0 2.06952411451821 0 0 0.595608745978963 0 0 1.59412206876749 -1.18608774765678 0 0 0.0348374208783905 0 -0.628737155640841 4.51637977013196 13.8948257145913 2.08576260231704 -17.7115514211876 10.4952098105546 0 13.0460968488111 0 19.160583510022 0 -0.874160631966852 0 0 -1.52048759140097 0 -1.81739824908664 -1.54860505999467 0.249457139638 1.74054222448754 1.19067444707764 
0 -15.1649440523074 -12.6065675134801 3.97482614218016 16.8561923023575 12.7497409259201 0 -0.884963926339971 0 0 0 -0.667015781936709 0 0 -0.109434655434189 0 0 1.51713979221747 -0.263255857053798 -0.263169920194508 -1.3195076367443 -7.97975425980042 2.4187233949633 -13.8402736158298 9.08221915638178 -6.55867586217759 -12.6087386163225 16.0251126879943 0 -1.55922105608472 9.71817587954838 0 0.0620968378251869 0.41138055101567 -0.0593000749029685 0.518661023359122 0.555237248914892 2.76376695826825 0.249457139638 0.031732575051362 0.892010547636082 
1.57142565333233 -15.1649440523074 1.27554064804015 3.97482614218016 4.26652499626694 -17.07920405901 3.84524594240135 0 0 2.52477385426162 0 -0.667015781936709 0.75899016615422 0 0.860422585560206 -0.965211463419353 0 -0.652485858952853 -0.263255857053798 0.465078023478891 0 -7.97975425980042 13.8948257145913 8.36626113781997 -13.1164008998854 -6.55867586217759 20.4858299084407 13.0460968488111 -1.73541534181471 -17.3967204323955 0 0 0 -0.43053485778651 0 0.518661023359122 2.16036358673142 -1.54860505999467 -1.39772556507854 1.46104832434144 1.19067444707764 
1.57142565333233 -15.1649440523074 0 -21.728738415534 4.26652499626694 0 10.4172108397666 -0.884963926339971 7.17129616400753 0 0 -0.667015781936709 0 1.10923002863733 0.860422585560206 0.495501579947538 -0.354072984398377 0.678453534226144 1.27771223947765 1.55277195365763 0 -10.5398833335097 0.944683132830394 -3.84543605327859 0 -12.5584815221645 0 4.74327190655436 0 -17.3967204323955 0 1.52448077663988 0.705865813962121 -1.90735403723426 0 -1.64466012438976 -1.81739824908664 -0.715566599767453 0.249457139638 1.46104832434144 -0.044609132243604 
1.57142565333233 17.2969402825911 -3.60599176194798 15.6851160692447 -17.8455007904421 -13.9419613843513 3.84524594240135 0 -13.3775255146332 0 14.3290552097974 0 0 1.68346783317787 1.59412206876749 -1.18608774765678 0 1.04267997156953 -1.5158906315993 1.55277195365763 0.594697144159441 -19.5178733018776 13.8948257145913 -16.539486076934 8.11114053386782 13.0024174940784 2.28200829694141 0 0 0 0 0 0 -0.260609369995356 0.566886543094593 1.06894400299943 1.24938009830629 0 0.160673894062952 0 -0.044609132243604 
2.56888754534157 -9.6165230449366 -1.37710145738772 0 -15.5308212784728 17.3482750343849 0 -0.0771754043536146 18.1124276659044 0 0 0.595608745978963 1.48228125156941 1.47072999340982 -0.0134386774354794 0 1.01342390617981 1.78570482816813 1.32666692572025 1.55277195365763 -0.628737155640841 -1.1384934429957 13.8948257145913 -13.8402736158298 9.08221915638178 10.4952098105546 0 14.521650017063 0 -1.55922105608472 12.1851239914937 0.751879804884959 0 0.41138055101567 -0.0593000749029685 0 -1.81739824908664 -1.0195713002093 0.249457139638 0.031732575051362 0.892010547636082 
0.748595936178965 7.09937914605224 -3.40227012662323 3.97482614218016 6.48363125812431 0 2.44386011848406 19.0058825253536 0 0 14.3290552097974 -1.43106898173274 -0.106277667510453 0 0 0.495501579947538 -1.96145468529382 0 -1.27025979537063 1.55277195365763 0.594697144159441 -7.97975425980042 -13.0122407213842 0 0 14.9860957893478 -2.65285640757198 0 16.1367461253594 0 0 0 0.955523612869682 -0.667678957184627 0 0 -1.81739824908664 1.44560278740041 0 -0.462485380686114 -0.044609132243604 
1.57142565333233 -9.6165230449366 -12.6065675134801 15.6851160692447 0 0 0 19.0058825253536 0 0 -4.84609227548171 0.595608745978963 0 1.68346783317787 0 0.495501579947538 1.01342390617981 0 -1.31417429415238 1.55277195365763 -0.555537694387854 4.51637977013196 13.8948257145913 0 9.08221915638178 -12.5584815221645 0 0 0 -1.55922105608472 0 -0.874160631966852 0 -0.30580772753144 -0.0593000749029685 -1.64466012438976 -1.81739824908664 1.44560278740041 0.249457139638 0.031732575051362 -0.044609132243604 
1.57142565333233 -15.1649440523074 0 3.97482614218016 17.4451060860628 0 10.3223563201364 -0.0771754043536146 -13.3775255146332 16.8580064814808 -4.84609227548171 -0.667015781936709 0 0 1.76842868596708 0.495501579947538 -0.354072984398377 1.78570482816813 -1.5158906315993 0 -0.555537694387854 -14.7724474400852 -7.80798259603697 4.4710669780481 0 13.0024174940784 2.28200829694141 0 0 19.160583510022 12.1851239914937 1.1936175007809 0.161063560359675 -0.676888563985419 0 1.06894400299943 1.24938009830629 0 0.160673894062952 1.74054222448754 0.892010547636082 
1.5707963267949 -15.1649440523074 2.13387962721003 -10.3638491455297 0 -13.9419613843513 3.84524594240135 12.7032875608202 13.8610990410024 0 -14.2017478096307 -0.667015781936709 0 0 0.860422585560206 -1.18608774765678 0 0 0 1.55277195365763 0 -19.1064242735069 -10.0607482111364 2.08576260231704 8.11114053386782 14.9860957893478 20.4858299084407 13.0460968488111 -11.2333667423732 -9.41260127558494 0 1.91697638571122 -1.00884031644503 0 0.566886543094593 0 2.16036358673142 -1.54860505999467 0 -0.16224849705689 1.19067444707764 
1.57142565333233 -9.6165230449366 -3.42122074655314 3.61800573026669 0 0 0 19.0058825253536 -6.29895993042689 5.85671568562124 14.3290552097974 0.595608745978963 -0.423143222827065 -0.457137314769038 0.860422585560206 0.495501579947538 0 0 0 1.36826732259629 0.594697144159441 4.51637977013196 13.8948257145913 0 -19.8002807701939 15.718997639799 0.0782188587254935 0 16.1367461253594 2.7954618366414 13.5468737937263 -0.874160631966852 0 -0.667678957184627 0 0.368912837034516 -0.532287718044728 1.44560278740041 0 0 0 
1.57142565333233 -15.1649440523074 0 7.13468860235749 0 0 15.0788702420326 -16.7346931792492 0 0 14.3290552097974 -0.667015781936709 0 -0.0655310107700205 0 0.4550373406592 0.092221798418193 0.366769787094914 -1.31417429415238 1.55277195365763 0.594697144159441 4.51637977013196 0 0 10.6418154251956 12.6751692708 0 0 -1.73541534181471 7.65148613958223 0 -0.874160631966852 0 -0.667678957184627 0 0.74358359585683 0 1.44560278740041 -1.39772556507854 0 -0.044609132243604 
0 -9.6165230449366 2.13387962721003 3.97482614218016 17.4451060860628 17.3482750343849 3.84524594240135 19.0058825253536 0 -2.05170965066725 -14.2017478096307 0.595608745978963 0 0 1.11915983826349 0 0 0 -0.263255857053798 1.55277195365763 0 -5.29501771800919 -17.7299109090725 -3.84543605327859 10.6418154251956 10.4952098105546 -8.43019170147841 13.0460968488111 16.1367461253594 0 17.4242149374561 -1.49015409289401 0 -1.90735403723426 0 0 0 -1.54860505999467 0 0 0 
1.57142565333233 17.2969402825911 3.94357362014408 -10.3638491455297 17.4451060860628 4.29867561175426 0 19.0058825253536 0 0 14.3290552097974 0 0 0 1.11915983826349 1.97938650286728 1.01342390617981 0 -0.263255857053798 0 0.594697144159441 -17.9936584914074 0 -16.539486076934 -13.1164008998854 13.0024174940784 20.4858299084407 13.0460968488111 -11.2333667423732 0 3.61207955685075 -1.77381643269854 -0.464818962134802 -0.260609369995356 0 1.06894400299943 2.16036358673142 -1.54860505999467 0 0 0.0347239384589363 
1.57142565333233 -9.6165230449366 0 7.13468860235749 0 4.29867561175426 15.0788702420326 19.0058825253536 0 0 -4.84609227548171 0.595608745978963 0 -0.0655310107700205 0 1.97938650286728 0.092221798418193 0 0 1.55277195365763 -0.555537694387854 4.51637977013196 0 0 10.6418154251956 12.6751692708 -3.17835217594558 14.521650017063 10.0467394912833 -1.55922105608472 0 -0.874160631966852 0 -0.667678957184627 0 0.74358359585683 -0.653072283981867 -1.0195713002093 -0.00272511171769591 0.031732575051362 -0.044609132243604 
1.57142565333233 -15.1649440523074 0 14.5389298815927 -17.8455007904421 17.3482750343849 0 19.0058825253536 0 0 -14.2017478096307 -0.667015781936709 0 0 1.59412206876749 0 1.13675711356884 0 -1.27025979537063 0 0 -7.97975425980042 -13.0122407213842 -13.8402736158298 0 10.4952098105546 12.2307142113478 0 16.1367461253594 0 0 0 0.955523612869682 0.41138055101567 0 0 -1.40987321520684 1.54329143908959 0 -0.462485380686114 -0.044609132243604 
2.56988634506748 -9.6165230449366 2.13387962721003 0 0 0 0 2.77723446617705 0.0801325910399354 0 14.3290552097974 0.595608745978963 0 0 0.860422585560206 0.495501579947538 1.20801857263223 -0.0900088604958769 0.45396995378843 0 0.594697144159441 0 16.6753981042539 -16.539486076934 0 14.9860957893478 0 17.3993106021543 18.714143437666 0 17.4242149374561 1.97945172897515 0 0 2.26721421987154 0 -1.81739824908664 -1.70862130471907 0.898857128293653 -0.462485380686114 0 
1.57142565333233 -12.0308381933863 0 5.91511163204681 -17.8455007904421 0 2.44386011848406 -7.82775693937566 -13.3775255146332 5.85671568562124 -14.2017478096307 -0.536488295782585 0 -0.389709701943076 1.59412206876749 -0.812091006344227 -1.96145468529382 1.98367159906014 -1.5158906315993 1.36826732259629 0.26036008079553 -10.5398833335097 0.0677719060647171 -3.84543605327859 0 9.62414941267304 -8.43019170147841 4.74327190655436 0 -12.316610437034 0 1.52448077663988 0 -1.90735403723426 0 1.09351984276135 0 -0.715566599767453 0.249457139638 1.61979038250623 -0.044609132243604 
1.57142565333233 3.69465236724105 -12.6065675134801 0 -12.4665150364938 17.3482750343849 5.79528363691423 -0.0771754043536146 -13.3775255146332 0 0 0 0 1.47072999340982 1.02557531233205 0 0.487619732766235 1.78570482816813 -1.5158906315993 0 0 0 2.93969178709187 -13.8402736158298 -16.5644057730978 -12.5584815221645 -11.2067888531866 0 0 -1.55922105608472 0 0 0 0.41138055101567 -1.89358647721521 -1.64466012438976 0.420474968077836 1.44560278740041 0.249457139638 0.031732575051362 1.19067444707764 
1.57142565333233 -12.0308381933863 5.98707973304534 18.9925056225585 -17.8455007904421 13.1122586046868 0 -0.884963926339971 0.306828975215009 0 -14.2017478096307 -0.536488295782585 0.446507904886505 -0.347456954651259 1.59412206876749 0 1.13675711356884 1.51713979221747 -0.584983382646452 -0.263169920194508 0 -16.7730637782128 0.0677719060647171 2.08576260231704 10.6418154251956 -6.55867586217759 -16.2218149454434 4.74327190655436 1.22173068473196 0 9.71817587954838 1.89874144224391 0 -0.839252281812603 0 0.13577863584076 0 -0.715566599767453 0 -0.462485380686114 0.892010547636082 
0 -19.6061065236368 0 3.97482614218016 -17.8455007904421 17.3482750343849 10.3223563201364 -16.7346931792492 18.1124276659044 0 -4.84609227548171 -0.699111080644238 0 0 1.59412206876749 0 -0.354072984398377 0.366769787094914 1.32666692572025 1.55277195365763 -0.555537694387854 -17.024869810522 0 8.36626113781997 0 -12.5584815221645 17.6326684363338 0 0 -18.8818193501243 12.1851239914937 1.36856721360635 0 -0.43053485778651 0 -1.64466012438976 1.46405320403355 0 0.160673894062952 -0.828458802899559 0.892010547636082 
1.57142565333233 -15.1649440523074 0 -10.3638491455297 7.54104370602455 0 10.4172108397666 19.0058825253536 0 0.367673253811744 14.3290552097974 -0.667015781936709 0 0 0 0.495501579947538 -0.354072984398377 0 0 0.350191515279092 0.594697144159441 17.0922148214151 0 0 10.6418154251956 10.4952098105546 -3.17835217594558 13.0460968488111 16.1367461253594 7.65148613958223 0 0 0 -0.30580772753144 0 0 -0.653072283981867 -1.54860505999467 0 0 -0.044609132243604 
1.57142565333233 -9.6165230449366 0 3.97482614218016 7.54104370602455 17.3482750343849 3.84524594240135 0 0 0 -14.2017478096307 0.595608745978963 0 0 0 0 0 0 -1.27025979537063 1.55277195365763 0 -7.97975425980042 -17.7299109090725 -3.84543605327859 0 -12.5584815221645 -16.2218149454434 -2.05287800014619 0 7.65148613958223 15.1969395462409 0 0 -1.90735403723426 2.26721421987154 -1.64466012438976 0 -1.9524874333071 0 0 0 
1.57142565333233 -15.1649440523074 2.13387962721003 0 -17.8455007904421 0 5.79528363691423 19.0058825253536 13.8610990410024 0 -14.2017478096307 -0.667015781936709 0 0 1.59412206876749 0.495501579947538 -0.277401111306344 0 0 1.55277195365763 0 -19.1064242735069 0 2.08576260231704 0 14.9860957893478 0 19.4777762421769 0 0 12.1851239914937 1.91697638571122 0 0 2.26721421987154 0 -1.81739824908664 -0.838363359034231 0.160673894062952 -0.462485380686114 0.892010547636082 
1.57142565333233 -1.94477689601238 17.0452139699111 5.91511163204681 7.54104370602455 0 5.79528363691423 19.0058825253536 18.1124276659044 0 14.3290552097974 -0.319229468409545 -1.13939879422048 -0.389709701943076 0 0.495501579947538 -0.277401111306344 0 1.32666692572025 1.55277195365763 0.594697144159441 4.51637977013196 0 -13.4287558169005 0 9.62414941267304 0 -2.05287800014619 0 0 12.1851239914937 -0.874160631966852 0 0 -0.415124763927946 1.09351984276135 0 -1.9524874333071 0.249457139638 -0.462485380686114 0.892010547636082 
1.57142565333233 -15.1649440523074 5.98707973304534 3.97482614218016 -17.8455007904421 17.3482750343849 15.0788702420326 -16.7346931792492 0 5.85671568562124 0 -0.667015781936709 0.446507904886505 0 1.59412206876749 0 0.092221798418193 0.366769787094914 -0.263255857053798 0.925907526512587 -1.1681418461763 -10.5398833335097 0 -3.84543605327859 5.4091972417241 -12.5584815221645 0 4.87944621819977 -1.73541534181471 7.65148613958223 0 1.52448077663988 0 -1.90735403723426 0 -1.64466012438976 0 0 -1.39772556507854 0 1.19067444707764 
0 -12.0308381933863 0 3.97482614218016 -17.8455007904421 0 0 2.20622518412127 0 -11.9831124917525 -14.2017478096307 -0.536488295782585 0 0 1.59412206876749 -0.812091006344227 0 0.611881436226834 -0.263255857053798 -0.27368127831895 -0.263434187119563 4.51637977013196 13.8948257145913 0 5.4091972417241 10.4952098105546 20.4858299084407 13.0460968488111 0 -9.41260127558494 0 -0.874160631966852 0 -1.43275224391034 0 0 2.16036358673142 -1.54860505999467 0.249457139638 -0.16224849705689 1.19067444707764 
1.57142565333233 -9.6165230449366 -3.40227012662323 3.23005655930846 17.4451060860628 4.34418694702638 2.44386011848406 2.77723446617705 0 5.85671568562124 0 0.595608745978963 -0.106277667510453 1.20186968389986 1.76842868596708 1.32133292534451 -1.96145468529382 -0.0900088604958769 -0.263255857053798 1.36826732259629 -0.477513038775657 -7.97975425980042 8.17426628813812 -13.8402736158298 0 9.15302979003313 0 13.0460968488111 18.714143437666 19.160583510022 13.5468737937263 0 0 0.41138055101567 0 1.42427737332614 -1.81739824908664 -1.54860505999467 0.898857128293653 1.74054222448754 0 
1.57142565333233 -9.6165230449366 2.13387962721003 3.97482614218016 17.4451060860628 0 3.84524594240135 19.0058825253536 7.17129616400753 0 -4.84609227548171 0.595608745978963 0 0 1.76842868596708 0.495501579947538 0 0 1.27771223947765 0 -0.555537694387854 -10.5398833335097 0 -3.84543605327859 0 -6.55867586217759 0 19.4777762421769 18.714143437666 19.160583510022 14.5378714867578 1.52448077663988 0 -1.90735403723426 2.26721421987154 0.518661023359122 0 -1.46783191220268 0.898857128293653 1.74054222448754 -0.85473623539076 
1.57142565333233 17.2969402825911 0 3.97482614218016 -17.8455007904421 17.3482750343849 0 0 0 0 -14.2017478096307 0 0 0 1.59412206876749 0 1.13675711356884 1.04267997156953 -1.27025979537063 0 0 -7.91563609189616 0 -16.539486076934 3.78976121721312 -0.229985965522931 12.2307142113478 0 -11.2333667423732 0 0 -0.538310247253771 -0.464818962134802 -0.260609369995356 0.138221178449793 0 -1.40987321520684 0 0 0 -0.044609132243604 
1.57142565333233 -9.6165230449366 7.41355854655316 3.97482614218016 -17.8455007904421 -13.9419613843513 0 0 18.1124276659044 5.85671568562124 14.3290552097974 0.595608745978963 0 0 1.59412206876749 -1.18608774765678 0 0 1.32666692572025 1.36826732259629 0.594697144159441 -10.5398833335097 2.4187233949633 1.13925397956709 -13.1164008998854 -18.7414049910109 0.0782188587254935 13.0460968488111 16.1367461253594 0 0 1.52448077663988 0.0620968378251869 -0.667678957184627 0 0.0703606859223734 -0.532287718044728 -1.54860505999467 0 -0.462485380686114 -0.044609132243604 
1.57142565333233 -9.6165230449366 5.98707973304534 3.97482614218016 13.434979332278 17.3482750343849 0 -0.0771754043536146 18.1124276659044 0 -14.2017478096307 0.595608745978963 0.446507904886505 0 2.32783074833352 0 0 1.78570482816813 1.32666692572025 -0.263169920194508 0 0 13.8948257145913 0 5.4091972417241 15.718997639799 0 0 1.03424918886006 2.7954618366414 0 1.97945172897515 0 -0.667678957184627 0 0.368912837034516 -1.81739824908664 1.44560278740041 0 0 1.19067444707764 
1.57142565333233 7.09937914605224 -12.6065675134801 0 -12.4665150364938 17.3482750343849 5.79528363691423 -0.0771754043536146 0 0 -14.2017478096307 -1.43106898173274 0 1.47072999340982 1.02557531233205 0 0.487619732766235 1.78570482816813 -1.27025979537063 1.55277195365763 0 -7.97975425980042 2.93969178709187 2.08576260231704 10.6418154251956 -12.5584815221645 -11.2067888531866 0 0 -1.55922105608472 -9.67114824320709 0 0 0 0 -1.64466012438976 0.420474968077836 1.44560278740041 0.160673894062952 0.031732575051362 -0.938443573628759 
1.57142565333233 -8.81016282774981 -1.37710145738772 0 -15.5308212784728 17.3482750343849 0 0 0 0 0 0.88316143345235 1.48228125156941 -1.74925549502916 -0.0134386774354794 0 1.13675711356884 -0.939097410961565 -0.263255857053798 0 0 -7.97975425980042 0 -16.539486076934 -17.7115514211876 -12.5584815221645 12.204178325927 19.4777762421769 -1.73541534181471 0 -3.57591903003674 0 0 0 -1.52048759140097 -1.64466012438976 -1.44416876204506 -1.46783191220268 -1.39772556507854 -0.462485380686114 0 
1.57142565333233 -8.81016282774981 5.98707973304534 3.97482614218016 -17.8455007904421 -13.9419613843513 1.5443006062388 19.0058825253536 0 0 14.3290552097974 0.88316143345235 0.446507904886505 0 1.59412206876749 -1.18608774765678 0 0 -0.263255857053798 0 0.594697144159441 -10.5398833335097 2.4187233949633 -16.539486076934 -17.7115514211876 -18.7414049910109 -8.43019170147841 13.0460968488111 0 0 0 1.52448077663988 0.0620968378251869 -0.260609369995356 -1.52048759140097 0.0703606859223734 0 -1.54860505999467 0.249457139638 -0.462485380686114 1.19067444707764 
0 7.09937914605224 -12.6065675134801 3.97482614218016 -12.4665150364938 17.3482750343849 10.3223563201364 -0.0771754043536146 -13.3775255146332 0 -4.75414227915655 -1.43106898173274 0 0 1.02557531233205 0 -0.354072984398377 1.78570482816813 -1.5158906315993 1.55277195365763 0 0 0 -13.8402736158298 0 -12.5584815221645 -11.2067888531866 19.4777762421769 0 19.160583510022 -9.67114824320709 0 0 0.41138055101567 0 -1.64466012438976 0.420474968077836 -1.46783191220268 0.249457139638 1.74054222448754 -0.938443573628759 
1.57142565333233 0 1.01225917505206 0 13.434979332278 0 0 2.77723446617705 0 0 -4.84609227548171 0 0.0636303548019521 0 2.32783074833352 0.495501579947538 0 -0.0900088604958769 -0.263255857053798 0 -0.555537694387854 18.9155071316825 13.8948257145913 0 -19.8002807701939 15.718997639799 0 0 1.03424918886006 0 0 0.52622613614715 0 -0.0447364503446672 0 0.368912837034516 -1.81739824908664 1.44560278740041 0 -0.462485380686114 -0.044609132243604 
1.57142565333233 -15.1649440523074 0 3.97482614218016 -17.8455007904421 0 2.44386011848406 3.54940012970446 0 0 0 -0.667015781936709 0 0 1.59412206876749 0.495501579947538 -1.96145468529382 0.886179320456544 -0.263255857053798 0 0 -10.5398833335097 0.0677719060647171 -13.8402736158298 0 -6.55867586217759 12.2307142113478 4.74327190655436 0 -1.55922105608472 0 1.52448077663988 0 0.41138055101567 -0.415124763927946 0.518661023359122 -1.40987321520684 -1.13170291189184 0.249457139638 0.031732575051362 -0.044609132243604 
1.57142565333233 -15.1649440523074 0 7.13468860235749 0 -13.9419613843513 15.0788702420326 3.93178126208101 0 0 -14.2017478096307 -0.381027996642994 0 -0.0655310107700205 0 -1.18608774765678 0.092221798418193 0 -1.31417429415238 1.55277195365763 0 18.9155071316825 2.4187233949633 2.08576260231704 -17.7115514211876 -6.55867586217759 -16.2218149454434 0 0 7.65148613958223 0 0.52622613614715 0.0620968378251869 0 -1.52048759140097 0.518661023359122 0 1.44560278740041 0 0 -0.044609132243604 
0.748595936178965 -9.6165230449366 3.94357362014408 0 0 0 3.84524594240135 19.0058825253536 7.17129616400753 0 14.3290552097974 0.595608745978963 0 0 0.860422585560206 0.495501579947538 0 0 1.27771223947765 0 0.594697144159441 -10.5398833335097 -17.7299109090725 0 -13.1164008998854 -6.55867586217759 0 13.0460968488111 16.1367461253594 -17.3967204323955 0 1.52448077663988 0 -0.667678957184627 0 0.518661023359122 -1.81739824908664 -1.54860505999467 0 1.46104832434144 -0.044609132243604 
0.748595936178965 -15.1649440523074 0 2.94872282715455 -17.8455007904421 4.29867561175426 15.0788702420326 -16.7346931792492 0 16.8580064814808 -4.84609227548171 -0.667015781936709 0 -0.141430099649089 1.59412206876749 1.97938650286728 0.092221798418193 0.366769787094914 0 0 -0.555537694387854 -14.7724474400852 -7.80798259603697 0 0 -0.229985965522931 2.28200829694141 0 0 -1.55922105608472 -9.67114824320709 1.1936175007809 0.161063560359675 -0.30580772753144 1.41468335381461 0 1.24938009830629 0 0.160673894062952 0.031732575051362 -0.938443573628759 
1.57142565333233 -15.1649440523074 -3.40227012662323 0 -17.8455007904421 13.1122586046868 0 -16.7346931792492 7.17129616400753 0 -14.2017478096307 -0.667015781936709 -0.106277667510453 0 1.59412206876749 0 1.13675711356884 0.366769787094914 1.27771223947765 -0.263169920194508 0 -17.024869810522 0.0677719060647171 8.36626113781997 0 -6.55867586217759 -16.2218149454434 0 1.22173068473196 7.65148613958223 9.71817587954838 1.36856721360635 0 -0.43053485778651 1.41468335381461 0.13577863584076 0 0 0 0 0.892010547636082 
