100
10
2.57109798855871 -9.6165230449366 3.94357362014408 0 0 0 3.84524594240135 19.0058825253536 0 0 14.3290552097974 0.595608745978963 0 0 0.860422585560206 0.495501579947538 0 0 -0.263255857053798 0 0.594697144159441 4.51637977013196 13.8948257145913 0 -13.1164008998854 10.4952098105546 0 13.0460968488111 16.1367461253594 7.65148613958223 0 -0.874160631966852 0 -0.667678957184627 0 0 -1.81739824908664 -1.54860505999467 0 0 -0.044609132243604 
2.57109798855871 -9.6165230449366 3.94357362014408 0 0 0 3.84524594240135 19.0058825253536 0 0 14.3290552097974 0.595608745978963 0 0 0.860422585560206 0.495501579947538 0 0 -0.263255857053798 0 0.594697144159441 4.51637977013196 13.8948257145913 0 -13.1164008998854 10.4952098105546 0 13.0460968488111 16.1367461253594 7.65148613958223 0 -0.874160631966852 0 -0.667678957184627 0 0 -1.81739824908664 -1.54860505999467 0 0 -0.044609132243604 
2.56988634506748 -15.1649440523074 0 3.97482614218016 7.54104370602455 17.3482750343849 15.0788702420326 -0.0771754043536146 18.1124276659044 0 -4.84609227548171 -0.667015781936709 0 0 0 0 0.092221798418193 1.78570482816813 1.32666692572025 1.55277195365763 -0.555537694387854 -7.97975425980042 0 -13.8402736158298 10.6418154251956 -12.5584815221645 0 -2.05287800014619 0 -1.55922105608472 12.1851239914937 0 0 0.41138055101567 0 -1.64466012438976 -1.0288879233547 -1.9524874333071 0.249457139638 0.031732575051362 0.892010547636082 
2.56988634506748 -15.1649440523074 0 3.97482614218016 7.54104370602455 17.3482750343849 10.3223563201364 -0.0771754043536146 18.1124276659044 0 -4.84609227548171 -0.667015781936709 0 0 0 0 -0.354072984398377 1.78570482816813 1.32666692572025 1.55277195365763 -0.555537694387854 -7.97975425980042 0 -13.8402736158298 10.6418154251956 -12.5584815221645 -2.31743081394463 -2.05287800014619 0 -1.55922105608472 12.1851239914937 0 0 0.41138055101567 0 -1.64466012438976 -0.653072283981867 -1.9524874333071 0.249457139638 0.031732575051362 0.892010547636082 
0 0 0 0 -8.1331850819677 2.62789748731437 -4.74278559197801 -16.7346931792492 13.8610990410024 16.8580064814808 2.48799035907164 0 0 -1.74925549502916 0.134597789633366 0 1.64170756174331 0.366769787094914 0 0 1.73062504908565 -5.29501771800919 -17.7299109090725 4.4710669780481 0 14.9860957893478 -11.6971095985254 19.4777762421769 0 14.260890741954 -9.67114824320709 -1.49015409289401 0 -0.676888563985419 0.0286266222776038 0 -0.462183201900769 -1.46783191220268 0 1.74054222448754 -0.938443573628759 
2.36431119505926 -15.1649440523074 -12.6065675134801 0 16.8561923023575 17.3482750343849 5.79528363691423 -0.884963926339971 18.1124276659044 0 0 -0.667015781936709 0 1.47072999340982 -0.109434655434189 0 -0.277401111306344 1.51713979221747 1.32666692572025 -0.263169920194508 -1.3195076367443 0 0 -13.8402736158298 9.08221915638178 -17.8338807159261 -12.6087386163225 16.0251126879943 0 -1.55922105608472 9.71817587954838 0 0 0.41138055101567 -0.0593000749029685 0 0 2.76376695826825 0.249457139638 0.031732575051362 0.892010547636082 
1.57142565333233 -15.1649440523074 -3.60599176194798 18.9925056225585 -11.9520861431733 0 15.0788702420326 0 -8.65189635783988 0 -9.64067697973953 -0.667015781936709 0 -0.495434046487992 -1.21687125098746 0 0.092221798418193 -0.813948322466551 -1.20941809945247 1.55277195365763 0.703530013888856 -12.4947656469861 -16.9134174366078 4.4710669780481 -19.8002807701939 13.0024174940784 2.28200829694141 0 5.40173308318562 2.7954618366414 12.7464825626213 1.62543303874574 0 -0.676888563985419 0 1.06894400299943 1.24938009830629 1.44560278740041 0.111375020347245 0 -1.16060079408838 
1.57142565333233 0 0 23.0602817415541 -17.8455007904421 11.0030013653464 0 0 -16.1604769230636 0 0 0 0 -0.210185076473367 1.59412206876749 0 0 0 0 0 0 -10.5398833335097 0 -6.83964981233685 -17.7115514211876 -6.55867586217759 12.2307142113478 4.74327190655436 16.1367461253594 0 0 1.52448077663988 -0.464818962134802 -2.63244854446149 -1.52048759140097 0.518661023359122 -1.40987321520684 -0.715566599767453 0 -0.462485380686114 0 
1.57142565333233 -8.81016282774981 7.41355854655316 -10.3638491455297 -11.9520861431733 -13.9419613843513 0 0 -6.29895993042689 -12.5359003024809 14.3290552097974 0.88316143345235 0 0 -1.21687125098746 -1.18608774765678 1.13675711356884 -0.939097410961565 0 0.644045354167021 0.594697144159441 18.9155071316825 -13.0122407213842 14.1446062802079 -17.7115514211876 -0.229985965522931 12.2307142113478 0 -11.2333667423732 0 -3.57591903003674 0.52622613614715 0.955523612869682 0 -1.52048759140097 0 -1.40987321520684 1.54329143908959 0 -0.462485380686114 0 
0 7.09937914605224 0 3.23005655930846 -12.4665150364938 0 -8.29879307202007 -16.7346931792492 13.8610990410024 0.645875335040444 2.48799035907164 -1.43106898173274 0 1.20186968389986 1.02557531233205 -0.812091006344227 1.64170756174331 0.366769787094914 0 0 1.73062504908565 -0.175418891094354 2.93969178709187 4.4710669780481 0 14.9860957893478 -11.2067888531866 -6.44157256299703 -15.2866566345499 14.260890741954 -9.67114824320709 0 0 -0.676888563985419 0.564293215244214 0 0.420474968077836 -1.47500940853497 0 1.74054222448754 -0.938443573628759 
1.57142565333233 0 0 3.97482614218016 0 0 15.0788702420326 -0.884963926339971 0 -8.54958560715876 0 0 0 0 0.860422585560206 0.495501579947538 0.092221798418193 1.51713979221747 -0.263255857053798 0.692188950577839 0 -7.97975425980042 2.4187233949633 -13.8402736158298 -11.2124111183045 10.4952098105546 -11.2976251781441 -13.2188631376339 16.1367461253594 7.65148613958223 0 0 0.0620968378251869 0.41138055101567 0.897129770786096 0.661363020698243 0.594007693507712 0.00617582816918186 0 0 -0.044609132243604 
1.57142565333233 -8.81016282774981 0 3.97482614218016 -17.8455007904421 -13.9419613843513 0 0 0 -20.8620359485559 0 0.88316143345235 0 0 1.59412206876749 -1.18608774765678 -1.1800882868376 0 -0.263255857053798 0 0 -9.63637367376889 2.4187233949633 -3.84543605327859 0 -6.55867586217759 0 -10.2448234754823 16.1367461253594 7.65148613958223 0 1.52448077663988 0.0620968378251869 -1.90735403723426 -0.415124763927946 0.518661023359122 -1.81739824908664 1.72971108077546 0 0 -0.044609132243604 
1.57142565333233 -15.514817505849 0 13.3577925814585 17.2437094791065 -2.47382765616003 0 0.633055519444428 -13.3775255146332 0 -4.75414227915655 0 0 -0.750603255234008 0.200796617474778 0.407039728214517 0 2.07029236710644 -1.5158906315993 -1.79228180357827 0 17.0922148214151 -16.9134174366078 -16.539486076934 -18.6946151187153 15.718997639799 -2.94343250009391 4.74327190655436 3.99048991687153 0.287984607409679 13.5468737937263 0 0 0 -1.52048759140097 0.368912837034516 -1.13865786098813 -0.715566599767453 0 0.721789859105735 0 
1.57142565333233 -15.1649440523074 -3.40227012662323 3.97482614218016 0 0 15.0788702420326 -0.884963926339971 0 0 0 -0.667015781936709 -0.106277667510453 0 0.860422585560206 0.495501579947538 0.092221798418193 1.51713979221747 -0.263255857053798 1.55277195365763 -0.925117234739064 -7.97975425980042 0 -13.8402736158298 -11.2124111183045 -15.1671222109194 0 13.0460968488111 16.1367461253594 7.65148613958223 0.0928685535177908 0 0 0.41138055101567 0.897129770786096 1.62565194332304 0 -1.54860505999467 0 0 -1.24693769278328 
1.57142565333233 4.28871996825967 15.7029531876105 2.64758282464351 14.9720461922568 4.29867561175426 0 0 -0.351844448760079 -8.54958560715876 -14.2017478096307 1.80573386350914 0 0 -0.992810893334826 1.97938650286728 0 -0.813948322466551 -0.540700045666052 0.692188950577839 0 -15.064714320686 -10.0607482111364 14.1446062802079 5.4091972417241 -6.55867586217759 17.6326684363338 0 -11.2333667423732 0 17.4242149374561 0.775624287936661 -1.00884031644503 0.127864720950771 0 0.518661023359122 1.46405320403355 0 0 0 0 
0 -8.81016282774981 0 19.0996843013445 -11.9520861431733 -13.9419613843513 0 0 0 7.55539974475065 -14.2017478096307 0.88316143345235 0 0 -1.21687125098746 -1.18608774765678 1.13675711356884 -0.652485858952853 -1.86206353088937 0.410416573998712 0 18.9155071316825 8.17426628813812 -3.84543605327859 0 -6.55867586217759 12.2307142113478 0 16.1367461253594 3.48304254574843 -3.57591903003674 0.52622613614715 0 -1.90735403723426 -0.415124763927946 0.518661023359122 -1.40987321520684 1.54329143908959 0 0.376022233244042 0 
1.57142565333233 -7.41623832220968 -4.79095909636978 -9.1407495872773 0 7.55045987085926 3.84524594240135 -16.1343217064321 0 0 19.275890085509 0.595608745978963 -2.31560287826024 0.601241291314942 0.860422585560206 0 0 1.42770609139824 -0.263255857053798 0 0.958012091442017 7.48573792962625 16.8016952913262 -7.55176784822334 -15.3847301357355 0 12.204178325927 13.0460968488111 16.1367461253594 7.65148613958223 0 -0.467303411693919 0.73103691112764 0.475332658027919 1.49503452866107 0 -1.44416876204506 -1.54860505999467 0 0 -0.044609132243604 
1.57142565333233 7.09937914605224 -1.37710145738772 3.23005655930846 21.8348218430927 0 4.15735367879148 2.77723446617705 7.17129616400753 -0.721922981376724 0 -1.43106898173274 1.48228125156941 1.20186968389986 2.47682763073446 -0.812091006344227 1.10723076253535 -0.0900088604958769 1.27771223947765 -1.79228180357827 -1.91035171407757 4.60495982533552 0.0677719060647171 -14.65422294785 -20.0374826152052 -18.7414049910109 -11.2976251781441 -2.19771960852562 0 6.44624838069838 13.5468737937263 1.38787825097697 0 -1.93143748395678 0.278545404951342 0.918205051179139 0.594007693507712 1.24730596376923 0 0 0 
1.57142565333233 -8.81016282774981 0 19.0996843013445 -17.8455007904421 -13.9419613843513 0 0 7.17129616400753 -20.8620359485559 -14.2017478096307 0.88316143345235 0 0 1.59412206876749 -1.18608774765678 -1.1800882868376 0 1.27771223947765 0 0 -10.5398833335097 0 -8.40629388261879 0 -6.55867586217759 12.2307142113478 -10.2448234754823 -1.73541534181471 -15.9160807420109 14.5378714867578 1.52448077663988 0.678537828232412 -1.74031630351223 -0.415124763927946 0.518661023359122 -1.40987321520684 1.72971108077546 -1.39772556507854 1.46416145072512 -0.85473623539076 
1.57142565333233 -15.514817505849 0 15.6851160692447 17.2437094791065 11.0030013653464 0 0.633055519444428 0.139873242676199 0.367673253811744 -0.307288114124578 0 0 1.68346783317787 -0.556065117267922 0 0 2.07029236710644 1.12439756654408 0.350191515279092 -0.889872159291931 17.0922148214151 0 -16.539486076934 -17.7115514211876 -0.229985965522931 -8.43019170147841 4.74327190655436 7.56164688105306 0.287984607409679 3.61207955685075 0 -0.464818962134802 0 -1.52048759140097 0 0 -0.715566599767453 0.391421447201363 0.721789859105735 0.0347239384589363 
1.57142565333233 0 0.538538526994427 13.3577925814585 13.434979332278 -2.47382765616003 0 2.77723446617705 -13.3775255146332 0 -4.75414227915655 0 -0.423143222827065 -0.750603255234008 2.32783074833352 0.407039728214517 0 -0.0900088604958769 -1.5158906315993 -1.79228180357827 0 0 -13.0885271237644 7.7265433630564 -19.8002807701939 15.718997639799 -2.94343250009391 0 1.03424918886006 2.7954618366414 13.5468737937263 1.97945172897515 0 -1.50750137935742 0 0.368912837034516 -1.13865786098813 1.44560278740041 0 0 0 
1.57142565333233 -15.1649440523074 -1.37710145738772 0 -16.9130443068748 0 -7.64124319250288 2.01416446921144 6.05411009213613 0 0 -0.667015781936709 0.982731043334459 0 0.422197433385159 -0.0340225771227957 -0.527438999399282 -0.876975858061097 0.286481964535304 1.55277195365763 -0.622408810361479 2.06069877457838 4.37182241211265 4.4710669780481 8.11114053386782 -15.1671222109194 -3.24917974208909 0 0 -18.8818193501243 0.0928685535177908 -2.53179981402671 0.826738306966954 -0.676888563985419 0.566886543094593 1.62565194332304 -0.366670587187014 -1.0613520290057 0.792212276157091 -0.828458802899559 -0.780791532611843 
1.57142565333233 -8.81016282774981 3.94357362014408 19.0996843013445 -11.9520861431733 -17.07920405901 0 0 -6.29895993042689 0 14.3290552097974 0.88316143345235 0 0 -1.21687125098746 -0.965211463419353 1.13675711356884 -0.652485858952853 0 0 -0.168411433924181 18.9155071316825 -13.0122407213842 -3.84543605327859 0 -6.55867586217759 12.2307142113478 0 16.1367461253594 0 -4.03246847951434 0.52622613614715 0.767198844238743 -1.90735403723426 -0.415124763927946 0.0477245935833662 -1.40987321520684 1.54329143908959 0 -0.462485380686114 0.176283800386025 
1.57142565333233 0 -3.40227012662323 3.97482614218016 0 0 15.0788702420326 -0.884963926339971 0 2.52477385426162 0 0 -0.106277667510453 0 0.860422585560206 0.495501579947538 0.092221798418193 1.51713979221747 -0.263255857053798 0.465078023478891 0 -7.97975425980042 -1.79895369247485 -13.8402736158298 -11.2124111183045 0 0 13.0460968488111 16.1367461253594 7.65148613958223 0 0 0.123995967416091 0.41138055101567 0.897129770786096 1.64780915139607 -1.81739824908664 -1.54860505999467 0 -0.45623707746446 -0.044609132243604 
1.57142565333233 -19.8062348923675 17.0452139699111 18.9925056225585 0 0 -20.4788116078027 -7.82775693937566 13.0612709899718 -12.7061459015618 -23.5512725750689 -0.696059548620162 -0.287272234506566 0 0 -0.826123000386228 0 1.98367159906014 0 -0.640163976065891 -0.0967434199558307 -17.1952333847039 0.00863527879521031 -14.5943358422231 0 -5.04572215953177 -5.0983895850826 0 0 -12.316610437034 15.1969395462409 1.46314108905529 1.48500909729163 0 0 -0.932824075227987 -0.839068591054095 0 0.792212276157091 1.61979038250623 0 
1.57142565333233 7.09937914605224 -1.37710145738772 -9.1407495872773 13.434979332278 -2.47382765616003 0 -11.2389959726664 0 0 19.275890085509 -1.43106898173274 1.48228125156941 0.601241291314942 2.32783074833352 0.407039728214517 0 -0.132566204095523 -1.27025979537063 0 0.958012091442017 0 16.8016952913262 7.7265433630564 -19.8002807701939 15.718997639799 12.204178325927 1.07871837442681 0 2.7954618366414 0 1.97945172897515 0.73103691112764 -1.50750137935742 0 0.368912837034516 -1.44416876204506 2.15905294910029 0 0 0.998112815897033 
1.57142565333233 -15.1649440523074 -3.60599176194798 3.97482614218016 0 0 3.84524594240135 19.0058825253536 -13.3775255146332 3.83117235704845 -4.75414227915655 -0.667015781936709 0 0 0.860422585560206 0.495501579947538 0 0 -1.5158906315993 1.55277195365763 0 4.51637977013196 0.00863527879521031 4.4710669780481 -13.1164008998854 10.4952098105546 2.28200829694141 0 0 10.3735516618814 0 -0.874160631966852 1.82786254390509 -0.676888563985419 0 0 1.24938009830629 1.44560278740041 0 -0.522585076486033 -0.044609132243604 
1.57142565333233 0 18.5357060742265 7.13468860235749 -4.16496046691433 0 2.69114317267255 12.7032875608202 0 1.71811433588998 0.631210145275672 0 0 -0.0655310107700205 0 -0.812091006344227 1.87924654331023 0 1.91856534961544 -1.17557673862929 -1.22979776558922 0 6.24389083415451 -13.1234265738742 1.37627935338592 9.62414941267304 1.82407314843688 0 0 -8.79713112898037 12.3124622604635 0 0 0 -2.28973030265874 1.09351984276135 -0.143826369421476 1.46843379524929 0 -0.227854187706417 0.837981293666168 
1.57142565333233 -11.5187464510178 5.98707973304534 18.9925056225585 -17.8455007904421 -9.84964745577874 15.0788702420326 -7.82775693937566 0 0 -14.2017478096307 0.306335131799027 0.446507904886505 0 1.59412206876749 0 0.092221798418193 1.98367159906014 -0.584983382646452 0 0 -21.0835332608239 0 2.08576260231704 -4.13639658323321 10.4952098105546 -5.29580354937157 13.0460968488111 0 0 0 0.963275588445028 0 0 -0.943802413038817 0 0.324687051738001 -1.54860505999467 0 -0.462485380686114 -0.044609132243604 
1.57142565333233 -15.1649440523074 -3.60599176194798 3.97482614218016 6.48363125812431 17.3482750343849 15.0788702420326 -0.0771754043536146 -13.3775255146332 0 -4.84609227548171 -0.667015781936709 0 0 0 0 0.092221798418193 1.78570482816813 -1.5158906315993 1.55277195365763 -0.555537694387854 -7.97975425980042 0 -13.8402736158298 0 14.9860957893478 0 0 0 -0.866173629866062 12.7464825626213 0 0 0.41138055101567 0 0 -1.0288879233547 1.44560278740041 0.249457139638 0 -1.16060079408838 
1.57142565333233 -15.1649440523074 0 3.97482614218016 14.9720461922568 4.29867561175426 15.0788702420326 -12.2663846762229 13.8610990410024 0 -4.84609227548171 -0.667015781936709 0 0 -0.992810893334826 1.97938650286728 0.092221798418193 0 0 1.55277195365763 -0.555537694387854 -5.29501771800919 0 4.4710669780481 0 -12.5584815221645 17.6326684363338 19.4777762421769 0 -18.8818193501243 0 -1.49015409289401 0 -0.676888563985419 0 -1.64466012438976 1.46405320403355 -1.46783191220268 0.95332750886368 -0.828458802899559 0 
1.57142565333233 7.09937914605224 -1.37710145738772 19.0996843013445 -17.8455007904421 0 -8.92065639091686 0 0 0 0 -1.43106898173274 1.48228125156941 0 1.59412206876749 -0.812091006344227 -1.69916298319547 0 -0.263255857053798 0 -0.477513038775657 -10.5398833335097 2.93969178709187 -14.65422294785 0 0 12.2307142113478 -6.44157256299703 16.1367461253594 0 0 1.52448077663988 0 -1.93143748395678 -0.368162372320966 -1.15070721001863 -1.40987321520684 -1.01556665348614 0 -0.462485380686114 0 
1.57142565333233 0 0 0 -15.0563635560946 -13.9419613843513 2.44386011848406 -16.7346931792492 17.1307262999614 16.8580064814808 -14.2017478096307 0 0 -1.74925549502916 1.02557531233205 -1.18608774765678 -1.96145468529382 0.366769787094914 0.346325196040014 0 0.26036008079553 -5.29501771800919 -17.7299109090725 2.08576260231704 0 14.9860957893478 0.0782188587254935 19.4777762421769 3.75333248328107 0 -9.67114824320709 -1.49015409289401 0 0 1.41468335381461 0 -0.532287718044728 -1.46783191220268 -0.54182333885777 -0.462485380686114 -0.938443573628759 
1.57142565333233 0 0 7.13468860235749 0 0 0 12.7032875608202 0 5.85671568562124 0 0 0 -0.0655310107700205 -0.489181288857563 -0.812091006344227 1.20801857263223 0 1.91856534961544 1.36826732259629 -0.477513038775657 0 6.24389083415451 -14.65422294785 -17.775288160972 9.62414941267304 0 0 18.714143437666 -8.79713112898037 15.188975432999 1.97945172897515 0 -1.93143748395678 0.0483947079109003 1.09351984276135 0 -0.699646122753455 0.898857128293653 -0.227854187706417 -0.0723366123029667 
1.57142565333233 7.09937914605224 -1.37710145738772 3.23005655930846 -15.5308212784728 0 -8.92065639091686 -16.1343217064321 -2.78170895929528 0 0 -1.43106898173274 1.48228125156941 1.20186968389986 -0.0134386774354794 -0.812091006344227 -1.69916298319547 1.42770609139824 -1.71354413741899 0 -0.477513038775657 -0.175418891094354 2.93969178709187 -14.65422294785 0 0 12.204178325927 -2.19771960852562 -12.4606365496575 0 17.4242149374561 0 0 -1.93143748395678 -0.368162372320966 -1.15070721001863 -1.44416876204506 1.24730596376923 0.804499002473661 -0.462485380686114 0 
1.57142565333233 -9.6165230449366 -1.37710145738772 15.6851160692447 -15.5308212784728 11.0030013653464 15.0788702420326 -0.884963926339971 0 0 0 0.595608745978963 1.48228125156941 1.68346783317787 -0.0134386774354794 0 0.092221798418193 1.24032096097261 0 0 0 -7.97975425980042 0 0 -17.7115514211876 -0.229985965522931 12.204178325927 14.521650017063 16.1367461253594 0.287984607409679 3.61207955685075 0 -0.464818962134802 -0.30580772753144 -1.52048759140097 0 -1.44416876204506 -1.0195713002093 0 0.721789859105735 0.0347239384589363 
1.57142565333233 0 -1.65069592280811 7.13468860235749 -3.13445302803742 -2.47382765616003 0 6.52057687124264 -9.74934178821246 1.71811433588998 -4.75414227915655 0 0 -0.0655310107700205 0 0.407039728214517 0 1.01030189684141 -1.5158906315993 -1.17557673862929 0 0 -16.9134174366078 -13.1234265738742 0 15.718997639799 2.28200829694141 0 3.44203826908117 0 15.188975432999 0 0 0 -1.34385550736629 0.368912837034516 1.24938009830629 1.44560278740041 0.947781579935821 0 -0.0723366123029667 
1.57142565333233 -19.8062348923675 17.0452139699111 -10.3638491455297 0 0 2.44386011848406 0 2.49806494903661 -12.5359003024809 0 -0.696059548620162 -1.13939879422048 0 0 0 -1.96145468529382 0 -0.584983382646452 0.644045354167021 0 0 -10.0607482111364 2.08576260231704 -17.7115514211876 -0.229985965522931 0.0782188587254935 0 -0.221832067622725 -12.316610437034 15.1969395462409 1.17204904703984 -1.00884031644503 0 -1.52048759140097 0 -0.532287718044728 0 -1.12570939135072 1.61979038250623 0 
0 -15.1649440523074 0 7.13468860235749 0 0 -1.94431203247249 12.7032875608202 0 0 -4.84609227548171 -0.667015781936709 0 -0.0655310107700205 0 -1.35148547093919 1.20801857263223 0 -1.31417429415238 1.55277195365763 -0.555537694387854 0 0 -13.8402736158298 0 17.2215254379071 2.06165120027105 19.4777762421769 18.714143437666 0 12.7464825626213 0 0 0.41138055101567 -1.34385550736629 -0.351307302350787 -1.0288879233547 -1.46783191220268 0.898857128293653 0 -1.16060079408838 
1.57142565333233 -9.6165230449366 0 -21.728738415534 0 0 15.0788702420326 -0.884963926339971 5.52340041171918 0 0 0.595608745978963 -0.365083544610573 1.10923002863733 0.860422585560206 0.495501579947538 0.092221798418193 0.678453534226144 -1.04755112763846 -0.698528967675999 0 -7.97975425980042 2.4187233949633 8.36626113781997 -16.5644057730978 8.06639671701305 0 -10.2448234754823 16.1367461253594 -17.3967204323955 0 0 0.0620968378251869 -0.43053485778651 -1.89358647721521 -0.00812134147068548 -1.34377650047828 1.72971108077546 0 1.46104832434144 -0.044609132243604 
2.57036047570913 -15.1649440523074 2.13387962721003 3.97482614218016 7.54104370602455 17.3482750343849 15.0788702420326 -16.7346931792492 13.8610990410024 -2.05170965066725 6.93394487115273 -0.667015781936709 0 0 0.193204499666209 0 0.092221798418193 0.366769787094914 0 1.55277195365763 1.73062504908565 -5.29501771800919 0 4.4710669780481 0 14.9860957893478 0 19.4777762421769 0 20.1181191223059 9.71817587954838 -1.49015409289401 0.430063707549155 -0.676888563985419 2.26721421987154 0 -1.0288879233547 -1.46783191220268 0 1.74054222448754 0.892010547636082 
1.57142565333233 0 0.538538526994427 13.3577925814585 17.4451060860628 -2.47382765616003 15.0788702420326 2.77723446617705 0 0 -4.75414227915655 0 0 -0.750603255234008 1.76842868596708 0.407039728214517 0.092221798418193 -0.0900088604958769 -0.263255857053798 0 0.225935103551454 0 -16.9134174366078 7.7265433630564 10.6418154251956 10.4952098105546 -2.94343250009391 16.9700842801808 16.1367461253594 2.7954618366414 13.5468737937263 1.97945172897515 0 -1.50750137935742 0 0 -1.13865786098813 -0.62896793979172 0 0 -0.748680789372269 
1.57142565333233 -12.0308381933863 1.97425624640857 5.91511163204681 -17.8455007904421 -11.3387444943836 2.44386011848406 -3.07990086105648 0 5.85671568562124 -14.2017478096307 -0.536488295782585 -0.155202636837588 -0.389709701943076 1.59412206876749 -1.18608774765678 -1.96145468529382 0.892774153534683 -0.584983382646452 1.36826732259629 0.26036008079553 -10.5398833335097 8.17426628813812 -3.84543605327859 0 -3.68378529422161 0.0782188587254935 0 -1.73541534181471 0 -4.72408519448903 1.52448077663988 0 -1.90735403723426 0.825355878484135 -0.0467239819312114 -0.532287718044728 0 -1.39772556507854 -0.462485380686114 0.438307766326846 
1.57142565333233 3.69465236724105 15.7029531876105 -10.3638491455297 0 4.29867561175426 0 0 -16.1604769230636 -11.9831124917525 0 0 0 0 0 1.97938650286728 1.01342390617981 0 0 -0.27368127831895 -0.628737155640841 -19.5178733018776 0.0677719060647171 0 5.4091972417241 -18.7414049910109 20.4858299084407 4.87944621819977 -11.2333667423732 -9.41260127558494 0 0 0 -1.43275224391034 0 0.0703606859223734 2.16036358673142 0 0 -0.16224849705689 1.19067444707764 
1.57142565333233 -9.6165230449366 -2.3265148733866 3.97482614218016 0 0 15.0788702420326 -0.884963926339971 0 0 0 0.595608745978963 -0.510182406255129 0 0.860422585560206 0.495501579947538 0.092221798418193 0.678453534226144 -0.263255857053798 0 0 -7.97975425980042 3.43597399088832 -13.8402736158298 10.6418154251956 10.4952098105546 0 16.9700842801808 16.1367461253594 7.65148613958223 0 0 0.433246820738188 0.41138055101567 0 0 -1.81739824908664 -0.62896793979172 0 0 -0.044609132243604 
1.57142565333233 -9.6165230449366 3.94357362014408 0 0 0 3.84524594240135 3.55935740264103 -0.351844448760079 -8.54958560715876 14.3290552097974 0.595608745978963 0 0 -1.18812326862855 0.495501579947538 0 -0.837650218996057 -0.540700045666052 0.692188950577839 0.594697144159441 -19.5178733018776 13.8948257145913 -17.0475366884133 -13.1164008998854 10.4952098105546 -11.2976251781441 17.3993106021543 16.1367461253594 0 17.4242149374561 0 0 -1.65560474230703 0 0 0.594007693507712 -1.70862130471907 0 0 0 
1.57142565333233 7.45585434225195 5.78293021297219 0 -17.8455007904421 -13.9419613843513 2.44386011848406 0 0 0 -14.2017478096307 -1.52042534861733 -0.155202636837588 0 1.59412206876749 -1.18608774765678 -1.96145468529382 0 -1.27025979537063 0.14589676267742 0 -17.024869810522 -7.80798259603697 2.08576260231704 0 -6.55867586217759 0 0 0 0 0.0928685535177908 1.36856721360635 0.161063560359675 0 0 0.518661023359122 0.925574626273277 0 0.160673894062952 -0.462485380686114 -0.780791532611843 
1.57142565333233 -15.1649440523074 3.94357362014408 0 0 4.29867561175426 0 19.0058825253536 0 0 -4.84609227548171 -0.381027996642994 0 0 0.860422585560206 1.97938650286728 0 0 -0.263255857053798 1.55277195365763 -0.555537694387854 4.18123976075148 13.8948257145913 14.1446062802079 -13.1164008998854 10.4952098105546 17.6326684363338 -2.05287800014619 16.1367461253594 -1.55922105608472 0 -1.04052510574484 0 0 0 0 1.46405320403355 -1.9524874333071 0 0.031732575051362 0 
1.57142565333233 -15.1649440523074 5.98707973304534 18.9925056225585 -17.8455007904421 13.1122586046868 0 -0.884963926339971 0 0 -14.2017478096307 -0.667015781936709 0.446507904886505 -0.495434046487992 1.59412206876749 0 1.13675711356884 1.51713979221747 -0.584983382646452 -0.263169920194508 0 -16.7730637782128 0.0677719060647171 2.08576260231704 -4.13639658323321 -6.55867586217759 -16.2218149454434 13.0460968488111 0 0 9.71817587954838 1.89874144224391 0 0 -0.943802413038817 0.13577863584076 0 -1.54860505999467 0 -0.462485380686114 0.892010547636082 
1.57142565333233 17.2969402825911 0 15.6851160692447 17.4451060860628 0 -9.85824882511899 0 0 -19.3594054967907 -4.75414227915655 0 0 1.68346783317787 1.11915983826349 0 0 1.04267997156953 0 0 0 -17.9936584914074 0 -16.539486076934 3.78976121721312 13.0024174940784 -8.43019170147841 0 2.9511073152307 0 3.61207955685075 -1.77381643269854 -0.464818962134802 -0.260609369995356 0.138221178449793 1.06894400299943 0 0 -1.32258408485101 0 0.0347239384589363 
2.57109798855871 -9.6165230449366 3.94357362014408 0 0 0 3.84524594240135 19.0058825253536 0 0 14.3290552097974 0.595608745978963 0 0 0.860422585560206 0.495501579947538 0 0 -0.263255857053798 0 0.594697144159441 4.51637977013196 13.8948257145913 0 -13.1164008998854 10.4952098105546 0 13.0460968488111 16.1367461253594 7.65148613958223 0 -0.874160631966852 0 -0.667678957184627 0 0 -1.81739824908664 -1.54860505999467 0 0 -0.044609132243604 
1.57142565333233 -9.6165230449366 -3.40227012662323 3.97482614218016 0 0 15.0788702420326 19.0058825253536 0 2.52477385426162 0 0.595608745978963 -0.106277667510453 0 0.860422585560206 0.495501579947538 0.092221798418193 0 -0.263255857053798 0.465078023478891 0 4.51637977013196 13.8948257145913 -13.8402736158298 -11.2124111183045 10.4952098105546 0 13.0460968488111 16.1367461253594 7.65148613958223 0 -0.874160631966852 0 0.41138055101567 0.897129770786096 0 -1.81739824908664 -1.54860505999467 0 0 -0.044609132243604 
1.57142565333233 7.09937914605224 0 3.97482614218016 7.54104370602455 0 15.0788702420326 0 0 0 -4.84609227548171 -1.43106898173274 0 0 0 -0.812091006344227 0.092221798418193 0 -0.263255857053798 0 -0.555537694387854 -7.97975425980042 2.93969178709187 -14.65422294785 10.6418154251956 -12.5584815221645 0 -6.44157256299703 0 0 0 0 0 -1.93143748395678 0 -1.64466012438976 -1.0288879233547 -1.47500940853497 0.249457139638 -0.462485380686114 0 
0 0 -3.40227012662323 3.97482614218016 7.54104370602455 17.3482750343849 15.0788702420326 -0.0771754043536146 0 0 -4.84609227548171 0 -0.106277667510453 0 0 0 0.092221798418193 1.78570482816813 -0.263255857053798 1.55277195365763 -0.555537694387854 -7.97975425980042 0 -13.8402736158298 -11.2124111183045 0 0 13.0460968488111 0 -1.55922105608472 12.1851239914937 0 0 0.41138055101567 0.897129770786096 1.64780915139607 -1.81739824908664 -1.54860505999467 0.249457139638 0.031732575051362 0.892010547636082 
0.748595936178965 0 -1.37710145738772 3.23005655930846 17.4451060860628 2.62789748731437 -4.74278559197801 2.77723446617705 7.17129616400753 -0.721922981376724 0 0 1.48228125156941 1.20186968389986 1.76842868596708 0 1.64170756174331 -0.0900088604958769 1.27771223947765 -1.79228180357827 -1.91035171407757 -5.29501771800919 0.0677719060647171 4.4710669780481 -19.8002807701939 14.9860957893478 -11.2976251781441 -2.19771960852562 0 6.44624838069838 -9.67114824320709 -1.49015409289401 0 -0.676888563985419 0 0 0.594007693507712 1.24730596376923 0 0 -0.938443573628759 
1.57142565333233 3.69465236724105 -12.6065675134801 0 0 4.29867561175426 5.79528363691423 0 -16.1604769230636 0 0 0 0 1.47072999340982 0 1.97938650286728 -0.277401111306344 0 0 -0.263169920194508 -0.628737155640841 -19.5178733018776 0 0 5.4091972417241 -18.7414049910109 20.4858299084407 4.87944621819977 0 -1.55922105608472 9.71817587954838 0 0 -1.43275224391034 0 0.0703606859223734 2.16036358673142 0 0.249457139638 0.031732575051362 0.892010547636082 
1.57142565333233 -15.1649440523074 0 3.97482614218016 0 0 15.0788702420326 0 -13.3775255146332 -8.54958560715876 0 -0.667015781936709 0 0 0.860422585560206 0 0.092221798418193 -0.813948322466551 -1.5158906315993 0.692188950577839 0 -12.4947656469861 2.4187233949633 4.4710669780481 -19.8002807701939 13.0024174940784 2.28200829694141 -13.2188631376339 16.1367461253594 7.65148613958223 0 1.62543303874574 0.0620968378251869 -0.676888563985419 0 1.06894400299943 1.24938009830629 0.00617582816918186 0 0 -0.044609132243604 
1.57142565333233 -8.81016282774981 0 3.97482614218016 -17.8455007904421 -13.9419613843513 0 0 0 0 0 0.88316143345235 0 0 1.59412206876749 -1.18608774765678 0 0 -0.263255857053798 0 0 -10.5398833335097 2.4187233949633 -3.84543605327859 -17.7115514211876 -6.55867586217759 12.2307142113478 4.74327190655436 16.1367461253594 7.65148613958223 0 1.52448077663988 0.0620968378251869 -1.90735403723426 -1.52048759140097 0.518661023359122 -1.40987321520684 -0.715566599767453 0 0 -0.044609132243604 
0 -8.81016282774981 3.94357362014408 -10.3638491455297 -11.9520861431733 0 3.84524594240135 19.0058825253536 -6.29895993042689 -12.5359003024809 14.3290552097974 0.88316143345235 0 0 -1.21687125098746 0.495501579947538 0 0 0 0.644045354167021 0.594697144159441 4.51637977013196 13.8948257145913 0 -13.1164008998854 -0.229985965522931 12.2307142113478 0 16.1367461253594 0 -3.57591903003674 -0.874160631966852 0 -0.667678957184627 0 0 -1.40987321520684 1.54329143908959 0 -0.462485380686114 0 
0 -8.81016282774981 0 19.0996843013445 -12.4665150364938 -17.07920405901 -4.74278559197801 0 -6.29895993042689 0 14.3290552097974 0.88316143345235 0 0 1.02557531233205 -0.965211463419353 1.64170756174331 -0.652485858952853 0 0 0.594697144159441 18.9155071316825 -13.0122407213842 4.4710669780481 0 -6.55867586217759 -11.6971095985254 0 16.1367461253594 14.260890741954 -9.67114824320709 0.52622613614715 0.767198844238743 -0.676888563985419 0.564293215244214 0.0477245935833662 -0.462183201900769 1.54329143908959 0 1.74054222448754 -0.938443573628759 
1.57142565333233 0 0 3.97482614218016 14.9720461922568 4.29867561175426 15.0788702420326 -12.2663846762229 0 -8.54958560715876 -4.84609227548171 0 0 0 -0.992810893334826 1.97938650286728 0.092221798418193 0 -0.263255857053798 0.692188950577839 -0.555537694387854 -5.29501771800919 0 4.4710669780481 0 -12.5584815221645 17.6326684363338 -13.2188631376339 16.1367461253594 -18.8818193501243 0 -1.49015409289401 0 -0.676888563985419 0 -1.64466012438976 1.46405320403355 0.00617582816918186 0 -0.828458802899559 0 
1.57142565333233 -8.81016282774981 17.0452139699111 3.97482614218016 -17.8455007904421 0 2.44386011848406 0 0 -12.5359003024809 0 0.88316143345235 -1.13939879422048 0 1.59412206876749 0 -1.96145468529382 0 -0.584983382646452 0.644045354167021 0 -10.5398833335097 -10.0607482111364 -3.84543605327859 0 -6.55867586217759 0 -10.2448234754823 16.1367461253594 7.65148613958223 0 1.52448077663988 -1.00884031644503 -1.90735403723426 -0.415124763927946 0.518661023359122 -1.81739824908664 1.72971108077546 0 0 -0.044609132243604 
0 -15.514817505849 0 0 17.2437094791065 -2.47382765616003 0 -16.7346931792492 -13.3775255146332 0 -4.75414227915655 0 0 -1.74925549502916 -0.556065117267922 0.407039728214517 0 0.366769787094914 -1.5158906315993 -1.79228180357827 0 -5.29501771800919 -17.7299109090725 2.08576260231704 0 15.718997639799 0.0782188587254935 4.74327190655436 0 0 -9.67114824320709 -1.49015409289401 0 0 1.41468335381461 0.368912837034516 -0.532287718044728 -0.715566599767453 -1.39772556507854 -0.462485380686114 -0.938443573628759 
1.57142565333233 -15.1649440523074 -3.40227012662323 0 -15.0563635560946 -13.9419613843513 15.0788702420326 -16.7346931792492 13.8610990410024 16.8580064814808 0 -0.667015781936709 -0.106277667510453 -1.74925549502916 1.02557531233205 -1.18608774765678 0.092221798418193 0.366769787094914 0 0 -1.1681418461763 -7.97975425980042 0 2.08576260231704 0 -15.1671222109194 0 19.4777762421769 0 7.65148613958223 -9.67114824320709 0 0 0 1.41468335381461 1.62565194332304 0 -1.46783191220268 -1.39772556507854 0 -0.938443573628759 
0 0 15.7029531876105 0 -16.9130443068748 0 -7.64124319250288 2.01416446921144 6.05411009213613 -8.54958560715876 0 1.9709476092695 0 0 0.422197433385159 -0.0340225771227957 -0.527438999399282 -0.876975858061097 0.286481964535304 0.692188950577839 -0.622408810361479 2.06069877457838 -10.0607482111364 14.1446062802079 8.11114053386782 -6.55867586217759 -3.24917974208909 0 0 -18.8818193501243 0.0928685535177908 -2.53179981402671 -1.00884031644503 0.127864720950771 0.566886543094593 0.518661023359122 -0.366670587187014 -1.0613520290057 0.792212276157091 -0.828458802899559 -0.780791532611843 
2.56815212743496 -9.6165230449366 3.94357362014408 19.0996843013445 -11.9520861431733 -13.9419613843513 0 19.0058825253536 0 0 14.3290552097974 0.595608745978963 0 0 -1.21687125098746 -1.18608774765678 1.13675711356884 0 -0.263255857053798 0 0.594697144159441 18.9155071316825 13.8948257145913 0 -13.1164008998854 10.4952098105546 12.2307142113478 13.0460968488111 16.1367461253594 0 0 0.52622613614715 0 -0.667678957184627 0 0 -1.40987321520684 -1.54860505999467 0 -0.462485380686114 -0.044609132243604 
0.748595936178965 -9.6165230449366 -4.79095909636978 0 0 0 3.84524594240135 0 -0.351844448760079 0 19.275890085509 0.595608745978963 -2.31560287826024 0 -1.18812326862855 0.495501579947538 0 -0.813948322466551 -0.540700045666052 0 0.958012091442017 -19.5178733018776 13.8948257145913 -7.55176784822334 -13.1164008998854 10.4952098105546 -11.2976251781441 13.0460968488111 16.1367461253594 0 17.4242149374561 0 0 0.475332658027919 0 0 0.594007693507712 -1.54860505999467 0 0 0 
1.57142565333233 0 0 3.23005655930846 17.4451060860628 0 0 2.77723446617705 7.17129616400753 5.85671568562124 0 0 0 1.20186968389986 1.76842868596708 -0.812091006344227 1.20801857263223 -0.0900088604958769 1.27771223947765 1.36826732259629 -0.477513038775657 0 0.0677719060647171 -14.65422294785 -19.8002807701939 9.62414941267304 0 0 18.714143437666 6.44624838069838 13.5468737937263 1.97945172897515 0 -1.93143748395678 0 1.09351984276135 0 -0.699646122753455 0.898857128293653 0 0 
1.57142565333233 -8.81016282774981 5.98707973304534 18.9925056225585 -17.8455007904421 -9.84964745577874 15.0788702420326 -7.82775693937566 7.17129616400753 -20.8620359485559 -14.2017478096307 0.88316143345235 0.446507904886505 0 1.59412206876749 0 0.092221798418193 1.98367159906014 1.27771223947765 0 0 -10.5398833335097 0 -3.84543605327859 0 -6.55867586217759 12.2307142113478 13.0460968488111 -1.73541534181471 0 14.5378714867578 1.52448077663988 0.678537828232412 -1.90735403723426 -0.415124763927946 0.518661023359122 -1.40987321520684 -1.54860505999467 -1.39772556507854 -0.462485380686114 -0.85473623539076 
1.57142565333233 -15.1649440523074 0 15.6851160692447 0 0 0 0.633055519444428 0 0.367673253811744 -0.307288114124578 -0.667015781936709 0 1.68346783317787 0 -1.35148547093919 0 2.07029236710644 -1.31417429415238 0.350191515279092 -0.889872159291931 0 0 -16.539486076934 0 17.2215254379071 -8.43019170147841 4.74327190655436 18.714143437666 0.287984607409679 12.7464825626213 0 -0.464818962134802 0 -1.34385550736629 -0.351307302350787 0 -0.715566599767453 0.898857128293653 0.721789859105735 -1.16060079408838 
0.748595936178965 0 -12.6065675134801 13.3577925814585 13.434979332278 -2.47382765616003 5.79528363691423 -0.884963926339971 -13.3775255146332 0 -4.75414227915655 0 0 -0.750603255234008 2.32783074833352 0.407039728214517 -0.277401111306344 1.51713979221747 -1.5158906315993 -0.263169920194508 0 0 -16.9134174366078 7.7265433630564 9.08221915638178 -17.8338807159261 -2.94343250009391 0 1.03424918886006 -1.55922105608472 13.5468737937263 0 0 -1.50750137935742 -0.0593000749029685 0 -1.13865786098813 1.44560278740041 0 0.031732575051362 0 
1.57142565333233 -15.1649440523074 -1.37710145738772 -9.1407495872773 -16.9130443068748 7.55045987085926 3.84524594240135 2.01416446921144 0 0 0 -0.667015781936709 1.48228125156941 0.601241291314942 0.422197433385159 0 0 -0.876975858061097 -0.263255857053798 1.55277195365763 -0.622408810361479 7.48573792962625 0 -7.55176784822334 -15.3847301357355 -15.1671222109194 12.204178325927 13.0460968488111 0 7.65148613958223 0.0928685535177908 -0.467303411693919 0 0.475332658027919 1.49503452866107 1.62565194332304 -1.44416876204506 -1.54860505999467 0.792212276157091 0 -0.780791532611843 
1.57142565333233 -8.81016282774981 -3.40227012662323 19.0996843013445 -11.9520861431733 -17.07920405901 0 0 -6.29895993042689 2.52477385426162 0 0.88316143345235 -0.106277667510453 0 -1.21687125098746 -0.965211463419353 1.13675711356884 -0.652485858952853 0 0.465078023478891 0 18.9155071316825 -1.79895369247485 -3.84543605327859 -11.2124111183045 0 12.2307142113478 0 16.1367461253594 7.65148613958223 -3.57591903003674 0.52622613614715 0.123995967416091 -1.90735403723426 0.897129770786096 1.64780915139607 -1.40987321520684 1.54329143908959 0 -0.144073570125771 0 
1.57142565333233 0 -3.40227012662323 3.97482614218016 6.48363125812431 0 15.0788702420326 -0.0771754043536146 0 0 -4.84609227548171 0 -0.106277667510453 0 0 0.495501579947538 0.092221798418193 1.78570482816813 -0.263255857053798 1.55277195365763 -0.555537694387854 -7.97975425980042 0 -13.8402736158298 0 14.9860957893478 0 0 16.1367461253594 7.65148613958223 12.7464825626213 0 0 0.41138055101567 0 0 -1.81739824908664 1.44560278740041 0 -0.144073570125771 -1.16060079408838 
1.57142565333233 -12.0308381933863 17.0452139699111 5.91511163204681 -17.8455007904421 0 2.44386011848406 -7.82775693937566 13.0612709899718 5.85671568562124 -14.2017478096307 -0.536488295782585 -1.13939879422048 -0.389709701943076 1.59412206876749 -0.826123000386228 -1.96145468529382 1.98367159906014 0 1.36826732259629 0.26036008079553 -10.5398833335097 0.00863527879521031 -3.84543605327859 0 -5.04572215953177 -5.0983895850826 0 -1.73541534181471 -12.316610437034 -4.72408519448903 1.52448077663988 1.82786254390509 -1.90735403723426 0 -0.932824075227987 -0.839068591054095 0 -1.39772556507854 1.61979038250623 0.438307766326846 
0 -8.81016282774981 -1.37710145738772 -10.3638491455297 -11.9520861431733 -13.9419613843513 0 0 0 -12.5359003024809 19.275890085509 0.88316143345235 1.48228125156941 0 -1.21687125098746 -1.18608774765678 0 -0.939097410961565 -1.27025979537063 0.644045354167021 0.958012091442017 18.9155071316825 16.8016952913262 7.7265433630564 -19.8002807701939 15.718997639799 12.204178325927 0 -11.2333667423732 0 0 0.52622613614715 0.73103691112764 -1.50750137935742 0 0.368912837034516 -1.44416876204506 1.44560278740041 0 -0.462485380686114 0.998112815897033 
1.57142565333233 -15.1649440523074 -3.60599176194798 3.97482614218016 0 0 3.84524594240135 0 0 0 0 -0.667015781936709 0 0 0.860422585560206 0 0 0 -0.584983382646452 1.55277195365763 0 0 -10.0607482111364 2.08576260231704 -17.7115514211876 -0.229985965522931 0.0782188587254935 0 0 7.65148613958223 15.1969395462409 1.17204904703984 -1.00884031644503 0 -1.52048759140097 0 -0.532287718044728 1.44560278740041 -1.39772556507854 0 0 
1.57142565333233 0 18.5357060742265 7.13468860235749 0 0 3.84524594240135 12.7032875608202 -13.3775255146332 3.83117235704845 0.631210145275672 0 0 -0.0655310107700205 0.860422585560206 0.495501579947538 0 0 -1.5158906315993 1.55277195365763 -0.468302361885227 0 6.24389083415451 4.4710669780481 1.37627935338592 9.62414941267304 2.28200829694141 0 0 10.3735516618814 15.188975432999 0 0 -0.676888563985419 -2.28973030265874 1.09351984276135 1.24938009830629 1.44560278740041 0 -0.522585076486033 -0.0723366123029667 
1.57142565333233 7.09937914605224 5.98707973304534 3.23005655930846 -12.4665150364938 -9.84964745577874 -8.29879307202007 -7.82775693937566 13.8610990410024 0 2.48799035907164 -1.43106898173274 0.446507904886505 1.20186968389986 1.02557531233205 0 1.64170756174331 1.98367159906014 0 0 1.73062504908565 -16.7730637782128 2.93969178709187 4.4710669780481 -4.13639658323321 14.9860957893478 -11.2067888531866 -6.44157256299703 -15.2866566345499 0 -9.67114824320709 1.89874144224391 0 -0.676888563985419 -0.943802413038817 0 0.420474968077836 -1.47500940853497 0 -0.462485380686114 -0.938443573628759 
0 0 -3.60599176194798 3.97482614218016 6.48363125812431 17.3482750343849 15.0788702420326 -0.884963926339971 -13.3775255146332 -8.54958560715876 -4.84609227548171 0 0 0 0 0 0.092221798418193 1.51713979221747 -1.5158906315993 0.692188950577839 -0.555537694387854 -7.97975425980042 0 -13.8402736158298 0 10.4952098105546 0 0 16.1367461253594 0 12.7464825626213 0 0 0.41138055101567 0 0.661363020698243 -1.0288879233547 1.44560278740041 0 0 -1.16060079408838 
2.56988634506748 -15.1649440523074 0 3.97482614218016 14.9720461922568 17.3482750343849 10.3223563201364 -0.0771754043536146 18.1124276659044 0 -4.84609227548171 -0.667015781936709 0 0 -0.992810893334826 0 -0.354072984398377 1.78570482816813 1.32666692572025 1.55277195365763 -0.555537694387854 -7.97975425980042 0 4.4710669780481 0 -12.5584815221645 17.6326684363338 19.4777762421769 0 -18.8818193501243 12.1851239914937 0 0 -0.676888563985419 0 -1.64466012438976 1.46405320403355 -1.46783191220268 0.249457139638 -0.828458802899559 0.892010547636082 
1.57142565333233 7.09937914605224 -1.37710145738772 5.91511163204681 -17.8455007904421 0 2.44386011848406 -3.07990086105648 0 5.85671568562124 0 -1.43106898173274 1.48228125156941 -0.389709701943076 1.59412206876749 -0.812091006344227 -1.96145468529382 0.892774153534683 -0.584983382646452 1.36826732259629 -0.477513038775657 -10.5398833335097 8.17426628813812 -3.84543605327859 0 0 0.0782188587254935 -6.44157256299703 16.1367461253594 0 0 1.52448077663988 0 -1.90735403723426 -0.368162372320966 -1.15070721001863 -0.532287718044728 -1.47500940853497 0 -0.462485380686114 0 
1.57142565333233 -15.514817505849 0 0 17.2437094791065 -2.47382765616003 0 0.633055519444428 -13.3775255146332 16.8580064814808 -4.75414227915655 0 0 -1.74925549502916 0.200796617474778 0.407039728214517 0 2.07029236710644 -1.5158906315993 0 0 17.0922148214151 -17.7299109090725 -16.539486076934 0 14.9860957893478 0.0782188587254935 4.74327190655436 3.99048991687153 0 -9.67114824320709 0 0 0 1.41468335381461 0 -0.532287718044728 -0.715566599767453 0 -0.462485380686114 -0.938443573628759 
1.57142565333233 0 0 7.13468860235749 0 0 2.69114317267255 12.7032875608202 0 5.85671568562124 0.631210145275672 0 0 -0.0655310107700205 0 -0.812091006344227 1.87924654331023 0 1.91856534961544 1.36826732259629 -1.22979776558922 0 6.24389083415451 -14.65422294785 -19.8002807701939 9.62414941267304 0 0 0 -8.79713112898037 15.188975432999 1.97945172897515 0 -1.93143748395678 0 1.09351984276135 0 1.46843379524929 0 -0.227854187706417 -0.0723366123029667 
0 -15.1649440523074 -1.37710145738772 3.23005655930846 -15.5308212784728 0 -8.92065639091686 -16.1343217064321 0 0 0 -0.667015781936709 1.48228125156941 1.20186968389986 -0.0134386774354794 -0.812091006344227 -1.69916298319547 1.42770609139824 -1.27025979537063 0 -0.477513038775657 -0.175418891094354 0 -13.8402736158298 9.08221915638178 -17.8338807159261 12.204178325927 16.0251126879943 -15.2866566345499 0 17.4242149374561 0 0 0.41138055101567 -0.0593000749029685 0 -1.44416876204506 2.76376695826825 0 -0.462485380686114 0 
1.57142565333233 -8.81016282774981 -1.37710145738772 -10.3638491455297 -15.5308212784728 11.0030013653464 0 0 -6.29895993042689 0 0 0.88316143345235 1.48228125156941 0 -0.0134386774354794 0 1.13675711356884 -0.939097410961565 0 0 0 -7.97975425980042 -13.0122407213842 0 -17.7115514211876 -0.229985965522931 12.204178325927 0 -11.2333667423732 0 -3.57591903003674 0 0.955523612869682 -0.30580772753144 -1.52048759140097 0 -1.44416876204506 1.54329143908959 0 -0.462485380686114 0 
0.748595936178965 -8.81016282774981 -1.65069592280811 7.13468860235749 -3.13445302803742 -13.9419613843513 0 6.52057687124264 -13.3775255146332 1.71811433588998 -14.2017478096307 0.88316143345235 0 -0.0655310107700205 0 -1.18608774765678 -1.1800882868376 1.01030189684141 -1.5158906315993 -1.17557673862929 0 -10.5398833335097 0 -8.40629388261879 0 15.718997639799 12.2307142113478 -10.2448234754823 1.03424918886006 -15.9160807420109 14.5378714867578 1.52448077663988 0.678537828232412 -1.74031630351223 -0.415124763927946 0.368912837034516 -1.40987321520684 1.72971108077546 0 1.46416145072512 -0.85473623539076 
1.57142565333233 -15.514817505849 17.0452139699111 -10.3638491455297 17.2437094791065 0 0 0 0 0.367673253811744 -0.307288114124578 0 -1.13939879422048 0 -0.556065117267922 0 0 0 -0.584983382646452 0.350191515279092 -0.889872159291931 17.0922148214151 -10.0607482111364 -16.539486076934 -17.7115514211876 -0.229985965522931 -8.43019170147841 0 7.56164688105306 -12.316610437034 15.1969395462409 0 -1.00884031644503 0 -1.52048759140097 0 0 0 0.391421447201363 1.61979038250623 0 
1.57142565333233 -15.1649440523074 0 7.13468860235749 0 0 15.0788702420326 12.7032875608202 0 0 -9.64067697973953 -0.667015781936709 0 -0.0655310107700205 0 -1.35148547093919 0.092221798418193 0 -1.31417429415238 1.55277195365763 0.703530013888856 -12.4947656469861 -16.9134174366078 -13.8402736158298 0 17.2215254379071 0 0 18.714143437666 2.7954618366414 12.7464825626213 1.62543303874574 0 0.41138055101567 -1.34385550736629 -0.351307302350787 -1.0288879233547 1.44560278740041 0.898857128293653 0 -1.16060079408838 
1.57142565333233 -8.81016282774981 0 -21.728738415534 0 0 15.0788702420326 -0.884963926339971 7.17129616400753 0 0 0.88316143345235 0 1.10923002863733 0.860422585560206 0.495501579947538 0.092221798418193 0.678453534226144 1.27771223947765 0 0 -10.5398833335097 2.4187233949633 8.36626113781997 -16.5644057730978 -6.55867586217759 12.2307142113478 -10.2448234754823 -1.73541534181471 -17.3967204323955 0 1.52448077663988 0.0620968378251869 -0.43053485778651 -1.89358647721521 0.518661023359122 -1.40987321520684 1.72971108077546 -1.39772556507854 1.46104832434144 -0.044609132243604 
2.57062417742946 -9.6165230449366 2.13387962721003 3.97482614218016 0 0 3.84524594240135 19.0058825253536 0 0 14.3290552097974 0.595608745978963 0 0 0.860422585560206 0.495501579947538 0 0 -0.263255857053798 0 0.594697144159441 4.51637977013196 13.8948257145913 4.4710669780481 0 10.4952098105546 0 13.0460968488111 0 19.160583510022 9.71817587954838 -0.874160631966852 0 -0.676888563985419 2.26721421987154 0 -1.81739824908664 -1.54860505999467 0 1.74054222448754 0.892010547636082 
0.748595936178965 -7.41623832220968 0.538538526994427 -9.1407495872773 17.4451060860628 -2.47382765616003 3.84524594240135 2.77723446617705 0 0 -4.75414227915655 0.595608745978963 0 0.601241291314942 1.76842868596708 0.407039728214517 0 -0.0900088604958769 -0.263255857053798 0 0 7.48573792962625 16.8016952913262 -7.55176784822334 -15.3847301357355 0 -2.94343250009391 16.9700842801808 16.1367461253594 7.65148613958223 13.5468737937263 -0.467303411693919 0.73103691112764 0.475332658027919 1.49503452866107 0 -1.13865786098813 -0.62896793979172 0 0 0 
1.57142565333233 -8.81016282774981 7.41355854655316 -10.3638491455297 -17.8455007904421 -13.9419613843513 2.44386011848406 0 -6.29895993042689 5.85671568562124 14.3290552097974 0.88316143345235 0 0 1.59412206876749 -1.18608774765678 -1.96145468529382 -0.939097410961565 0 1.36826732259629 0.594697144159441 -10.5398833335097 8.17426628813812 14.1446062802079 -17.7115514211876 -0.229985965522931 0.0782188587254935 0 -11.2333667423732 0 -4.72408519448903 1.52448077663988 0 0 -1.52048759140097 0 -0.532287718044728 1.54329143908959 0 -0.462485380686114 0.438307766326846 
2.56988634506748 -15.1649440523074 0 3.97482614218016 0 17.3482750343849 0 -0.0771754043536146 18.1124276659044 -11.9831124917525 0 -0.667015781936709 0 0 0 0 1.01342390617981 1.78570482816813 1.32666692572025 -0.27368127831895 -0.628737155640841 -7.97975425980042 0 0 5.4091972417241 -18.7414049910109 20.4858299084407 4.87944621819977 0 -1.55922105608472 0 0 0 -1.43275224391034 0 0.0703606859223734 2.16036358673142 0 0.249457139638 0.031732575051362 1.19067444707764 
1.57142565333233 -12.0308381933863 -2.3265148733866 5.91511163204681 -17.8455007904421 0 15.0788702420326 -3.07990086105648 0 5.85671568562124 0 -0.536488295782585 -0.510182406255129 -0.389709701943076 1.59412206876749 0.495501579947538 0.092221798418193 0.892774153534683 -0.263255857053798 1.36826732259629 0 -10.5398833335097 5.10241917839852 -13.8402736158298 10.6418154251956 10.4952098105546 0 16.9700842801808 -1.73541534181471 7.65148613958223 -4.72408519448903 1.52448077663988 -0.00897023457985847 0.41138055101567 0 0 -1.81739824908664 -0.62896793979172 -1.39772556507854 0 0.438307766326846 
1.57142565333233 -9.6165230449366 3.94357362014408 0 17.4451060860628 -2.47382765616003 15.0788702420326 0 0 0 14.3290552097974 0.595608745978963 0 0 1.76842868596708 0.407039728214517 0.092221798418193 -0.813948322466551 -0.263255857053798 0 0.594697144159441 -19.5178733018776 13.8948257145913 7.7265433630564 10.6418154251956 10.4952098105546 -2.94343250009391 13.0460968488111 16.1367461253594 0 17.4242149374561 0 0 -1.50750137935742 0 0 -1.13865786098813 -1.54860505999467 0 0 0 
1.57142565333233 -15.1649440523074 -1.37710145738772 0 -17.8455007904421 -13.9419613843513 2.44386011848406 0 0 0 -14.2017478096307 -0.667015781936709 0.982731043334459 0 1.59412206876749 -1.18608774765678 -1.96145468529382 0 -1.27025979537063 1.55277195365763 0 -19.1064242735069 -7.80798259603697 4.4710669780481 8.11114053386782 -15.1671222109194 0 0 0 0 0.0928685535177908 1.91697638571122 0.161063560359675 -0.676888563985419 0.566886543094593 1.62565194332304 0.925574626273277 -1.0613520290057 0.160673894062952 -0.462485380686114 -0.780791532611843 
1.57142565333233 -9.6165230449366 -1.37710145738772 15.6851160692447 -15.5308212784728 4.29867561175426 15.0788702420326 -0.884963926339971 0 0 -4.84609227548171 0.595608745978963 1.48228125156941 1.68346783317787 -0.0134386774354794 1.97938650286728 0.092221798418193 1.24032096097261 0 1.55277195365763 -0.555537694387854 -7.97975425980042 0 0 -17.7115514211876 -0.229985965522931 12.204178325927 14.521650017063 16.1367461253594 -1.55922105608472 3.61207955685075 0 -0.464818962134802 -0.30580772753144 -1.52048759140097 0 -1.44416876204506 -1.0195713002093 0 0.031732575051362 0.0347239384589363 
1.57142565333233 -9.6165230449366 5.98707973304534 3.97482614218016 0 17.3482750343849 0 -0.884963926339971 0 0 -14.2017478096307 0.595608745978963 0.446507904886505 0 0.860422585560206 0 1.13675711356884 1.51713979221747 -0.263255857053798 -0.263169920194508 0 -16.7730637782128 0.0677719060647171 2.08576260231704 -4.13639658323321 10.4952098105546 -16.2218149454434 13.0460968488111 0 7.65148613958223 0 1.89874144224391 0 0 -0.943802413038817 0 0 -1.54860505999467 0 0 -0.044609132243604 
0.748595936178965 -15.1649440523074 0 15.6851160692447 14.9720461922568 0 15.0788702420326 0 0 -19.3594054967907 -4.75414227915655 -0.667015781936709 0 1.68346783317787 -0.992810893334826 0 0.092221798418193 1.04267997156953 0 0 0 -5.29501771800919 0 -16.539486076934 0 -12.5584815221645 -8.43019170147841 0 2.9511073152307 -18.8818193501243 3.61207955685075 -1.49015409289401 0 0 0 -1.64466012438976 0 0 -1.32258408485101 -0.828458802899559 0.0347239384589363 
