100
10
2.85401682280935 -9.6165230449366 2.13387962721003 -10.3638491455297 0 12.7497409259201 2.82187173304701 19.0058825253536 2.06952411451821 0 15.2766814170762 0.595608745978963 0 0 0.860422585560206 0 0.79409043040317 0 0.0348374208783905 1.55277195365763 0.591217487878733 -17.9936584914074 13.8948257145913 5.43270056668329 0 15.718997639799 3.13085404973517 13.0460968488111 0 18.4724600017641 -4.22133633644382 -1.77381643269854 0 -0.230153424074013 2.26721421987154 0.368912837034516 -1.81739824908664 -1.54860505999467 0.855582403072893 1.74054222448754 -0.044609132243604 
2.85401682280935 -9.6165230449366 7.30142838116802 0 0 0 2.82187173304701 12.7032875608202 1.18992964191825 -0.307268424195828 14.3290552097974 0.595608745978963 0.0356107136772995 -0.350463444455743 0.860422585560206 0.495501579947538 0.79409043040317 0 0.510160379144438 -0.560845573437794 0.594697144159441 17.8765355828575 19.5161355920677 4.75644002943599 -13.1164008998854 8.74422812601283 3.13085404973517 17.3993106021543 19.3847518097305 7.65148613958223 0 0.317181885650932 0.72311685530614 -0.388893530442796 0 -0.594654094937562 -1.81739824908664 -1.70862130471907 0.581065051635292 0 -0.044609132243604 
2.85401682280935 -8.20008195107807 5.75512571609818 14.2524333333841 0.560331688663145 21.2687917057279 1.88353217385408 -1.26443329754492 19.9770825323309 3.66679412732683 14.3290552097974 1.09673194805939 0.806164592437523 0 0.860422585560206 -0.155102175090044 0.278607121635511 0.103233621894956 1.21922591098548 0.88817023583137 0.594697144159441 4.45314907918365 0 -5.22881116407402 -17.7115514211876 -21.5882046992836 16.7554569353608 17.3993106021543 16.1866752375554 21.3171087949384 9.71817587954838 -0.474160196829662 0.0297454405900768 -0.667678957184627 -1.52048759140097 -0.672353881924578 1.04884079272805 -1.70862130471907 0.581065051635292 1.74054222448754 0.892010547636082 
1.57142565333233 -10.5033630990439 2.13387962721003 6.71250458781724 0 0 2.82187173304701 16.16365037142 2.06952411451821 0 15.2766814170762 0.503268662036056 0 0 0.860422585560206 0.495501579947538 0.79409043040317 0 0.0348374208783905 0 0.591217487878733 5.4538971172431 13.8948257145913 -1.05203276353517 0 10.4952098105546 18.96162224494 10.2228014886718 19.3847518097305 1.58678779503647 -4.22133633644382 -0.556715896156019 0 -0.653569538357467 2.26721421987154 0 2.29791148500885 -1.54860505999467 0.581065051635292 -0.462485380686114 -0.044609132243604 
2.85356313813162 -9.6165230449366 -12.6065675134801 3.23005655930846 0 22.6080074404171 2.82187173304701 -0.0771754043536146 18.1124276659044 0 13.6869094112129 0.778663264717284 0 1.20186968389986 0.860422585560206 -0.794128951562628 0.79409043040317 1.78570482816813 1.32666692572025 1.21117743209525 0.794030423445641 4.51637977013196 -1.87978522269045 5.43270056668329 0 -21.5882046992836 17.6326684363338 11.736142372124 0 3.89367877249312 12.1851239914937 -0.874160631966852 -0.23258512202305 -0.230153424074013 2.26721421987154 -0.672353881924578 -0.00347218213764555 -2.01234856421703 0.855582403072893 -0.243710812988556 0.892010547636082 
0.748595936178965 -7.55835132019518 -12.6065675134801 3.23005655930846 2.06353475368281 17.7051188946725 2.82187173304701 -0.0771754043536146 22.3340620832211 0 15.2766814170762 0.408509649330988 0 1.20186968389986 1.33704622556318 0.366502849043581 0.79409043040317 1.78570482816813 1.31061227878119 1.81926005851909 0.591217487878733 2.95382719736259 -1.87978522269045 5.43270056668329 -1.43281992242337 -21.5882046992836 3.13085404973517 17.3993106021543 0 6.52482635107582 12.1851239914937 -0.403265590101138 -0.23258512202305 -0.230153424074013 2.34241523914152 -0.672353881924578 -1.81739824908664 -1.70862130471907 0.855582403072893 -0.0839662442654214 0.892010547636082 
0.748595936178965 -9.6165230449366 -12.6065675134801 3.23005655930846 0 11.47205793209 2.82187173304701 -0.0771754043536146 22.3340620832211 0 13.3823069946525 0.778663264717284 0 1.20186968389986 0.261376284314961 0.657552726509772 0.79409043040317 1.78570482816813 1.31061227878119 1.456729500078 1.02494542801517 4.51637977013196 -1.87978522269045 5.43270056668329 -0.00937184323993131 -21.5882046992836 3.13085404973517 11.736142372124 0 3.89367877249312 8.84818001969167 -0.596963967241796 -0.23258512202305 -0.230153424074013 2.26721421987154 -0.672353881924578 -1.81739824908664 -2.01234856421703 0.855582403072893 -0.0839662442654214 1.20179758336479 
2.85345938451829 -4.5343740807075 -12.6065675134801 3.23005655930846 0 17.7051188946725 2.82187173304701 -0.0771754043536146 22.3340620832211 0 14.3290552097974 -0.320331846838971 0 1.20186968389986 0.860422585560206 0.366502849043581 0.79409043040317 1.78570482816813 1.31061227878119 1.55277195365763 0.594697144159441 2.95382719736259 -1.87978522269045 5.43270056668329 0 -21.5882046992836 1.24519768417589 19.4777762421769 0 2.80304112206355 15.7378656628718 -0.403265590101138 -0.23258512202305 -0.230153424074013 2.26721421987154 -0.672353881924578 -2.41878447859026 -1.46783191220268 0.855582403072893 0.176467678168075 -0.69018793441364 
2.562660651969 -15.2940305732628 2.29194551037715 14.2524333333841 0 2.11716746118253 15.0788702420326 -0.0771754043536146 22.3340620832211 -1.31504385087874 -4.84609227548171 -0.888175080697134 1.51706056500183 0.557846121330674 0.860422585560206 0.455489467249946 0.23761765325331 1.78570482816813 1.31061227878119 1.24312016103096 -0.555537694387854 5.75275976979302 4.6504164511107 -16.539486076934 0 -21.5882046992836 17.6326684363338 17.3993106021543 10.0467394912833 -19.3184636123099 17.4242149374561 -1.56055925090823 0.22454664782367 0 0 -0.80953590087571 1.46405320403355 -1.70862130471907 -0.00272511171769591 -0.921976396204893 -0.509900116939051 
2.85314768722572 -15.1649440523074 2.93995959958525 3.23005655930846 2.95717485444954 22.6080074404171 3.82697485749469 -0.0771754043536146 19.9770825323309 -3.41742904289506 -4.84609227548171 -0.667015781936709 1.51706056500183 1.20186968389986 0.860422585560206 -0.794128951562628 0.867401597927046 1.78570482816813 1.21922591098548 0.331607856234353 -0.30158478555809 4.51637977013196 -17.6228249814468 -16.539486076934 0 -21.5882046992836 17.6326684363338 20.7742899487839 10.0467394912833 -17.7926458053024 12.1851239914937 -0.874160631966852 0.0310912653948605 0 2.26721421987154 -1.3695590271985 1.46405320403355 -3.00226242427354 -0.00272511171769591 -1.56857905900505 0.892010547636082 
0 -15.2940305732628 2.65785999801376 8.0834817620383 0 2.11716746118253 3.82697485749469 -0.0771754043536146 22.3340620832211 0.112371983175339 -4.84609227548171 -1.22481023472026 1.51706056500183 0.516109605541504 0.860422585560206 0.455489467249946 0.867401597927046 2.42149032363738 1.31061227878119 1.24312016103096 -0.555537694387854 4.51637977013196 2.65421858390524 -16.539486076934 0 -21.5882046992836 17.6326684363338 17.8730129582216 10.0467394912833 -18.8818193501243 17.4242149374561 -1.56055925090823 -0.28109782528649 0 0 -0.80953590087571 1.46405320403355 -2.09022097355696 -0.00272511171769591 -1.56857905900505 -0.509900116939051 
2.85275914795274 -8.5880554152597 2.8344479789885 16.9659098322345 0 15.5122106060443 -4.17879500686135 -0.0771754043536146 9.48171761707948 -2.80035309344547 0.00548789510758961 0.952860246437071 1.6489678213368 0.57008058175914 0.828666320130539 0.366502849043581 0 1.78570482816813 1.32205672695397 0 0.252594015711264 10.0643274118958 -15.0430522985026 6.3126108834113 -13.1164008998854 9.34647103284787 20.4858299084407 0 10.0467394912833 7.65148613958223 17.4242149374561 0.230906117218968 0.777818305035037 -0.676888563985419 0 -0.289473239509143 2.16036358673142 -0.699646122753455 0.443096199246634 0.627150817041821 0 
2.85304364239642 -9.6165230449366 7.29248250422184 0 3.39300922252844 17.6844792424862 3.82697485749469 -0.0771754043536146 22.3340620832211 -0.0698750087152584 1.77938435379387 0.595608745978963 0.493731254899749 -0.550279709692243 1.48790800912208 -0.160235606604365 0.867401597927046 1.78570482816813 1.31061227878119 -0.263169920194508 -0.58537630092603 4.51637977013196 0 1.39058398219784 3.3398776808008 -18.7414049910109 17.6326684363338 17.3993106021543 0 -0.430134157384808 12.1851239914937 -0.874160631966852 0 0.173234727332943 -0.309161031879094 0.168417195248612 1.50988520317706 -1.70862130471907 0.855582403072893 0.102783863201171 0.892010547636082 
2.85401682280935 -9.6165230449366 5.75512571609818 14.2524333333841 3.39300922252844 0.422914800873452 2.82187173304701 -0.0771754043536146 22.3340620832211 0.112371983175339 12.1445830739777 0.595608745978963 0.75899016615422 0.475854398424669 1.48790800912208 0.389900489700912 0.79409043040317 1.78570482816813 1.31061227878119 1.24312016103096 1.02763989435399 0 -1.87978522269045 -0.1098511438397 0 7.20691330647418 17.6326684363338 17.3993106021543 0 -19.3184636123099 14.8171766717998 1.97945172897515 -0.23258512202305 -0.254479559261575 0 -0.221321241404545 1.46405320403355 -1.70862130471907 0.855582403072893 -1.17049035844882 0.48456446357284 
2.85296702945728 -7.88964496626968 3.94357362014408 6.40022221775736 3.39300922252844 18.5528534135096 7.29032523263727 -0.0771754043536146 18.1124276659044 -0.0698750087152584 14.3290552097974 0.595608745978963 0 0.963090784811923 1.48790800912208 -0.191552240341693 -1.13388523669629 1.78570482816813 1.32666692572025 -0.263169920194508 0.594697144159441 3.30415186155781 -1.87978522269045 4.04985858486027 -13.1164008998854 -18.7414049910109 2.04711511409707 19.4777762421769 16.2473004009562 -0.430134157384808 12.1851239914937 -0.874160631966852 -0.23258512202305 -1.07924685198313 0 0.168417195248612 -1.60309314721408 -1.46783191220268 0.461214881078906 0.102783863201171 0.892010547636082 
1.57142565333233 -9.6165230449366 2.8344479789885 14.2524333333841 -2.67812249161216 1.57686669583286 3.82697485749469 -0.0771754043536146 10.0079749625679 0.617433711987656 14.3290552097974 0.595608745978963 1.6489678213368 0 0.586827653109481 0.231214885521315 0.867401597927046 1.78570482816813 1.56629711590535 -0.263169920194508 0.42169452054505 7.68102710548836 -15.0430522985026 6.3126108834113 3.3398776808008 -7.94403869141547 20.4858299084407 17.3993106021543 14.7833225490215 1.01287162700336 5.20655095102571 -0.23366677472073 0.777818305035037 -0.676888563985419 -0.309161031879094 -1.80536125464615 2.16036358673142 -1.70862130471907 -0.114046441053062 -1.41350626714225 0.421053572102009 
1.57142565333233 -19.141335700262 5.19520189093668 3.23005655930846 0.0724695343396019 2.11716746118253 3.84524594240135 -0.0771754043536146 22.3340620832211 0 14.0134288856822 -0.517208376814243 0.413952988965415 1.20186968389986 1.48790800912208 0.455489467249946 0 1.4129313749042 1.31061227878119 1.55277195365763 0.923409548608311 0 1.04730629504067 0 0 -21.5882046992836 17.6326684363338 17.3993106021543 -0.454312304712046 1.58678779503647 12.1851239914937 1.97945172897515 0.211716619367579 -0.667678957184627 2.26721421987154 -0.80953590087571 1.46405320403355 -2.25576910465293 0.691212511151662 -0.462485380686114 0.86303114234611 
2.5694115145838 -9.6165230449366 3.94357362014408 0.379194160308315 0 12.7497409259201 1.04164783008939 -0.0771754043536146 18.1124276659044 0 14.3290552097974 0.595608745978963 -0.101165666739068 1.20186968389986 0.860422585560206 0 1.1867317711733 1.78570482816813 1.32666692572025 0 0.594697144159441 0 -2.63655989679348 5.43270056668329 0 7.20691330647418 0 17.3993106021543 0 3.89367877249312 9.71817587954838 1.97945172897515 -1.22670822586711 -0.356649801757489 1.52201228954923 -0.221321241404545 -1.81739824908664 -1.70862130471907 0.855582403072893 -0.0839662442654214 1.35861408496677 
1.57142565333233 -9.6165230449366 2.8344479789885 16.9659098322345 0 17.7051188946725 3.84524594240135 -0.0771754043536146 10.8382101911298 -2.80035309344547 0.00548789510758961 0.595608745978963 1.6489678213368 0.57008058175914 0.828666320130539 0.366502849043581 0 1.78570482816813 1.51082935046443 0 0.252594015711264 4.51637977013196 -2.63655989679348 0 5.4091972417241 10.4952098105546 17.6326684363338 0 9.13208696897239 7.65148613958223 0 -0.874160631966852 -1.22670822586711 -0.667678957184627 -0.493103477458052 0 1.46405320403355 -0.699646122753455 -0.00272511171769591 0.627150817041821 -0.044609132243604 
2.85248450694752 -8.20008195107807 5.75512571609818 0 1.52916748615874 3.11781161430656 2.82187173304701 12.7032875608202 19.9770825323309 -2.06931370341653 11.0606298292105 1.09673194805939 0.0496205396669084 -0.0876153327187595 1.23595773071794 0.495501579947538 0.79409043040317 0 1.21922591098548 -1.70639345396142 0.921548834732524 17.8765355828575 19.5161355920677 -8.34236005900537 -14.4431679363331 10.4952098105546 18.96162224494 17.3993106021543 19.3847518097305 10.4032606837355 0.22068421948733 0.317181885650932 0.72311685530614 -0.034078713047355 -0.259408905370817 0 2.57854126267533 -1.70862130471907 0.581065051635292 0.045583046379305 -0.044609132243604 
2.8523801306885 -12.1666011978717 7.29248250422184 0 3.39300922252844 0.422914800873452 3.82697485749469 -0.0771754043536146 22.3340620832211 -0.0698750087152584 1.77938435379387 0.706191634119578 0.493731254899749 -0.550279709692243 1.48790800912208 0.389900489700912 0.867401597927046 1.78570482816813 1.31061227878119 -0.263169920194508 -0.58537630092603 2.74256187432565 0 1.39058398219784 3.3398776808008 -21.5882046992836 1.24519768417589 17.3993106021543 0 -19.3184636123099 15.4001649952262 -0.874160631966852 0 0.173234727332943 -0.309161031879094 -0.404981171402606 -2.9477450249287 -1.70862130471907 0.855582403072893 -1.17049035844882 0.77956829406301 
0 -9.6165230449366 4.13332802117026 0 -2.67812249161216 0 3.84524594240135 -1.11581967783431 9.48171761707948 0.617433711987656 0.00548789510758961 0.497960850423184 1.57499776318902 -0.550279709692243 0.586827653109481 0.495501579947538 0 1.78570482816813 1.27771223947765 -0.263169920194508 0.252594015711264 8.84275944765786 -12.0364672018385 6.3126108834113 3.3398776808008 -7.94403869141547 20.4858299084407 14.7004012740452 15.8366649014813 1.01287162700336 5.20655095102571 -0.356071219451759 0.647024733911745 -0.676888563985419 -0.309161031879094 -1.80536125464615 2.16036358673142 -1.70862130471907 0.461214881078906 -1.41350626714225 0.421053572102009 
2.85304364239642 -9.6165230449366 10.7108050502887 6.69565338811169 3.39300922252844 0 2.82187173304701 -0.0771754043536146 22.3340620832211 0 1.89087667804718 0.595608745978963 0.493731254899749 0.113440549901426 1.48790800912208 0.495501579947538 0.79409043040317 1.78570482816813 1.31061227878119 0 0.0866061290989659 4.51637977013196 0.976683238487077 1.39058398219784 9.08221915638178 14.9860957893478 16.6679209721358 17.3993106021543 19.3847518097305 6.52482635107582 12.1851239914937 -0.874160631966852 0.383926654292236 0.173234727332943 -0.0593000749029685 0 1.89857760578793 -1.70862130471907 0.581065051635292 -0.0839662442654214 0.892010547636082 
2.85206656194692 -8.06952989272286 -12.6065675134801 -2.17944260206047 3.51764245741891 17.7051188946725 2.82187173304701 -0.0771754043536146 18.1124276659044 1.83768806752641 14.3290552097974 -0.071687208549905 0 -0.0703306671512922 1.48126034934132 0.366502849043581 0.79409043040317 1.78570482816813 1.32666692572025 0.695830386884432 0.594697144159441 4.51637977013196 -1.87978522269045 0.58477505190986 -13.1164008998854 -18.7414049910109 3.13085404973517 19.4777762421769 19.3847518097305 7.65148613958223 9.71817587954838 -0.874160631966852 -0.23258512202305 -0.355160973647219 0 0.0703606859223734 -1.81739824908664 -1.46783191220268 0.581065051635292 -0.0839662442654214 0.892010547636082 
2.85206656194692 -9.6165230449366 7.29248250422184 16.9659098322345 3.39300922252844 17.7051188946725 -4.17879500686135 -0.0771754043536146 18.1124276659044 -2.80035309344547 15.2766814170762 0.595608745978963 0.493731254899749 0.545840444381274 1.48790800912208 0.366502849043581 0 1.78570482816813 1.32666692572025 0 0.591217487878733 4.51637977013196 -15.0430522985026 7.93350558280177 -13.1164008998854 14.9860957893478 20.4858299084407 0 19.3847518097305 1.58678779503647 5.20655095102571 -0.874160631966852 0.777818305035037 -0.387402305690293 0 0 2.16036358673142 -0.699646122753455 0.581065051635292 -0.462485380686114 0.421053572102009 
2.85206656194692 -7.96469454465653 1.73438365926705 -2.17944260206047 3.39300922252844 17.7051188946725 3.410206303564 -0.0771754043536146 18.1124276659044 -2.80035309344547 14.3290552097974 -0.632761416571569 0.611240587072093 -0.0703306671512922 1.48790800912208 0.366502849043581 0.271811686834233 1.78570482816813 1.32666692572025 0 0.594697144159441 25.2945487222609 1.69765792542494 0.58477505190986 -13.1164008998854 -18.7414049910109 4.49852210190078 19.4777762421769 19.3847518097305 2.80304112206355 0 1.03065258613352 -0.23258512202305 -0.355160973647219 0 0.0703606859223734 -2.70501538077603 -1.46783191220268 0.581065051635292 0.176467678168075 -0.044609132243604 
1.57142565333233 -17.0448515280592 3.94357362014408 -2.17944260206047 3.39300922252844 17.7051188946725 2.82187173304701 0.851281546406113 18.1124276659044 -0.0698750087152584 14.3290552097974 -1.33736437542241 0 -0.0703306671512922 1.48790800912208 0.366502849043581 0.79409043040317 2.05351807934862 1.32666692572025 -0.263169920194508 0.594697144159441 0.262759531714376 -17.7299109090725 -2.8712082465278 -13.1164008998854 -21.5882046992836 17.6326684363338 22.7814612210642 16.2473004009562 2.80304112206355 0 1.97945172897515 0 -0.667678957184627 0 -1.3695590271985 -0.00347218213764555 -1.87194612855182 0.461214881078906 0.176467678168075 -0.044609132243604 
2.85206656194692 -7.96469454465653 3.13629086042582 8.0018293219627 3.39300922252844 17.7051188946725 2.82187173304701 -0.0771754043536146 18.1124276659044 -2.80035309344547 14.3290552097974 -0.809334380849886 0 0.564712925318029 1.48790800912208 0.366502849043581 0.383149220567732 1.78570482816813 1.32666692572025 0 0.594697144159441 0.912785321270481 -2.0694721698386 0.58477505190986 -13.1164008998854 7.20691330647418 17.6326684363338 17.3993106021543 10.0467394912833 2.80304112206355 0 1.97945172897515 -0.23258512202305 -0.960433059218541 0 -0.221321241404545 1.50988520317706 -1.70862130471907 -0.00272511171769591 0.176467678168075 -0.044609132243604 
1.57142565333233 -17.0448515280592 3.94357362014408 8.0834817620383 3.39300922252844 22.6080074404171 3.84524594240135 2.31753079142306 18.1124276659044 1.30082004151811 14.3290552097974 -1.33736437542241 0 0.516109605541504 1.48790800912208 -0.794128951562628 0 1.34315136940831 1.32666692572025 -0.263255429353218 0.594697144159441 1.17547422231896 -1.87978522269045 -2.8712082465278 -13.1164008998854 -21.5882046992836 17.6326684363338 17.9892475499023 16.2473004009562 -17.25486376954 12.1851239914937 -0.874160631966852 -0.23258512202305 -0.667678957184627 0 -1.3695590271985 -0.00347218213764555 -1.3590858701752 0.461214881078906 -2.18389430187358 0.892010547636082 
2.38372490491273 -7.55835132019518 -12.6065675134801 8.0834817620383 3.39300922252844 22.6080074404171 2.82187173304701 -0.0771754043536146 19.1183715369405 -1.18797411468717 15.2766814170762 0.408509649330988 0 0.516109605541504 1.48790800912208 -0.794128951562628 0.79409043040317 1.78570482816813 1.13489550188412 -0.263169920194508 0.591217487878733 2.95382719736259 -1.87978522269045 5.43270056668329 0 -21.5882046992836 3.13085404973517 17.3993106021543 16.1781528808773 -18.8818193501243 12.1851239914937 -0.403265590101138 -0.23258512202305 -0.230153424074013 2.26721421987154 -0.672353881924578 -1.81739824908664 -1.70862130471907 0.397323774070164 -1.56857905900505 0.892010547636082 
2.85304364239642 -9.6165230449366 1.73438365926705 -2.17944260206047 3.39300922252844 18.9134139843348 2.82187173304701 -0.0771754043536146 18.1124276659044 -0.125524705287779 14.3290552097974 0.538946988223562 0.611240587072093 -0.0703306671512922 1.51589967753082 -0.106938016557572 0.79409043040317 1.78570482816813 1.32666692572025 0.287503853918753 0.594697144159441 0 -1.87978522269045 0.58477505190986 4.64828505248217 -18.7414049910109 0 19.4777762421769 19.3847518097305 2.80304112206355 0 1.73176888700191 -0.23258512202305 -1.48280597844757 -0.100654125246524 0.0703606859223734 -1.81739824908664 -1.46783191220268 0.581065051635292 0.176467678168075 -0.044609132243604 
2.8517153593779 -9.6165230449366 5.75512571609818 3.23005655930846 0 12.7497409259201 2.82187173304701 -0.0771754043536146 18.1124276659044 -0.125524705287779 12.1445830739777 0.595608745978963 0.75899016615422 1.20186968389986 1.16322991966886 0 0.79409043040317 1.78570482816813 1.32666692572025 0.287503853918753 1.02763989435399 0 -1.87978522269045 5.43270056668329 7.43751919543721 7.20691330647418 0 21.2051998741483 19.3847518097305 2.80304112206355 9.71817587954838 1.73176888700191 -0.23258512202305 -0.230153424074013 -0.493103477458052 -0.221321241404545 -1.81739824908664 -1.70862130471907 0.581065051635292 0.899531756206197 0.892010547636082 
1.57142565333233 -9.6165230449366 2.13387962721003 3.23005655930846 0 11.47205793209 0.533575032643776 -0.0771754043536146 22.3340620832211 0 17.7450105084782 0.778663264717284 0 1.20186968389986 0.860422585560206 0.657552726509772 0.677024315505765 1.78570482816813 1.31061227878119 1.456729500078 1.06410750981612 -17.9936584914074 13.8948257145913 5.43270056668329 0 -21.5882046992836 -0.250471772486562 13.0460968488111 0 3.89367877249312 -4.22133633644382 -1.77381643269854 0 -0.230153424074013 2.26721421987154 -0.672353881924578 -2.26678961483147 -1.54860505999467 0.855582403072893 -0.0839662442654214 -0.34420169676384 
2.8517153593779 -10.0868849364281 5.75512571609818 3.23005655930846 0 17.7051188946725 2.82187173304701 -0.0771754043536146 18.1124276659044 -2.80035309344547 14.3290552097974 0.34073995715973 0.75899016615422 1.20186968389986 0.684997031141537 0.366502849043581 0.79409043040317 1.78570482816813 1.32666692572025 0 0.962441256419961 0 -1.87978522269045 -2.04416472785834 5.4091972417241 -18.7414049910109 1.24519768417589 21.2051998741483 19.3847518097305 2.80304112206355 10.6914820638911 1.54672771768026 -0.23258512202305 -0.716334602244354 -0.493103477458052 0.0703606859223734 -2.41878447859026 -1.70862130471907 0.581065051635292 0.176467678168075 0.393495418947887 
2.57014966626553 -9.6165230449366 4.13332802117026 0 -2.67812249161216 0 3.84524594240135 -0.0771754043536146 17.3710238380921 0.617433711987656 1.77938435379387 0.497960850423184 1.57499776318902 -0.550279709692243 0.586827653109481 0.495501579947538 -0.296902272145684 1.78570482816813 0.779901589546307 -0.263169920194508 -0.58537630092603 8.84275944765786 -12.0364672018385 6.3126108834113 3.3398776808008 -7.94403869141547 20.4858299084407 17.3993106021543 19.3345715826305 1.01287162700336 5.20655095102571 -0.356071219451759 0.647024733911745 -0.676888563985419 -0.309161031879094 -1.80536125464615 2.16036358673142 -1.70862130471907 -0.245538237581746 -1.41350626714225 0.421053572102009 
2.8517153593779 -19.6061065236368 -12.6065675134801 3.23005655930846 3.39300922252844 0 5.24386391134181 -0.0771754043536146 19.9770825323309 -1.30612647182128 14.3290552097974 -0.699111080644238 0 1.20186968389986 1.48790800912208 0.495501579947538 0.79409043040317 1.78570482816813 1.21922591098548 0.759274047240277 0.594697144159441 4.51637977013196 -1.87978522269045 0.58477505190986 0 -18.7414049910109 3.13085404973517 11.736142372124 8.60062024663231 7.65148613958223 17.4242149374561 -0.874160631966852 -0.23258512202305 -0.960433059218541 2.06864346923709 0.0703606859223734 -1.75876191552671 -2.01234856421703 0.0949900055886199 -0.0839662442654214 0 
2.85143743786121 -7.96469454465653 3.94357362014408 3.23005655930846 9.92576415565599 17.7051188946725 3.61720275421031 -0.0771754043536146 18.1124276659044 -2.80035309344547 14.3290552097974 -0.809334380849886 0 1.20186968389986 -1.8872255875297 0.366502849043581 0.61903098956171 1.78570482816813 1.32666692572025 0 0.594697144159441 0.912785321270481 -1.87978522269045 0 -13.1164008998854 -20.780959787141 17.6326684363338 11.736142372124 10.0467394912833 2.80304112206355 0 1.97945172897515 -0.23258512202305 -0.667678957184627 0 -0.935607305995937 1.05969638239113 -2.01234856421703 -0.00272511171769591 0.176467678168075 -0.044609132243604 
1.57142565333233 -9.6165230449366 -12.6065675134801 5.54883825336529 9.92576415565599 15.9830059888228 3.82697485749469 -0.0771754043536146 23.9483797158806 0 -4.84609227548171 0.778663264717284 0 1.42743972736757 -1.77441399069243 0.366502849043581 0.867401597927046 1.78570482816813 1.31061227878119 1.456729500078 -0.555537694387854 4.51637977013196 -1.87978522269045 2.61905204826922 0 -21.5882046992836 3.13085404973517 17.3993106021543 0 0 12.1851239914937 -0.596963967241796 -0.23258512202305 -0.609810609207401 2.26721421987154 -0.672353881924578 -1.81739824908664 -1.70862130471907 1.35475499014126 -0.462485380686114 0.892010547636082 
1.57142565333233 -9.6165230449366 5.75512571609818 3.23005655930846 0 9.27179465944497 2.82187173304701 -0.0771754043536146 18.1124276659044 2.84413004202961 12.1445830739777 0.595608745978963 1.22586633286246 1.20186968389986 0.860422585560206 0 0.79409043040317 1.78570482816813 1.32666692572025 0.88817023583137 1.02763989435399 0 -1.87978522269045 5.43270056668329 0 8.58172616454853 0 17.3993106021543 0 3.89367877249312 9.71817587954838 1.97945172897515 -0.0506815778187856 -0.230153424074013 1.52201228954923 -0.221321241404545 -1.81739824908664 -1.70862130471907 0.855582403072893 -0.0839662442654214 1.35861408496677 
2.61930163874916 -7.96469454465653 3.94357362014408 6.40022221775736 3.39300922252844 17.7051188946725 2.84657071328097 -0.0771754043536146 18.1124276659044 -0.0698750087152584 14.3290552097974 -0.215791586579658 0 0.963090784811923 1.48790800912208 0.366502849043581 0 1.78570482816813 1.32666692572025 -0.263169920194508 0.594697144159441 20.127102311946 -17.7299109090725 5.43270056668329 -13.1164008998854 -18.7414049910109 19.5581655390599 19.4777762421769 19.4120751846405 2.80304112206355 17.4242149374561 1.01429005688722 0 -0.230153424074013 0 0.168417195248612 1.24746193448429 -1.46783191220268 0.892246200033578 0.176467678168075 0 
2.61930163874916 -7.96469454465653 3.94357362014408 6.40022221775736 3.39300922252844 17.7051188946725 3.84524594240135 -0.0771754043536146 18.1124276659044 -1.43399806692451 16.1415796129692 -0.215791586579658 0 0.963090784811923 1.48790800912208 0.366502849043581 0 1.78570482816813 1.32666692572025 -0.00511327814548901 0.600710843666788 3.30415186155781 -1.87978522269045 0.58477505190986 -13.1164008998854 -18.7414049910109 17.6326684363338 17.3993106021543 10.0467394912833 -0.430134157384808 13.0930053509041 -0.874160631966852 -0.23258512202305 -0.960433059218541 0 0.168417195248612 1.50988520317706 -1.70862130471907 -0.00272511171769591 0.1631679539956 1.12520309806112 
2.85164744090438 -7.96469454465653 3.94357362014408 7.86436607770825 3.39300922252844 17.7051188946725 3.84524594240135 -0.0771754043536146 18.1124276659044 -0.0698750087152584 14.3290552097974 -0.215791586579658 0 0.963090784811923 1.48790800912208 0.366502849043581 0 1.78570482816813 1.32666692572025 -0.263169920194508 0.594697144159441 3.30415186155781 -1.87978522269045 0.58477505190986 -13.1164008998854 -18.7414049910109 17.6326684363338 19.4777762421769 10.0467394912833 -0.430134157384808 12.1851239914937 -0.874160631966852 -0.23258512202305 -1.28212209064147 0 0.168417195248612 1.50988520317706 -1.46783191220268 -0.00272511171769591 0.102783863201171 0.892010547636082 
2.70892663579378 -15.1649440523074 7.29248250422184 3.23005655930846 -2.67812249161216 11.47205793209 2.82187173304701 -0.0771754043536146 22.3340620832211 0 14.3290552097974 -0.667015781936709 0.493731254899749 1.20186968389986 0.586827653109481 0.172167882631611 0.79409043040317 1.78570482816813 1.31061227878119 1.456729500078 0.594697144159441 4.51637977013196 -1.87978522269045 5.43270056668329 0 14.5670878234399 3.13085404973517 17.3993106021543 0 0 12.1851239914937 -0.874160631966852 -0.23258512202305 -0.230153424074013 2.26721421987154 0.214942639449119 -1.81739824908664 -1.70862130471907 0.855582403072893 -0.462485380686114 0.892010547636082 
2.60433352204283 -9.6165230449366 3.94357362014408 3.23005655930846 0.0724695343396019 17.7051188946725 3.84524594240135 -0.0771754043536146 20.8293769432369 0 14.3290552097974 0.595608745978963 -0.101165666739068 1.20186968389986 1.48790800912208 0.366502849043581 0 1.78570482816813 1.32666692572025 0 0.594697144159441 4.51637977013196 -2.63655989679348 0 5.4091972417241 10.4952098105546 17.6326684363338 14.4794912018718 11.1529800113072 1.58678779503647 0 -0.874160631966852 -1.22670822586711 -0.667678957184627 -0.493103477458052 0 1.46405320403355 -1.26606603548679 0.462349843612103 -0.462485380686114 -0.044609132243604 
2.57251523508209 -19.8999924756587 5.15372766144747 14.2524333333841 -0.37096006172754 0 15.0788702420326 -0.0771754043536146 22.3340620832211 2.84413004202961 -4.84609227548171 -0.699111080644238 0.458565329782928 0.557846121330674 -0.106938836410147 1.08766929275713 0.23761765325331 1.78570482816813 1.31061227878119 0.88817023583137 -0.555537694387854 5.75275976979302 -15.0430522985026 -16.539486076934 -1.74817996683911 -21.5882046992836 17.6326684363338 17.3993106021543 10.0467394912833 1.01287162700336 17.4242149374561 -1.02459396173926 0.777818305035037 0 -0.0808739939894872 -0.80953590087571 1.46405320403355 -1.70862130471907 -0.00272511171769591 -1.13195885704456 -0.509900116939051 
2.571571100989 -15.1649440523074 7.29248250422184 14.2524333333841 3.39300922252844 0.422914800873452 3.82697485749469 -0.0771754043536146 22.3340620832211 -3.14911976759281 -5.62973323617118 -0.667015781936709 0.493731254899749 0.557846121330674 1.48790800912208 0.703194354378243 0.867401597927046 1.78570482816813 1.31061227878119 1.3106932861268 -0.555537694387854 0 -1.87978522269045 0 0 -21.5882046992836 17.6326684363338 17.3993106021543 0 -21.8937005505402 14.8171766717998 1.97945172897515 -0.23258512202305 -0.667678957184627 0 -0.404981171402606 1.46405320403355 -1.70862130471907 0.855582403072893 -0.928333118198595 0.48456446357284 
1.57142565333233 -8.66601362115052 -12.6065675134801 15.2504863903162 3.97740714905197 2.21374784853018 3.84524594240135 17.1200772424788 8.71017002361369 0 14.3290552097974 0.940577315120295 0.487258646049191 0 -0.334902758898634 0.607330821886347 0 -0.318329133539614 1.27771223947765 1.01454909248955 0.594697144159441 7.68809291643002 -1.4152920174018 0.546975062460161 -13.5787592957163 -10.9755391669113 20.4858299084407 19.4777762421769 16.2473004009562 7.65148613958223 17.4242149374561 -0.94347758995531 -0.515913718028885 -1.13189037139616 0.741418831498091 -1.80376627782535 2.16036358673142 -1.7767463035587 0.417506059793525 0.627150817041821 0 
2.57036047570913 -7.96469454465653 5.75512571609818 -2.17944260206047 0 17.7051188946725 2.82187173304701 -0.0771754043536146 18.1124276659044 1.83768806752641 14.3290552097974 -0.215791586579658 0.75899016615422 -0.0703306671512922 0.684997031141537 0.366502849043581 0.79409043040317 1.78570482816813 1.32666692572025 0.695830386884432 0.962441256419961 0 -1.87978522269045 0.58477505190986 -13.1164008998854 -18.7414049910109 1.24519768417589 19.4777762421769 19.3847518097305 2.80304112206355 6.67722020697651 1.54672771768026 -0.23258512202305 -0.355160973647219 0 0.0703606859223734 -2.41878447859026 -1.46783191220268 0.581065051635292 0.176467678168075 1.17131147106239 
2.56914921254709 -9.6165230449366 3.94357362014408 -2.64826294167352 0 0 2.82187173304701 -0.0771754043536146 19.9770825323309 0 14.3290552097974 0.595608745978963 0 -0.550279709692243 0.860422585560206 0.495501579947538 0.79409043040317 1.78570482816813 1.21922591098548 1.456729500078 0.338165286089371 4.52168711396944 -1.87978522269045 -2.8712082465278 -13.1164008998854 -21.5882046992836 3.13085404973517 17.3993106021543 16.2473004009562 7.65148613958223 10.2581741185198 -1.31971142822863 -0.23258512202305 -0.667678957184627 0 -0.672353881924578 -1.81739824908664 -1.70862130471907 0.461214881078906 0.600178320845672 0.892010547636082 
2.57036047570913 -9.6165230449366 2.13387962721003 6.69565338811169 1.53937315975287 17.7051188946725 3.82697485749469 -0.0771754043536146 22.3340620832211 0 1.89087667804718 0.778663264717284 0 0.113440549901426 0.860422585560206 0.366502849043581 0.867401597927046 1.78570482816813 1.31061227878119 1.456729500078 0.0866061290989659 4.51637977013196 -1.87978522269045 1.07730470631612 3.10085632924496 -21.5882046992836 3.13085404973517 17.3993106021543 19.3847518097305 3.89367877249312 12.1851239914937 -0.596963967241796 -0.23258512202305 -1.02926456650685 1.65668874627756 -0.672353881924578 -1.81739824908664 -1.70862130471907 0.581065051635292 -0.0839662442654214 0.892010547636082 
2.56988634506748 -9.6165230449366 2.13387962721003 -10.3638491455297 0.0724695343396019 17.7051188946725 2.82187173304701 -0.0771754043536146 20.8293769432369 0 14.3290552097974 0.595608745978963 0 0 1.48790800912208 0.366502849043581 0.79409043040317 1.78570482816813 1.32666692572025 1.55277195365763 0.594697144159441 4.51637977013196 -2.63655989679348 5.43270056668329 0 10.4952098105546 3.13085404973517 13.0460968488111 11.1529800113072 18.4724600017641 -4.22133633644382 -0.874160631966852 -1.22670822586711 -0.230153424074013 2.26721421987154 0 -1.81739824908664 -1.54860505999467 0.462349843612103 1.74054222448754 -0.044609132243604 
1.57142565333233 -9.6165230449366 4.13332802117026 0 0 0 2.82187173304701 12.7032875608202 1.18992964191825 -0.307268424195828 14.3290552097974 0.595608745978963 1.57499776318902 -0.350463444455743 0.860422585560206 0.495501579947538 0.79409043040317 0 0.510160379144438 -0.560845573437794 0.594697144159441 17.8765355828575 19.5161355920677 4.75644002943599 -13.1164008998854 8.74422812601283 3.13085404973517 17.3993106021543 19.3847518097305 1.01287162700336 5.20655095102571 0.317181885650932 0.72311685530614 -0.388893530442796 0 -0.594654094937562 -1.81739824908664 -1.70862130471907 0.581065051635292 -1.41350626714225 0.421053572102009 
2.57036047570913 -9.6165230449366 5.75512571609818 3.23005655930846 0.560331688663145 11.47205793209 1.88353217385408 -0.0771754043536146 19.9770825323309 3.66679412732683 14.3290552097974 0.778663264717284 0.806164592437523 1.20186968389986 0.860422585560206 0.657552726509772 0.278607121635511 1.78570482816813 1.21922591098548 0.88817023583137 0.594697144159441 -17.9936584914074 0 5.43270056668329 -17.7115514211876 -21.5882046992836 16.7554569353608 17.3993106021543 0 3.89367877249312 9.71817587954838 -1.77381643269854 0.0297454405900768 -0.230153424074013 -1.52048759140097 -0.672353881924578 1.04884079272805 -1.70862130471907 0.855582403072893 -0.0839662442654214 0.892010547636082 
1.57142565333233 -9.6165230449366 2.13387962721003 3.23005655930846 0 12.7497409259201 2.82187173304701 16.16365037142 2.06952411451821 -0.125524705287779 15.2766814170762 0.595608745978963 0 1.20186968389986 0.860422585560206 0 0.79409043040317 0 0.0348374208783905 0.287503853918753 0.591217487878733 0 -1.87978522269045 -1.05203276353517 5.4091972417241 7.20691330647418 0 10.2228014886718 19.3847518097305 1.58678779503647 9.71817587954838 1.73176888700191 -0.23258512202305 -0.653569538357467 -0.493103477458052 -0.221321241404545 -1.81739824908664 -1.54860505999467 0.581065051635292 -0.462485380686114 0.892010547636082 
2.56893598292203 -9.6165230449366 -12.6065675134801 8.0018293219627 0 17.7051188946725 2.82187173304701 -0.0771754043536146 18.1124276659044 -2.80035309344547 13.6869094112129 0.778663264717284 0 0.564712925318029 0.860422585560206 0.366502849043581 0.79409043040317 1.78570482816813 1.32666692572025 0 0.794030423445641 0.912785321270481 -1.87978522269045 0.58477505190986 0 -21.5882046992836 17.6326684363338 11.736142372124 0 2.80304112206355 0 1.97945172897515 -0.23258512202305 -0.960433059218541 2.26721421987154 -0.672353881924578 -0.00347218213764555 -2.01234856421703 0.855582403072893 0.176467678168075 -0.044609132243604 
1.57142565333233 -10.5033630990439 2.13387962721003 6.71250458781724 0 17.7051188946725 2.82187173304701 16.16365037142 2.06952411451821 0 15.2766814170762 0.503268662036056 0 0 0.860422585560206 0.366502849043581 0.79409043040317 0 0.0348374208783905 1.81926005851909 0.591217487878733 5.4538971172431 13.8948257145913 5.43270056668329 0 -21.5882046992836 18.96162224494 10.2228014886718 0 6.52482635107582 12.1851239914937 -0.556715896156019 0 -0.230153424074013 2.26721421987154 -0.672353881924578 2.29791148500885 -1.54860505999467 0.855582403072893 -0.0839662442654214 0.892010547636082 
2.85349825055944 -9.6165230449366 -12.6065675134801 3.23005655930846 0 17.7051188946725 2.82187173304701 -0.0771754043536146 22.3340620832211 0 13.3823069946525 0.778663264717284 0 1.20186968389986 0.860422585560206 0.366502849043581 0.79409043040317 1.78570482816813 1.31061227878119 1.81926005851909 1.02494542801517 4.51637977013196 -1.87978522269045 5.43270056668329 0 -21.5882046992836 3.13085404973517 17.3993106021543 0 3.89367877249312 8.84818001969167 -0.596963967241796 -0.23258512202305 -0.230153424074013 2.26721421987154 -0.672353881924578 -1.81739824908664 -1.70862130471907 0.855582403072893 -0.0839662442654214 1.20179758336479 
2.85345938451829 -4.5343740807075 -12.6065675134801 3.23005655930846 0 17.7051188946725 2.82187173304701 -0.0771754043536146 22.3340620832211 0 14.3290552097974 -0.320331846838971 0 1.20186968389986 0.860422585560206 0.366502849043581 0.79409043040317 1.78570482816813 1.31061227878119 1.55277195365763 0.594697144159441 3.30415186155781 -1.87978522269045 5.43270056668329 -13.1164008998854 -21.5882046992836 17.6326684363338 19.4777762421769 10.0467394912833 -0.430134157384808 12.1851239914937 -0.874160631966852 -0.23258512202305 -0.230153424074013 0 -0.672353881924578 1.50988520317706 -1.46783191220268 -0.00272511171769591 0.1631679539956 0.892010547636082 
2.56962366136775 -15.2940305732628 -12.6065675134801 -2.17944260206047 0 17.7051188946725 15.0788702420326 -0.0771754043536146 18.1124276659044 0.112371983175339 14.3290552097974 -0.888175080697134 0 -0.0703306671512922 0.860422585560206 0.366502849043581 0.23761765325331 1.78570482816813 1.32666692572025 1.24312016103096 0.594697144159441 4.51637977013196 -1.87978522269045 -16.539486076934 -13.1164008998854 -21.5882046992836 17.6326684363338 17.3993106021543 10.0467394912833 7.65148613958223 9.71817587954838 -0.874160631966852 -0.23258512202305 0 0 -0.80953590087571 1.46405320403355 -1.70862130471907 -0.00272511171769591 -0.0839662442654214 0.892010547636082 
2.85290128070377 -7.96469454465653 3.94357362014408 8.0018293219627 3.39300922252844 22.6080074404171 3.82697485749469 -0.0771754043536146 18.1124276659044 -0.0698750087152584 14.3290552097974 -0.809334380849886 0 0.564712925318029 1.48790800912208 -0.794128951562628 0.867401597927046 1.78570482816813 1.32666692572025 -0.0899025188199722 0.594697144159441 0.912785321270481 -1.87978522269045 0.58477505190986 0 -21.5882046992836 17.6326684363338 17.3993106021543 10.0467394912833 -18.8818193501243 12.1851239914937 1.97945172897515 -0.23258512202305 -0.960433059218541 2.26721421987154 -1.3695590271985 1.50988520317706 -1.70862130471907 -0.00272511171769591 -1.56857905900505 0.892010547636082 
2.85240913886679 -9.6165230449366 2.8344479789885 8.0834817620383 0 17.7051188946725 3.82697485749469 -0.0771754043536146 9.48171761707948 0.112371983175339 0.00548789510758961 0.595608745978963 1.6489678213368 0.516109605541504 0.828666320130539 0.366502849043581 0.867401597927046 1.78570482816813 1.27771223947765 1.24312016103096 0.252594015711264 4.51637977013196 2.65421858390524 -16.539486076934 0 10.4952098105546 17.6326684363338 17.3993106021543 10.0467394912833 7.65148613958223 0 -0.874160631966852 -0.28109782528649 0 0 0 1.46405320403355 -1.70862130471907 -0.00272511171769591 0.627150817041821 -0.044609132243604 
2.85314768722572 -8.5880554152597 2.8344479789885 16.9659098322345 0 15.5122106060443 -4.17879500686135 -0.0771754043536146 9.48171761707948 -2.80035309344547 0.00548789510758961 0.952860246437071 1.6489678213368 0.57008058175914 0.828666320130539 0.366502849043581 0 1.78570482816813 1.27771223947765 0 0.252594015711264 10.0643274118958 -15.0430522985026 6.3126108834113 -13.1164008998854 9.34647103284787 20.4858299084407 0 10.0467394912833 7.65148613958223 17.4242149374561 0.230906117218968 0.777818305035037 -0.676888563985419 0 -0.289473239509143 2.16036358673142 -0.699646122753455 -0.00272511171769591 0.627150817041821 0 
2.56988634506748 -9.6165230449366 3.94357362014408 -2.64826294167352 3.39300922252844 17.7051188946725 3.82697485749469 -0.0771754043536146 19.9770825323309 -0.0698750087152584 1.77938435379387 0.595608745978963 0 -0.550279709692243 1.48790800912208 0.366502849043581 0.867401597927046 1.78570482816813 1.21922591098548 -0.263169920194508 -0.58537630092603 4.51637977013196 0 -2.8712082465278 3.3398776808008 -21.5882046992836 3.13085404973517 17.3993106021543 16.2473004009562 7.65148613958223 12.1851239914937 -0.874160631966852 0 -0.667678957184627 -0.309161031879094 -0.672353881924578 -1.81739824908664 -1.70862130471907 0.461214881078906 0.600178320845672 0.892010547636082 
2.85314768722572 -17.0448515280592 3.94357362014408 14.2524333333841 3.39300922252844 0.422914800873452 2.82187173304701 -0.0771754043536146 18.1124276659044 0.112371983175339 14.3290552097974 -1.33736437542241 0 0.557846121330674 1.48790800912208 0.389900489700912 0.79409043040317 1.78570482816813 1.32666692572025 1.24312016103096 0.594697144159441 0.262759531714376 -1.87978522269045 0 0 -21.5882046992836 17.6326684363338 19.4777762421769 16.2473004009562 2.80304112206355 0 1.97945172897515 -0.23258512202305 -0.667678957184627 0 -1.3695590271985 1.46405320403355 -1.46783191220268 0.461214881078906 0.176467678168075 -0.044609132243604 
1.57142565333233 -7.88964496626968 3.94357362014408 6.40022221775736 0 12.7497409259201 2.82187173304701 19.0058825253536 2.06952411451821 0 14.3290552097974 0.595608745978963 0 0.963090784811923 0.860422585560206 0 0.79409043040317 0 0.0348374208783905 1.55277195365763 0.594697144159441 3.30415186155781 -1.87978522269045 4.04985858486027 0 15.718997639799 -0.484130135217742 13.0460968488111 0 -0.430134157384808 12.1851239914937 -0.874160631966852 -0.23258512202305 -1.07924685198313 2.26721421987154 0.368912837034516 -1.60309314721408 -1.54860505999467 0.855582403072893 0.102783863201171 0.892010547636082 
2.56962366136775 -8.20008195107807 2.8344479789885 14.2524333333841 3.97740714905197 2.21374784853018 3.82697485749469 -0.0771754043536146 10.8199533856101 0.617433711987656 14.3290552097974 1.09673194805939 1.6489678213368 0 -0.334902758898634 0.607330821886347 0.867401597927046 1.78570482816813 1.27771223947765 -0.263169920194508 0.594697144159441 7.68102710548836 -1.4152920174018 0.546975062460161 -13.5787592957163 -7.94403869141547 20.4858299084407 19.4777762421769 15.8366649014813 1.01287162700336 5.20655095102571 -0.23366677472073 -0.515913718028885 -1.13189037139616 0.741418831498091 -1.80536125464615 2.16036358673142 -1.7767463035587 0.461214881078906 -1.41350626714225 0.421053572102009 
0.748595936178965 -19.141335700262 -12.6065675134801 3.23005655930846 0.0724695343396019 2.11716746118253 3.84524594240135 -0.0771754043536146 22.3340620832211 0 14.0134288856822 -0.517208376814243 0 1.20186968389986 1.48790800912208 0.455489467249946 0 1.78570482816813 1.31061227878119 1.55277195365763 0.923409548608311 2.95382719736259 1.04730629504067 5.43270056668329 -1.43281992242337 -21.5882046992836 3.13085404973517 17.3993106021543 0 1.58678779503647 12.1851239914937 -0.403265590101138 0.211716619367579 -0.230153424074013 2.34241523914152 -0.80953590087571 -1.81739824908664 -1.70862130471907 0.855582403072893 -0.462485380686114 0.892010547636082 
2.85189431548331 -9.6165230449366 -12.6065675134801 -2.17944260206047 3.39300922252844 17.7051188946725 2.82187173304701 -0.0771754043536146 18.1124276659044 0 14.3290552097974 0.595608745978963 0 -0.0703306671512922 1.48790800912208 0.366502849043581 0.79409043040317 1.78570482816813 1.32666692572025 0 0.594697144159441 4.51637977013196 -2.63655989679348 0.58477505190986 0 -18.7414049910109 3.13085404973517 17.3993106021543 0 7.65148613958223 9.71817587954838 -0.874160631966852 -1.22670822586711 -0.355160973647219 1.52201228954923 0.0703606859223734 -1.81739824908664 -1.70862130471907 0.855582403072893 -0.0839662442654214 1.35861408496677 
1.57142565333233 -9.6165230449366 2.8344479789885 16.9659098322345 0 17.7051188946725 2.82187173304701 -0.0771754043536146 18.1124276659044 -2.80035309344547 14.3290552097974 0.595608745978963 1.6489678213368 0.57008058175914 0.684997031141537 0.366502849043581 0.79409043040317 1.78570482816813 1.32666692572025 0 0.962441256419961 0 -1.87978522269045 0.58477505190986 -13.1164008998854 10.4952098105546 1.24519768417589 19.4777762421769 11.1529800113072 2.80304112206355 9.71817587954838 1.54672771768026 -0.23258512202305 -0.355160973647219 0 0 -2.41878447859026 -1.46783191220268 -0.00272511171769591 0.176467678168075 0.892010547636082 
1.57142565333233 -9.6165230449366 5.75512571609818 0.379194160308315 1.52916748615874 12.7497409259201 2.82187173304701 12.7032875608202 18.1124276659044 -2.06931370341653 14.3290552097974 0.595608745978963 0.0496205396669084 1.20186968389986 1.23595773071794 0 0.79409043040317 0 1.32666692572025 -1.22770558837694 0.594697144159441 0 19.5161355920677 5.43270056668329 -14.4431679363331 10.4952098105546 0 17.3993106021543 19.3847518097305 3.89367877249312 9.71817587954838 1.97945172897515 0.72311685530614 -0.356649801757489 -0.259408905370817 0 -1.81739824908664 -1.70862130471907 0.581065051635292 -0.0839662442654214 1.35861408496677 
2.8523801306885 -12.1666011978717 -12.6065675134801 0 3.39300922252844 0.422914800873452 3.82697485749469 -0.0771754043536146 22.3340620832211 -0.0698750087152584 1.77938435379387 0.706191634119578 0 -0.550279709692243 1.48790800912208 0.389900489700912 0.867401597927046 1.78570482816813 1.31061227878119 -0.263169920194508 -0.58537630092603 2.74256187432565 -1.87978522269045 0.58477505190986 0 -18.7414049910109 3.13085404973517 17.3993106021543 8.60062024663231 7.65148613958223 15.4001649952262 -0.874160631966852 -0.23258512202305 -0.960433059218541 2.06864346923709 0.0703606859223734 -1.75876191552671 -1.70862130471907 0.0949900055886199 -0.0839662442654214 0.77956829406301 
1.57142565333233 -9.6165230449366 4.13332802117026 0 3.39300922252844 0.422914800873452 2.82187173304701 -0.0771754043536146 22.3340620832211 0.617433711987656 0.00548789510758961 0.497960850423184 1.57499776318902 -0.550279709692243 1.48790800912208 0.389900489700912 0.79409043040317 1.78570482816813 1.31061227878119 -0.263169920194508 0.252594015711264 0 -12.0364672018385 -0.1098511438397 3.3398776808008 -7.94403869141547 20.4858299084407 17.3993106021543 0 -19.3184636123099 5.20655095102571 1.97945172897515 0.647024733911745 -0.254479559261575 -0.309161031879094 -1.80536125464615 2.16036358673142 -1.70862130471907 0.855582403072893 -1.17049035844882 0.421053572102009 
2.85206656194692 -8.06952989272286 7.29248250422184 -2.17944260206047 3.39300922252844 0 2.82187173304701 -0.0771754043536146 18.1124276659044 1.83768806752641 14.3290552097974 -0.071687208549905 0.493731254899749 -0.0703306671512922 1.48790800912208 0.495501579947538 0.79409043040317 1.78570482816813 1.32666692572025 0.695830386884432 0.594697144159441 4.51637977013196 -1.87978522269045 1.39058398219784 -13.1164008998854 -18.7414049910109 3.13085404973517 17.3993106021543 19.3847518097305 6.52482635107582 9.71817587954838 -0.874160631966852 -0.23258512202305 0.173234727332943 0 0.0703606859223734 -1.81739824908664 -1.70862130471907 0.581065051635292 -0.0839662442654214 0.892010547636082 
2.57062417742946 -9.6165230449366 2.13387962721003 -2.17944260206047 0 17.7051188946725 2.82187173304701 -0.0771754043536146 22.3340620832211 0 1.89087667804718 0.778663264717284 0 -0.0703306671512922 0.860422585560206 0.366502849043581 0.79409043040317 1.78570482816813 1.31061227878119 1.456729500078 0.0866061290989659 4.51637977013196 -1.87978522269045 0.58477505190986 -13.1164008998854 -21.5882046992836 3.13085404973517 17.3993106021543 19.3847518097305 3.89367877249312 9.71817587954838 -0.874160631966852 -0.23258512202305 -0.355160973647219 0 -0.672353881924578 -1.81739824908664 -1.70862130471907 0.581065051635292 -0.0839662442654214 0.892010547636082 
2.56988634506748 -9.6165230449366 -12.6065675134801 16.9659098322345 0 17.7051188946725 2.82187173304701 -0.0771754043536146 18.1124276659044 0 13.6869094112129 0.778663264717284 0 0.57008058175914 0.860422585560206 0.366502849043581 0.79409043040317 1.78570482816813 1.32666692572025 1.21117743209525 0.794030423445641 4.51637977013196 -1.87978522269045 5.43270056668329 0 14.9860957893478 20.4858299084407 11.736142372124 0 1.58678779503647 5.20655095102571 -0.874160631966852 -0.23258512202305 -0.230153424074013 2.26721421987154 0 2.16036358673142 -2.01234856421703 0.855582403072893 -0.462485380686114 0.421053572102009 
1.57142565333233 -15.2940305732628 2.29194551037715 14.2524333333841 3.39300922252844 17.7051188946725 15.0788702420326 -0.0771754043536146 22.3340620832211 -2.80035309344547 14.3290552097974 -0.888175080697134 1.51706056500183 0.557846121330674 1.48790800912208 0.366502849043581 0.23761765325331 1.78570482816813 1.31061227878119 0 0.594697144159441 5.75275976979302 4.6504164511107 -16.539486076934 0 -18.7414049910109 17.6326684363338 19.4777762421769 10.0467394912833 2.80304112206355 17.4242149374561 -1.56055925090823 0.22454664782367 0 0 0.0703606859223734 1.46405320403355 -1.46783191220268 -0.00272511171769591 0.176467678168075 -0.509900116939051 
1.57142565333233 -8.20008195107807 -12.6065675134801 15.2504863903162 3.39300922252844 17.7051188946725 3.84524594240135 17.1200772424788 18.1124276659044 -0.0698750087152584 14.3290552097974 1.09673194805939 0.487258646049191 0 1.48790800912208 0.366502849043581 0 -0.318329133539614 1.32666692572025 -0.263169920194508 0.594697144159441 0.262759531714376 -17.7299109090725 0.546975062460161 -13.5787592957163 -21.5882046992836 17.6326684363338 19.4777762421769 16.2473004009562 7.65148613958223 0 1.97945172897515 0 -1.13189037139616 0.741418831498091 -1.3695590271985 -0.00347218213764555 -1.7767463035587 0.417506059793525 0.627150817041821 -0.044609132243604 
2.85206656194692 -7.96469454465653 3.94357362014408 8.0018293219627 3.39300922252844 17.7051188946725 3.84524594240135 -0.0771754043536146 18.1124276659044 -2.80035309344547 14.3290552097974 -0.809334380849886 0 0.564712925318029 1.48790800912208 0.366502849043581 0 1.78570482816813 1.32666692572025 0 0.594697144159441 0.912785321270481 -1.87978522269045 0 -13.1164008998854 7.20691330647418 17.6326684363338 11.736142372124 10.0467394912833 2.80304112206355 0 1.97945172897515 -0.23258512202305 -0.667678957184627 0 -0.221321241404545 1.46405320403355 -2.01234856421703 -0.00272511171769591 0.176467678168075 -0.044609132243604 
1.57142565333233 -17.0448515280592 3.94357362014408 3.23005655930846 3.39300922252844 15.9830059888228 3.84524594240135 -0.0771754043536146 23.9483797158806 1.30082004151811 -4.84609227548171 -1.33736437542241 0 1.20186968389986 1.48790800912208 0.366502849043581 0 1.78570482816813 1.31061227878119 -0.263255429353218 -0.555537694387854 4.51637977013196 -1.87978522269045 0.58477505190986 0 -21.5882046992836 17.6326684363338 17.3993106021543 16.2473004009562 -17.25486376954 12.1851239914937 -0.596963967241796 -0.23258512202305 -0.960433059218541 2.26721421987154 -1.3695590271985 -0.00347218213764555 -1.70862130471907 0.461214881078906 -2.18389430187358 0.892010547636082 
2.85314768722572 -7.55835132019518 7.29248250422184 8.0834817620383 3.39300922252844 0.422914800873452 2.82187173304701 -0.0771754043536146 22.3340620832211 -1.18797411468717 -5.62973323617118 0.408509649330988 0.493731254899749 0.516109605541504 1.48790800912208 0.389900489700912 0.79409043040317 1.78570482816813 1.31061227878119 -0.263169920194508 -0.555537694387854 2.95382719736259 -1.87978522269045 0 0 -21.5882046992836 17.6326684363338 17.3993106021543 19.3847518097305 -18.8818193501243 14.8171766717998 -0.403265590101138 -0.23258512202305 -0.667678957184627 0 -0.404981171402606 1.46405320403355 -1.70862130471907 0.581065051635292 -1.56857905900505 0.48456446357284 
2.85206656194692 -7.96469454465653 3.94357362014408 -2.17944260206047 3.39300922252844 18.9134139843348 2.82187173304701 -0.0771754043536146 18.1124276659044 -2.80035309344547 14.3290552097974 -0.809334380849886 0 -0.0703306671512922 1.48790800912208 -0.106938016557572 0.79409043040317 1.78570482816813 1.32666692572025 0 0.594697144159441 0 -1.87978522269045 0.58477505190986 5.4091972417241 -20.780959787141 17.6326684363338 19.4777762421769 10.0467394912833 2.80304112206355 0 1.73176888700191 -0.23258512202305 -1.48280597844757 -0.493103477458052 -0.935607305995937 1.46405320403355 -1.46783191220268 -0.00272511171769591 0.176467678168075 -0.044609132243604 
2.8517153593779 -9.6165230449366 5.75512571609818 3.23005655930846 0 12.7497409259201 2.82187173304701 -0.0771754043536146 18.1124276659044 0 12.1445830739777 0.595608745978963 0.75899016615422 1.20186968389986 0.860422585560206 0 0.79409043040317 1.78570482816813 1.32666692572025 1.55277195365763 1.02763989435399 0 13.8948257145913 5.43270056668329 0 15.718997639799 0 13.0460968488111 19.3847518097305 2.80304112206355 9.71817587954838 1.73176888700191 0 -0.230153424074013 2.26721421987154 0.368912837034516 -1.81739824908664 -1.54860505999467 0.581065051635292 0.899531756206197 0.892010547636082 
2.6153951687004 -9.6165230449366 7.29248250422184 3.23005655930846 0 11.47205793209 3.82697485749469 -0.0771754043536146 22.3340620832211 0 15.2766814170762 0.595608745978963 0.493731254899749 1.20186968389986 0.860422585560206 0.657552726509772 0.867401597927046 1.78570482816813 1.31061227878119 1.456729500078 0.591217487878733 -17.9936584914074 0 5.43270056668329 3.3398776808008 -18.7414049910109 17.6326684363338 13.0460968488111 0 3.89367877249312 12.1851239914937 -1.77381643269854 0 -0.230153424074013 -0.309161031879094 0.168417195248612 1.50988520317706 -1.54860505999467 0.855582403072893 -0.0839662442654214 0.892010547636082 
2.56962366136775 -10.0868849364281 5.75512571609818 8.0018293219627 0 17.7051188946725 2.82187173304701 -0.0771754043536146 18.1124276659044 -2.80035309344547 14.3290552097974 0.34073995715973 0.75899016615422 0.564712925318029 0.684997031141537 0.366502849043581 0.79409043040317 1.78570482816813 1.32666692572025 0 0.594697144159441 0 -1.87978522269045 0.58477505190986 5.4091972417241 7.20691330647418 17.6326684363338 17.3993106021543 10.0467394912833 2.80304112206355 0 1.54672771768026 -0.23258512202305 -0.355160973647219 -0.493103477458052 -0.221321241404545 1.50988520317706 -1.70862130471907 -0.00272511171769591 0.176467678168075 -0.044609132243604 
2.85275914795274 -8.5880554152597 2.8344479789885 16.9659098322345 -2.67812249161216 15.5122106060443 -4.17879500686135 -0.0771754043536146 9.48171761707948 0.617433711987656 1.77938435379387 0.952860246437071 1.6489678213368 0.57008058175914 0.586827653109481 0.366502849043581 0 1.78570482816813 1.32205672695397 -0.263169920194508 -0.58537630092603 8.84275944765786 -15.0430522985026 6.3126108834113 -13.1164008998854 9.34647103284787 20.4858299084407 17.3993106021543 10.0467394912833 7.65148613958223 17.4242149374561 -0.356071219451759 0.777818305035037 -0.676888563985419 0 -0.289473239509143 2.16036358673142 -1.70862130471907 0.443096199246634 0.627150817041821 0 
1.57142565333233 -15.2940305732628 2.65785999801376 3.23005655930846 3.39300922252844 0 3.82697485749469 -0.0771754043536146 19.9770825323309 1.83768806752641 -4.84609227548171 -1.22481023472026 1.51706056500183 1.20186968389986 1.48790800912208 0.495501579947538 0.867401597927046 1.78570482816813 1.21922591098548 0.695830386884432 -0.555537694387854 4.51637977013196 -1.87978522269045 0.58477505190986 0 -18.7414049910109 17.6326684363338 11.736142372124 8.60062024663231 -18.8818193501243 17.4242149374561 -0.874160631966852 -0.23258512202305 -0.960433059218541 0 0.0703606859223734 1.46405320403355 -2.01234856421703 0.0949900055886199 -1.56857905900505 0 
2.85206656194692 -7.96469454465653 3.94357362014408 8.0018293219627 3.39300922252844 17.7051188946725 3.84524594240135 -0.0771754043536146 18.1124276659044 -2.80035309344547 14.3290552097974 -0.809334380849886 0 0.564712925318029 1.48790800912208 0.366502849043581 0 1.78570482816813 1.32666692572025 0 0.594697144159441 0.912785321270481 -2.0694721698386 0.58477505190986 -13.1164008998854 -20.780959787141 17.6326684363338 17.3993106021543 10.0467394912833 2.80304112206355 0 1.97945172897515 -0.23258512202305 -0.960433059218541 0 -0.935607305995937 1.50988520317706 -1.70862130471907 -0.00272511171769591 0.176467678168075 -0.044609132243604 
0.748595936178965 -9.6165230449366 -12.6065675134801 -2.17944260206047 9.92576415565599 17.7051188946725 3.82697485749469 -0.0771754043536146 23.9483797158806 -2.80035309344547 14.3290552097974 0.778663264717284 0 -0.0703306671512922 -1.77441399069243 0.366502849043581 0.867401597927046 1.78570482816813 1.31061227878119 0 0.594697144159441 4.51637977013196 -1.87978522269045 0.58477505190986 -13.1164008998854 -21.5882046992836 4.49852210190078 19.4777762421769 0 2.80304112206355 0 -0.596963967241796 -0.23258512202305 -0.960433059218541 0 -0.672353881924578 -2.70501538077603 -1.46783191220268 1.35475499014126 0.176467678168075 -0.044609132243604 
0.748595936178965 -9.6165230449366 -12.6065675134801 15.2504863903162 3.97740714905197 9.27179465944497 3.84524594240135 -0.0771754043536146 18.1124276659044 0 12.1445830739777 0.595608745978963 0.487258646049191 0 -0.334902758898634 0 0 1.78570482816813 1.32666692572025 1.01454909248955 1.02763989435399 0 -1.87978522269045 0.546975062460161 -13.5787592957163 -10.9755391669113 0 17.3993106021543 0 7.65148613958223 17.4242149374561 1.97945172897515 -0.23258512202305 -1.13189037139616 0.741418831498091 -1.80376627782535 -1.81739824908664 -1.70862130471907 0.855582403072893 0.627150817041821 0 
1.57142565333233 -7.96469454465653 2.8344479789885 6.40022221775736 3.39300922252844 17.7051188946725 -4.17879500686135 -0.0771754043536146 9.48171761707948 -2.80035309344547 0.00548789510758961 -0.215791586579658 1.6489678213368 0.963090784811923 1.48790800912208 0.366502849043581 0 1.78570482816813 1.32205672695397 0 0.252594015711264 10.0643274118958 -17.7299109090725 6.3126108834113 -13.1164008998854 -18.7414049910109 20.4858299084407 0 10.0467394912833 7.65148613958223 17.4242149374561 0.230906117218968 0 -0.676888563985419 0 0.168417195248612 2.16036358673142 -0.699646122753455 0.443096199246634 0.627150817041821 0 
2.61930163874916 -7.96469454465653 3.94357362014408 6.40022221775736 3.39300922252844 17.7051188946725 3.84524594240135 -0.0771754043536146 18.1124276659044 -1.43399806692451 14.3290552097974 -0.215791586579658 0 0.963090784811923 1.48790800912208 0.366502849043581 0 1.78570482816813 1.32666692572025 -0.00511327814548901 0.594697144159441 3.30415186155781 -1.87978522269045 0.58477505190986 -13.1164008998854 -18.7414049910109 17.6326684363338 17.3993106021543 10.0467394912833 -0.430134157384808 12.1851239914937 -0.874160631966852 -0.23258512202305 -0.960433059218541 0 0.168417195248612 1.50988520317706 -1.70862130471907 -0.00272511171769591 0.1631679539956 0.892010547636082 
2.56893598292203 -7.96469454465653 3.94357362014408 6.40022221775736 3.97740714905197 17.7051188946725 3.84524594240135 -0.0771754043536146 18.1124276659044 0 14.3290552097974 -0.215791586579658 0 0.963090784811923 -0.334902758898634 0.366502849043581 0 1.78570482816813 1.32666692572025 1.01454909248955 0.594697144159441 3.30415186155781 -1.4152920174018 0.546975062460161 -13.5787592957163 -10.9755391669113 20.4858299084407 19.4777762421769 16.2473004009562 -0.430134157384808 17.4242149374561 -0.874160631966852 -0.515913718028885 -1.13189037139616 0.741418831498091 -1.80376627782535 2.16036358673142 -1.7767463035587 0.417506059793525 0.102783863201171 0 
1.57142565333233 -9.6165230449366 7.29248250422184 3.23005655930846 -2.67812249161216 11.47205793209 2.82187173304701 12.7032875608202 22.3340620832211 0 14.3290552097974 0.595608745978963 0.493731254899749 1.20186968389986 0.586827653109481 0.657552726509772 0.79409043040317 0 1.31061227878119 1.456729500078 0.594697144159441 4.51637977013196 19.5161355920677 4.75644002943599 -13.1164008998854 14.7772009235701 3.13085404973517 17.3993106021543 0 7.65148613958223 0 -0.874160631966852 0.72311685530614 -0.388893530442796 0 0.214942639449119 -1.81739824908664 -1.70862130471907 0.855582403072893 0 -0.044609132243604 
2.85366681912642 -9.6165230449366 3.94357362014408 3.23005655930846 0 9.27179465944497 2.82187173304701 -0.0771754043536146 18.1124276659044 0 14.3290552097974 0.595608745978963 -0.101165666739068 1.20186968389986 0.860422585560206 0 0.79409043040317 1.78570482816813 1.32666692572025 0 0.594697144159441 4.51637977013196 -1.87978522269045 5.43270056668329 0 10.4952098105546 0 17.3993106021543 11.1529800113072 1.58678779503647 0 -0.874160631966852 -0.0506815778187856 -0.230153424074013 1.52201228954923 0 -1.81739824908664 -1.70862130471907 0.462349843612103 -0.462485380686114 -0.044609132243604 
1.57142565333233 -8.20008195107807 5.75512571609818 14.2524333333841 -0.37096006172754 21.2687917057279 15.0788702420326 -1.26443329754492 22.3340620832211 2.84413004202961 14.3290552097974 1.09673194805939 0.806164592437523 0.557846121330674 -0.106938836410147 -0.155102175090044 0.23761765325331 0.103233621894956 1.31061227878119 0.88817023583137 0.594697144159441 5.75275976979302 -15.0430522985026 -5.22881116407402 -1.74817996683911 -21.5882046992836 17.6326684363338 17.3993106021543 16.1866752375554 21.3171087949384 17.4242149374561 -1.56055925090823 0.777818305035037 -0.667678957184627 -0.0808739939894872 -0.80953590087571 1.46405320403355 -1.70862130471907 0.581065051635292 1.74054222448754 -0.509900116939051 
2.8528631250774 -15.1649440523074 2.93995959958525 14.2524333333841 2.95717485444954 22.6080074404171 3.82697485749469 -0.0771754043536146 22.3340620832211 -3.41742904289506 -5.62973323617118 -0.667015781936709 1.51706056500183 0.557846121330674 0.860422585560206 -0.794128951562628 0.867401597927046 1.78570482816813 1.31061227878119 0.331607856234353 -0.555537694387854 4.51637977013196 -17.6228249814468 -16.539486076934 0 -21.5882046992836 17.6326684363338 17.3993106021543 0 -21.8937005505402 14.8171766717998 -0.874160631966852 0.0310912653948605 0 2.26721421987154 -0.404981171402606 1.46405320403355 -1.70862130471907 0.855582403072893 -0.928333118198595 0.48456446357284 
1.57142565333233 -9.6165230449366 4.13332802117026 0 -2.67812249161216 0 3.84524594240135 17.1200772424788 9.48171761707948 0.617433711987656 14.3290552097974 0.497960850423184 1.57499776318902 -0.550279709692243 0.586827653109481 0.495501579947538 0 -0.318329133539614 1.27771223947765 -0.263169920194508 0.594697144159441 4.51637977013196 -1.4152920174018 0.546975062460161 -13.5787592957163 -10.9755391669113 20.4858299084407 14.7004012740452 16.2473004009562 7.65148613958223 5.20655095102571 -0.874160631966852 -0.515913718028885 -1.13189037139616 0.741418831498091 -1.80376627782535 2.16036358673142 -1.70862130471907 0.417506059793525 0.627150817041821 0.421053572102009 
0 -7.96469454465653 5.75512571609818 14.2524333333841 3.39300922252844 17.7051188946725 2.82187173304701 -0.0771754043536146 22.3340620832211 -3.14911976759281 14.3290552097974 -0.215791586579658 0.75899016615422 0.557846121330674 1.48790800912208 0.366502849043581 0.79409043040317 1.78570482816813 1.31061227878119 1.3106932861268 0.962441256419961 0 -1.87978522269045 0 0 -21.5882046992836 17.6326684363338 19.4777762421769 19.3847518097305 2.80304112206355 9.71817587954838 1.54672771768026 -0.23258512202305 -0.667678957184627 0 -0.404981171402606 1.46405320403355 -1.46783191220268 0.581065051635292 0.176467678168075 0.892010547636082 
1.57142565333233 -9.6165230449366 5.75512571609818 3.23005655930846 0 9.27179465944497 2.82187173304701 -0.0771754043536146 18.1124276659044 2.84413004202961 12.1445830739777 0.595608745978963 1.22586633286246 1.20186968389986 0.860422585560206 0 0.79409043040317 1.78570482816813 1.32666692572025 0.88817023583137 1.02763989435399 4.52168711396944 -1.87978522269045 5.43270056668329 0 -21.5882046992836 0 17.3993106021543 0 7.65148613958223 12.1851239914937 -1.31971142822863 -0.23258512202305 -0.230153424074013 1.52201228954923 -0.672353881924578 -1.81739824908664 -1.70862130471907 0.855582403072893 0.600178320845672 0.892010547636082 
2.56650670918409 -15.2940305732628 2.13387962721003 14.2524333333841 0 17.7051188946725 3.82697485749469 -0.0771754043536146 22.3340620832211 0 1.89087667804718 -0.888175080697134 0 0.557846121330674 0.860422585560206 0.366502849043581 0.867401597927046 1.78570482816813 1.31061227878119 1.456729500078 0.0866061290989659 5.75275976979302 4.6504164511107 1.07730470631612 0 -21.5882046992836 17.6326684363338 17.3993106021543 10.0467394912833 -19.3184636123099 17.4242149374561 -1.56055925090823 0.22454664782367 -1.02926456650685 0 -0.672353881924578 1.46405320403355 -1.70862130471907 -0.00272511171769591 -0.921976396204893 -0.509900116939051 
