100
10
2.57109798855871 -9.6165230449366 3.94357362014408 0 0 0 3.84524594240135 19.0058825253536 0 0 14.3290552097974 0.595608745978963 0 0 0.860422585560206 0.495501579947538 0 0 -0.263255857053798 0 0.594697144159441 4.51637977013196 13.8948257145913 0 -13.1164008998854 10.4952098105546 0 13.0460968488111 16.1367461253594 7.65148613958223 0 -0.874160631966852 0 -0.667678957184627 0 0 -1.81739824908664 -1.54860505999467 0 0 -0.044609132243604 
2.57109798855871 -9.6165230449366 3.94357362014408 0 0 0 3.84524594240135 19.0058825253536 0 0 14.3290552097974 0.595608745978963 0 0 0.860422585560206 0.495501579947538 0 0 -0.263255857053798 0 0.594697144159441 4.51637977013196 13.8948257145913 0 -13.1164008998854 10.4952098105546 0 13.0460968488111 16.1367461253594 7.65148613958223 0 -0.874160631966852 0 -0.667678957184627 0 0 -1.81739824908664 -1.54860505999467 0 0 -0.044609132243604 
2.56988634506748 -15.1649440523074 0 3.97482614218016 7.54104370602455 17.3482750343849 15.0788702420326 -0.0771754043536146 18.1124276659044 0 -4.84609227548171 -0.667015781936709 0 0 0 0 0.092221798418193 1.78570482816813 1.32666692572025 1.55277195365763 -0.555537694387854 -7.97975425980042 0 -13.8402736158298 10.6418154251956 -12.5584815221645 0 -2.05287800014619 0 -1.55922105608472 12.1851239914937 0 0 0.41138055101567 0 -1.64466012438976 -1.0288879233547 -1.9524874333071 0.249457139638 0.031732575051362 0.892010547636082 
2.49692468418257 0 0 0 -12.4665150364938 2.62789748731437 -4.74278559197801 -16.7346931792492 13.8610990410024 16.8580064814808 2.48799035907164 0 0 -1.74925549502916 1.02557531233205 0 1.64170756174331 0.366769787094914 0 0 1.73062504908565 -5.29501771800919 -17.7299109090725 4.4710669780481 0 14.9860957893478 -11.6971095985254 19.4777762421769 0 14.260890741954 -9.67114824320709 -1.49015409289401 0 -0.676888563985419 0.564293215244214 0 -0.462183201900769 -1.46783191220268 0 1.74054222448754 -0.938443573628759 
0.748595936178965 17.2969402825911 -0.24496794689678 7.73557021968792 0 14.5686138768534 -9.85824882511899 0 -8.43781127987328 -19.3594054967907 0 0 0 0.96672122371696 1.91099939398048 -0.59964300161211 0 1.04267997156953 0 0 0.123702540119971 13.5030781913097 -6.20102287558886 -9.14201912553609 0.50793375843574 0 -11.1682280018778 7.9804703257887 2.9511073152307 6.52096737479836 -16.570451835436 0.605855025633171 1.23044581302928 -0.321479705484342 0.609546169922476 0 0 1.08095965212256 -1.32258408485101 0 0.70701173912129 
2.36431119505926 -15.1649440523074 -12.6065675134801 0 16.8561923023575 17.3482750343849 5.79528363691423 -0.884963926339971 18.1124276659044 0 0 -0.667015781936709 0 1.47072999340982 0.534682059909535 0 -0.277401111306344 1.51713979221747 1.32666692572025 -0.263169920194508 -1.3195076367443 0 0 -13.8402736158298 10.6418154251956 -17.8338807159261 -12.6087386163225 16.0251126879943 0 -1.55922105608472 9.71817587954838 0 0 0.41138055101567 0 0 0 2.76376695826825 0.249457139638 0.031732575051362 0.892010547636082 
1.57142565333233 0 -10.4684990693203 19.0996843013445 -17.8455007904421 -8.55896838873577 0 0 0 0 0 0 0.536595723841617 -0.210185076473367 1.59412206876749 1.78139255278809 -1.1800882868376 0 -0.263255857053798 0 -1.91035171407757 -10.5398833335097 8.17426628813812 -3.84543605327859 -8.67599343353696 -6.55867586217759 12.2307142113478 -10.2448234754823 16.1367461253594 0 0 1.52448077663988 0 -1.90735403723426 0 0.518661023359122 -1.40987321520684 1.72971108077546 0 -0.462485380686114 0 
1.57142565333233 -18.5065390535195 17.0452139699111 18.9925056225585 0 0 15.0788702420326 -7.82775693937566 -13.2427075660055 0 -19.2743971754212 1.50191845907919 -1.13939879422048 0 0 0.495501579947538 0.092221798418193 1.98367159906014 0 0 -0.473343413543582 -5.11219762792448 0 -14.5943358422231 0 10.4952098105546 -5.29580354937157 0 0 -12.316610437034 15.1969395462409 -0.245677335078678 0 0 0 0 0.324687051738001 0 0.792212276157091 1.61979038250623 0 
1.57142565333233 7.09937914605224 -1.37710145738772 3.23005655930846 17.4451060860628 0 4.15735367879148 2.77723446617705 0 -0.721922981376724 0 -1.43106898173274 1.48228125156941 1.20186968389986 1.76842868596708 -0.812091006344227 1.10723076253535 -0.0900088604958769 -1.27025979537063 -1.79228180357827 -0.477513038775657 0 -16.9134174366078 -14.65422294785 -19.8002807701939 9.62414941267304 -2.94343250009391 0 0 6.44624838069838 13.5468737937263 1.97945172897515 0 -1.93143748395678 0 1.09351984276135 -1.13865786098813 -0.699646122753455 0.249457139638 0 0 
1.57142565333233 17.2969402825911 0 15.6851160692447 17.4451060860628 0 -9.85824882511899 0 0 -19.3594054967907 -4.75414227915655 0 0 1.68346783317787 1.11915983826349 0 0 1.04267997156953 0 0 0 -17.9936584914074 0 -16.539486076934 3.78976121721312 13.0024174940784 -8.43019170147841 0 2.9511073152307 0 3.61207955685075 -1.77381643269854 -0.464818962134802 0 0.138221178449793 1.06894400299943 0 0 -1.32258408485101 0 0.0347239384589363 
1.57142565333233 7.09937914605224 2.21225394297496 17.0548388720745 0 0 -19.4188481194055 0 -13.3775255146332 -0.474603653314805 -4.75414227915655 -1.95971893718919 -0.490053853415909 -0.750603255234008 -1.45428966332892 0.361514742654522 0 -0.813948322466551 -1.5158906315993 0 0 -12.4947656469861 -16.9134174366078 0 -19.8002807701939 -8.63045647210928 -11.3574449864018 0 0 2.7954618366414 0 1.62543303874574 0 1.50723698619159 0 1.09831227599565 0 1.44560278740041 0.792212276157091 0 -0.044609132243604 
0.748595936178965 0 -1.65069592280811 7.13468860235749 -3.13445302803742 0 1.96944543401219 6.52057687124264 -13.3775255146332 1.71811433588998 0.631210145275672 0 0 -0.0655310107700205 0 -0.812091006344227 0.863103245409719 1.01030189684141 -1.5158906315993 -1.17557673862929 -0.468302361885227 0 6.24389083415451 -13.1234265738742 0 13.0024174940784 -1.18775288948685 0 0 0 15.188975432999 0 0 0 -1.34385550736629 1.06894400299943 1.77396991315483 1.44560278740041 0 0 -0.0723366123029667 
1.57142565333233 -19.8062348923675 17.0452139699111 5.91511163204681 0 0 2.44386011848406 0 0 -12.7061459015618 -19.2743971754212 -0.696059548620162 -1.13939879422048 -0.389709701943076 0 0 -1.96145468529382 0 -0.584983382646452 -0.640163976065891 -0.473343413543582 -10.5398833335097 10.7707056343419 2.08576260231704 0 -6.55867586217759 0.0782188587254935 0 0 -12.316610437034 15.1969395462409 1.52448077663988 -0.112716428247614 0 0.825355878484135 0.518661023359122 -0.532287718044728 0 -1.39772556507854 1.61979038250623 0 
1.57142565333233 0.459033761247543 0 19.0996843013445 -15.5308212784728 -13.9419613843513 0 -16.1343217064321 -13.7885556800703 0 19.275890085509 -0.373057567264446 0 0 -0.0134386774354794 -1.18608774765678 1.01342390617981 1.42770609139824 -1.89490356850201 0 0.958012091442017 -19.5178733018776 0.0677719060647171 0 5.4091972417241 0 12.204178325927 -2.19771960852562 0 0 14.5378714867578 0.666013583161874 0 -0.30580772753144 0 0 -1.44416876204506 1.24730596376923 0.545021977305888 -0.462485380686114 -0.85473623539076 
1.57142565333233 -15.1649440523074 0 3.97482614218016 6.48363125812431 19.9443869199112 15.0788702420326 -0.0771754043536146 0 0 -4.84609227548171 -0.667015781936709 0 0 0 0.465383627799053 0.092221798418193 1.78570482816813 -1.31417429415238 1.55277195365763 -0.555537694387854 -7.97975425980042 0 -13.8402736158298 0 17.2215254379071 0 19.4777762421769 0 0 12.7464825626213 0 0 0.41138055101567 0 -0.351307302350787 -1.0288879233547 -1.46783191220268 0.249457139638 0 -1.16060079408838 
1.57142565333233 -11.5187464510178 0 0 -3.13445302803742 -9.84964745577874 0 0 0 -10.5558788701919 0 0.501176835960325 1.17778377755442 -1.71875939132588 0 0 1.20801857263223 0 -0.263255857053798 -0.640163976065891 -0.468302361885227 -16.7730637782128 6.24389083415451 -17.0475366884133 0 9.62414941267304 0 13.0460968488111 16.1367461253594 3.7903489551462 14.6396884576602 1.89874144224391 0 -1.65560474230703 -1.34385550736629 1.09351984276135 0.584778882835423 -1.54860505999467 0 0 0 
1.57142565333233 -9.6165230449366 -1.37710145738772 -9.1407495872773 -15.5308212784728 -7.772404499246 15.0788702420326 2.76606076074115 0 0 0 0.595608745978963 1.48228125156941 0.601241291314942 -0.0134386774354794 0.393303346071999 0.092221798418193 0.354796005829608 -0.263255857053798 0 0 -7.97975425980042 0.0677719060647171 0 5.4091972417241 0 12.204178325927 16.9700842801808 16.1367461253594 -18.8818193501243 0 0 0 -0.30580772753144 0 0 -1.44416876204506 -0.62896793979172 0 0 -0.044609132243604 
1.57142565333233 -13.5290097197653 0 3.97482614218016 14.9720461922568 4.29867561175426 0 -0.0771754043536146 18.1124276659044 0 -4.84609227548171 -0.81952367808182 0 0 -0.992810893334826 1.97938650286728 0 1.78570482816813 1.32666692572025 1.55277195365763 -0.555537694387854 1.97082003723868 -10.0607482111364 14.1446062802079 10.6418154251956 -12.5584815221645 17.6326684363338 -2.05287800014619 0 -1.55922105608472 0 1.48042170990278 -1.00884031644503 0 0 -1.64466012438976 1.46405320403355 -1.9524874333071 0.249457139638 0.031732575051362 0 
1.57142565333233 0 -10.9704006048713 -8.55682962972523 -16.9130443068748 0 -7.64124319250288 2.01416446921144 6.05411009213613 0 8.67476599687932 1.67831776462417 1.93775742311858 -1.05863183972362 0.422197433385159 -0.0340225771227957 -0.527438999399282 -0.876975858061097 0.286481964535304 -1.50088981795166 -0.916600233803783 2.06069877457838 0 -13.4413036394125 8.11114053386782 5.29441916630343 -3.24917974208909 0 1.13631875307128 3.87897992687252 0.260916956612336 -2.53179981402671 0 0.500489259371762 0.566886543094593 0 -0.366670587187014 -1.0613520290057 0 0 0.484981212990815 
1.57142565333233 0 -4.79095909636978 -8.55682962972523 0 0 -17.5041534390786 2.01416446921144 -13.2427075660055 -5.83852268095991 5.98353707510211 2.30681140380763 -2.31560287826024 -1.05863183972362 -1.64505172131818 -0.0340225771227957 -2.47747474325703 -1.05234741953777 0 -1.95520586425215 0 -16.644828103783 2.21273568645713 -7.55176784822334 10.5281553932131 0 0 14.5926182641613 -3.05914677821991 -12.8920902837497 11.1808512598187 0 0.448258783751288 0.475332658027919 0.499858509050616 0 0 0 1.89902076492972 0.0489701861743676 0 
1.57142565333233 0 0 -21.728738415534 -16.1587824840838 -8.0294700842488 9.41117128795533 -13.8822348061401 5.52340041171918 -17.055518849313 0 0.204417097477437 -0.365083544610573 1.10923002863733 -0.108894742056213 1.78949920916441 1.31065537562159 0.237387108261412 -1.04755112763846 0 -1.91035171407757 0 10.2021447916292 8.36626113781997 -16.5644057730978 8.06639671701305 0 -10.2448234754823 2.72583791181717 -17.3967204323955 0 0 -1.65873090627544 -0.43053485778651 -1.89358647721521 -0.00812134147068548 -1.34377650047828 1.72971108077546 -0.717113045378175 1.46104832434144 0 
1.57142565333233 3.69465236724105 15.7029531876105 -10.3638491455297 0 4.29867561175426 0 0 -16.1604769230636 -11.9831124917525 0 0 0 0 0 1.97938650286728 1.01342390617981 0 0 -0.27368127831895 -0.628737155640841 -19.5178733018776 0.0677719060647171 0 5.4091972417241 -18.7414049910109 20.4858299084407 4.87944621819977 -11.2333667423732 -13.9225590457081 0 0 0 -1.43275224391034 0 0.0703606859223734 2.16036358673142 0 0 0.54127276433691 1.19067444707764 
1.57142565333233 0 0.538538526994427 13.3577925814585 13.434979332278 -2.47382765616003 0 2.77723446617705 -13.3775255146332 0 -4.75414227915655 0 0 -0.750603255234008 2.32783074833352 0.407039728214517 0 -0.0900088604958769 -1.5158906315993 -1.79228180357827 0 0 -16.9134174366078 7.7265433630564 -19.8002807701939 15.718997639799 -2.94343250009391 0 1.03424918886006 2.7954618366414 13.5468737937263 1.97945172897515 0 -1.50750137935742 0 0.368912837034516 -1.13865786098813 1.44560278740041 0 0 0 
1.57142565333233 -15.514817505849 0 15.6851160692447 17.2437094791065 11.0030013653464 0 0.633055519444428 3.70135965542931 0.367673253811744 -0.307288114124578 0 0 1.68346783317787 -0.556065117267922 0 0 2.07029236710644 0.821299720937991 0.350191515279092 -0.889872159291931 17.0922148214151 0 -16.539486076934 -17.7115514211876 -0.229985965522931 -8.43019170147841 4.74327190655436 7.56164688105306 0.287984607409679 3.61207955685075 0 -0.464818962134802 0 -1.52048759140097 0 0 -0.715566599767453 0.45417964680315 0.721789859105735 0.0347239384589363 
1.5707963267949 -12.0308381933863 1.97425624640857 5.91511163204681 -17.8455007904421 -13.9419613843513 2.44386011848406 0 0 10.3736898114317 -14.2017478096307 -0.536488295782585 -0.155202636837588 -0.389709701943076 1.59412206876749 -1.18608774765678 -1.96145468529382 0 -0.584983382646452 1.36826732259629 0.26036008079553 -10.5398833335097 10.7707056343419 2.08576260231704 0 -6.55867586217759 0.0782188587254935 0 0 0 -4.72408519448903 1.52448077663988 0.561940074754851 0 0.825355878484135 0.518661023359122 -0.532287718044728 0 -1.39772556507854 -0.769626052863722 0.438307766326846 
1.57142565333233 0 15.7029531876105 -10.3638491455297 14.9720461922568 4.29867561175426 0 0 -16.1604769230636 -12.5359003024809 0 0 0 -0.12195465317087 -0.992810893334826 1.97938650286728 0 -0.939097410961565 0 0.644045354167021 0 0 -10.0607482111364 14.1446062802079 -17.7115514211876 -0.229985965522931 17.6326684363338 2.55882491528002 -11.2333667423732 -12.7090003307485 0 1.17204904703984 -1.00884031644503 0.127864720950771 -1.52048759140097 0 1.46405320403355 0 0 -1.68702162144567 0 
1.57142565333233 0 0 3.89324100422358 17.2437094791065 11.0030013653464 0 0 -16.1604769230636 0.367673253811744 0 0 0 0 -0.556065117267922 0 0 0 0 0.247750077511999 0 0 0 -0.782930427199663 -17.7115514211876 -6.55867586217759 17.6326684363338 4.74327190655436 3.99048991687153 0 -0.154038202089275 0.755955041738206 -0.464818962134802 0.294641184999906 -1.52048759140097 0.518661023359122 1.46405320403355 -0.715566599767453 0 -0.462485380686114 0 
1.57142565333233 -8.81016282774981 0 19.0996843013445 -17.8455007904421 -13.9419613843513 0 -3.07990086105648 0 5.85671568562124 -14.2017478096307 0.88316143345235 0 0 1.59412206876749 -1.18608774765678 -1.1800882868376 0.892774153534683 -1.86206353088937 1.36826732259629 -0.821893001395228 -10.5398833335097 8.17426628813812 -3.84543605327859 0 -6.55867586217759 12.2307142113478 -4.58837764104287 -1.73541534181471 0 10.3336535791092 1.52448077663988 0 -1.90735403723426 -0.415124763927946 0.518661023359122 -1.40987321520684 1.24730596376923 -1.39772556507854 -0.462485380686114 -0.167880517038461 
1.57142565333233 0 -4.79095909636978 -9.1407495872773 -15.5308212784728 7.55045987085926 13.1897675586817 -19.311204115749 0 -5.83852268095991 19.275890085509 1.67831776462417 -2.31560287826024 0.601241291314942 -0.811212569852924 0 1.38840187685024 1.42770609139824 -1.27025979537063 -1.95520586425215 0.958012091442017 5.5775486145064 16.8016952913262 -7.55176784822334 -15.3847301357355 0 12.204178325927 9.97510809887904 -3.05914677821991 -12.8920902837497 11.1808512598187 0 0.73103691112764 0.475332658027919 1.49503452866107 0 -1.44416876204506 0.336647271987352 1.89902076492972 0.0489701861743676 0 
1.57142565333233 -15.1649440523074 -1.37710145738772 0 7.54104370602455 17.3482750343849 15.0788702420326 -12.2663846762229 13.8610990410024 0 0 -0.667015781936709 1.48228125156941 0 0 0 0.092221798418193 0 0 1.55277195365763 -1.1681418461763 -5.29501771800919 0 4.4710669780481 0 -15.1671222109194 0 19.4777762421769 0 -18.8818193501243 0.0928685535177908 -1.49015409289401 0 -0.676888563985419 0 1.62565194332304 0 -1.46783191220268 0.792212276157091 -0.828458802899559 -0.729451707978478 
1.57142565333233 7.09937914605224 -1.37710145738772 -9.1407495872773 -15.5308212784728 16.4593546821081 0 -11.2389959726664 0 0 19.4310966718388 -1.43106898173274 1.48228125156941 0.601241291314942 -0.0134386774354794 -0.139489319240437 -0.367440475322046 0.572312833076489 -1.27025979537063 0 0.261072599986136 5.5775486145064 16.8016952913262 0 -15.3847301357355 0 12.204178325927 0 0 -7.6634243725163 0 0 0.73103691112764 0 1.4886629987269 1.64780915139607 -1.44416876204506 -0.110677490062396 0 0 0.998112815897033 
1.57142565333233 0 0 18.9925056225585 -11.9520861431733 0 0 0 0 -12.7061459015618 -9.64067697973953 0 1.17778377755442 -0.495434046487992 -1.21687125098746 0.361514742654522 1.13675711356884 -0.813948322466551 -0.263255857053798 -0.640163976065891 0.703530013888856 -12.4947656469861 -16.9134174366078 -17.0475366884133 -19.8002807701939 -0.275964755693434 -11.3574449864018 13.0460968488111 1.03424918886006 2.7954618366414 0 1.62543303874574 0 -1.65560474230703 0 0 0 -1.54860505999467 0 0 -0.044609132243604 
0.748595936178965 -15.1649440523074 0 -10.3638491455297 7.54104370602455 17.3482750343849 15.0788702420326 -0.884963926339971 -16.1604769230636 7.56782445477686 -4.84609227548171 -0.667015781936709 0 0.730224724663526 0 0 0.092221798418193 1.51713979221747 0 1.3042757871115 -0.555537694387854 -7.97975425980042 0 -3.47528499116902 10.6418154251956 -0.229985965522931 17.6326684363338 0 0 -12.7090003307485 0 0 0 1.81200807509106 0 0 1.46405320403355 -1.9524874333071 0.249457139638 -1.2192026149571 1.19067444707764 
1.57142565333233 0 0 2.64758282464351 0 -19.2019175920644 0 0 -0.351844448760079 -8.54958560715876 -14.2017478096307 1.9709476092695 0 0 -1.18812326862855 0 1.01342390617981 -1.25123016461322 -0.540700045666052 0.692188950577839 0 -19.5178733018776 0.0677719060647171 -17.0475366884133 5.4091972417241 -6.55867586217759 -11.2976251781441 -2.03225586949021 -15.2866566345499 0 17.4242149374561 0 0 -1.65560474230703 0 0.518661023359122 0.594007693507712 0 0 0 0 
1.57142565333233 7.09937914605224 -1.37710145738772 3.23005655930846 0 2.2543476992307 -8.92065639091686 2.39938522849669 0 0.645875335040444 0 -1.43106898173274 1.48228125156941 1.20186968389986 -1.18812326862855 0.135886409839562 -1.69916298319547 2.03124139159976 -1.27025979537063 0 -0.477513038775657 -0.175418891094354 2.93969178709187 -14.65422294785 0 3.34343351998526 12.204178325927 -6.44157256299703 -15.2866566345499 -1.55922105608472 17.4242149374561 0 0 -1.93143748395678 -0.368162372320966 -0.975629702352746 -1.44416876204506 -1.47500940853497 0 0.031732575051362 0 
1.57142565333233 -15.1649440523074 -3.60599176194798 3.97482614218016 6.48363125812431 0 15.0788702420326 3.97462257483258 -13.3775255146332 0 -4.75414227915655 -0.667015781936709 0 0 0 0 0.092221798418193 1.21177622748622 -1.5158906315993 1.55277195365763 0 -17.9936584914074 0.00863527879521031 4.4710669780481 0 13.0024174940784 2.28200829694141 2.01234860099496 0 0 12.7464825626213 -1.77381643269854 1.82786254390509 -0.676888563985419 0 1.06894400299943 1.24938009830629 1.48716670278794 0 0 -1.16060079408838 
1.57142565333233 0 0 7.13468860235749 0 0 3.09838362091611 12.7032875608202 0 5.85671568562124 0 0 0 -0.0655310107700205 0 -1.35148547093919 1.20801857263223 0 1.91856534961544 1.36826732259629 -0.628737155640841 0 6.24389083415451 0 0 9.62414941267304 0 0 18.714143437666 -8.79713112898037 15.188975432999 0 0 0 -1.34385550736629 1.09351984276135 0 1.46843379524929 0.898857128293653 -0.227854187706417 -0.0723366123029667 
1.57142565333233 -11.5187464510178 5.98707973304534 18.9925056225585 -17.8455007904421 -9.84964745577874 0 0 0 -8.49483120611162 -14.2017478096307 0.501176835960325 0.446507904886505 -0.495434046487992 1.59412206876749 0 1.13675711356884 -0.813948322466551 -0.584983382646452 0.265541927486445 0 -16.7730637782128 0.0677719060647171 2.08576260231704 -4.13639658323321 -6.55867586217759 0 13.0460968488111 0 3.81521444745139 0 1.89874144224391 0 0 -0.943802413038817 0.518661023359122 0.584778882835423 -1.54860505999467 0 -1.21426107541391 -0.044609132243604 
1.57142565333233 0 13.7953941122607 0 -13.7896853095105 -18.7380937294746 0 0 7.17129616400753 -8.54958560715876 0 0 -0.0897939894766519 1.61532027256457 -1.72001939148177 -0.880340076461593 1.01342390617981 0 1.27771223947765 0.692188950577839 -1.91035171407757 4.60495982533552 0.0677719060647171 12.9347387202711 -13.1468585010138 -18.7414049910109 -11.2976251781441 -2.19771960852562 0 -16.6357951316218 0 1.38787825097697 0 0 0 0.918205051179139 0.594007693507712 1.24730596376923 0 -1.10906455717472 0 
1.57142565333233 0 0 3.97482614218016 -0.308565901433381 0 0 -0.884963926339971 0 -8.54958560715876 0 0 0 0 0.860422585560206 0.495501579947538 1.01342390617981 1.51713979221747 -0.263255857053798 0.692188950577839 -0.628737155640841 -7.97975425980042 0 0 -11.2124111183045 -18.7414049910109 -11.2976251781441 -13.2188631376339 0 7.65148613958223 0 0 0 -1.43275224391034 1.21780380218188 0.0703606859223734 0.594007693507712 0.00617582816918186 0 0 -0.044609132243604 
1.57142565333233 10.0168978096996 5.98707973304534 -16.7150853931508 0 19.3391693194114 0 -9.2133280677783 1.66756742711531 -3.13573883410345 0 0 0.446507904886505 1.46615170895408 0 1.7545530711089 0.920083173979113 1.41693056720166 -0.889834274211821 -0.566749644496827 -0.628737155640841 0 0 3.98261815960641 0 9.39001620253083 0 -10.7212407750642 2.24291701248983 -4.41047866102796 -17.6649725985085 0 0 -1.74142211989566 0 0.18449743659445 -0.319856071993642 0 1.42783027301907 -1.72215718297388 0 
1.57142565333233 -8.81016282774981 3.94357362014408 19.0996843013445 -11.9520861431733 -17.07920405901 0 0 -6.29895993042689 0 14.3290552097974 0.88316143345235 0 0 -1.21687125098746 -0.965211463419353 1.13675711356884 -0.652485858952853 0 0 0.594697144159441 18.9155071316825 -13.0122407213842 -3.84543605327859 0 -6.55867586217759 12.2307142113478 0 16.1367461253594 0 -3.57591903003674 0.52622613614715 0.767198844238743 -1.90735403723426 -0.415124763927946 0.0477245935833662 -1.40987321520684 1.54329143908959 0 -0.462485380686114 0 
1.57142565333233 -8.81016282774981 0 19.0996843013445 -17.8455007904421 -13.9419613843513 0 0 7.17129616400753 -20.8620359485559 -14.2017478096307 0.88316143345235 0 0 1.59412206876749 -1.18608774765678 -1.1800882868376 0 1.27771223947765 0 0 -10.5398833335097 0 -3.84543605327859 0 -6.55867586217759 12.2307142113478 -10.2448234754823 -1.73541534181471 -15.9160807420109 14.5378714867578 1.52448077663988 0.678537828232412 -1.90735403723426 -0.415124763927946 0.518661023359122 -1.40987321520684 1.72971108077546 -1.39772556507854 1.46416145072512 -0.85473623539076 
1.57142565333233 0 -3.40227012662323 3.97482614218016 0 0 15.0788702420326 -0.884963926339971 0 2.52477385426162 0 0 -0.106277667510453 0 0.860422585560206 0.495501579947538 0.092221798418193 1.51713979221747 -0.263255857053798 0.465078023478891 0 -7.97975425980042 -1.79895369247485 -13.8402736158298 -11.2124111183045 0 0 13.0460968488111 16.1367461253594 7.65148613958223 0 0 0.123995967416091 0.41138055101567 0.897129770786096 1.64780915139607 -1.81739824908664 -1.54860505999467 0 -0.144073570125771 -0.044609132243604 
1.57142565333233 0 18.5357060742265 7.13468860235749 -4.16496046691433 0 2.69114317267255 12.7032875608202 0 1.71811433588998 0.631210145275672 0 0 -0.0655310107700205 0 -0.812091006344227 1.87924654331023 0 1.91856534961544 -1.17557673862929 -0.468302361885227 0 6.24389083415451 -13.1234265738742 1.37627935338592 9.62414941267304 1.82407314843688 0 0 -8.79713112898037 15.188975432999 0 0 0 -2.28973030265874 1.09351984276135 -0.143826369421476 1.46843379524929 0 -0.227854187706417 -0.0723366123029667 
1.57142565333233 -15.1649440523074 2.13387962721003 3.97482614218016 7.54104370602455 17.3482750343849 15.0788702420326 -16.7346931792492 13.8610990410024 0 6.93394487115273 -0.667015781936709 0 0 0.193204499666209 0 0.092221798418193 0.366769787094914 0 1.55277195365763 1.73062504908565 -5.29501771800919 0 4.4710669780481 0 14.9860957893478 0 19.4777762421769 0 19.160583510022 9.71817587954838 -1.49015409289401 0.430063707549155 -0.676888563985419 2.26721421987154 0 -1.0288879233547 -1.46783191220268 0 1.74054222448754 0.892010547636082 
1.57142565333233 -9.6165230449366 -2.3265148733866 3.97482614218016 0 0 15.0788702420326 -0.884963926339971 0 0 0 0.595608745978963 -0.510182406255129 0 0.860422585560206 0.495501579947538 0.092221798418193 0.678453534226144 -0.263255857053798 0 0 -7.97975425980042 5.10241917839852 -13.8402736158298 10.6418154251956 10.4952098105546 0 16.9700842801808 16.1367461253594 7.65148613958223 0 0 -0.00897023457985847 0.41138055101567 0 0 -1.81739824908664 -0.62896793979172 0 0 -0.044609132243604 
0 -15.1649440523074 18.5357060742265 0 16.8561923023575 17.3482750343849 0 12.7032875608202 -4.33604329816813 0 0 -0.667015781936709 0 1.47072999340982 0.534682059909535 0 1.20801857263223 0 1.31340216729017 -0.263169920194508 -1.3195076367443 0 6.24389083415451 -13.8402736158298 0 9.62414941267304 -16.2218149454434 0 0 -8.79713112898037 9.71817587954838 0 0 0.41138055101567 -1.34385550736629 1.09351984276135 0 1.46843379524929 0 -0.227854187706417 0.892010547636082 
1.57142565333233 7.09937914605224 5.78293021297219 0 -17.8455007904421 -13.9419613843513 2.44386011848406 0 0 0 -14.2017478096307 -1.43106898173274 -0.155202636837588 0 1.59412206876749 -1.18608774765678 -1.96145468529382 0 -1.27025979537063 0.14589676267742 0 -19.1064242735069 -7.80798259603697 2.08576260231704 0 -6.55867586217759 0 0 0 0 0.0928685535177908 1.91697638571122 0.161063560359675 0 0 0.518661023359122 0.925574626273277 0 0.160673894062952 -0.462485380686114 -0.780791532611843 
1.57142565333233 -19.8062348923675 17.0452139699111 18.9925056225585 0 0 -20.4788116078027 -7.82775693937566 13.0612709899718 -12.7061459015618 -23.5512725750689 -0.696059548620162 -1.13939879422048 0 0 -0.826123000386228 0 1.98367159906014 0 -0.640163976065891 -0.0967434199558307 -17.1952333847039 0.00863527879521031 -14.5943358422231 0 -5.04572215953177 -5.0983895850826 0 0 -12.316610437034 15.1969395462409 1.46314108905529 1.82786254390509 0 0 -0.932824075227987 -0.839068591054095 0 0.792212276157091 1.61979038250623 0 
1.57142565333233 -9.6165230449366 3.94357362014408 0 0 0 3.84524594240135 0 -0.351844448760079 -8.54958560715876 14.3290552097974 0.595608745978963 0 0 -1.18812326862855 0.495501579947538 0 -0.813948322466551 -0.540700045666052 0.692188950577839 0.594697144159441 -19.5178733018776 13.8948257145913 -17.0475366884133 -13.1164008998854 10.4952098105546 -11.2976251781441 13.0460968488111 16.1367461253594 0 17.4242149374561 0 0 -1.65560474230703 0 0 0.594007693507712 -1.54860505999467 0 0 0 
1.57142565333233 -15.1649440523074 3.94357362014408 0 0 4.29867561175426 0 19.0058825253536 0 0 -4.84609227548171 -0.667015781936709 0 0 0.860422585560206 1.97938650286728 0 0 -0.263255857053798 1.55277195365763 -0.555537694387854 4.51637977013196 13.8948257145913 14.1446062802079 -13.1164008998854 10.4952098105546 17.6326684363338 -2.05287800014619 16.1367461253594 -1.55922105608472 0 -0.874160631966852 0 0 0 0 1.46405320403355 -1.9524874333071 0 0.031732575051362 0 
2.56988634506748 -15.1649440523074 0 3.97482614218016 7.54104370602455 17.3482750343849 15.0788702420326 -0.0771754043536146 18.1124276659044 0 -4.84609227548171 -0.667015781936709 0 0 0 0 0.092221798418193 1.78570482816813 1.32666692572025 1.55277195365763 -0.555537694387854 -7.97975425980042 0 -13.8402736158298 10.6418154251956 -12.5584815221645 0 -2.05287800014619 0 -1.55922105608472 12.1851239914937 0 0 0.41138055101567 0 -1.64466012438976 -1.0288879233547 -1.9524874333071 0.249457139638 0.031732575051362 0.892010547636082 
1.57142565333233 0 0 0 -15.0563635560946 -13.9419613843513 2.44386011848406 -16.7346931792492 13.8610990410024 16.8580064814808 -14.2017478096307 0 0 -1.74925549502916 1.02557531233205 -1.18608774765678 -1.96145468529382 0.366769787094914 0 0 0.26036008079553 -5.29501771800919 -17.7299109090725 2.08576260231704 0 14.9860957893478 0.0782188587254935 19.4777762421769 0 0 -9.67114824320709 -1.49015409289401 0 0 1.41468335381461 0 -0.532287718044728 -1.46783191220268 -1.39772556507854 -0.462485380686114 -0.938443573628759 
0 17.2969402825911 -0.24496794689678 19.0996843013445 -17.8455007904421 -13.9419613843513 -9.85824882511899 -3.07990086105648 0 5.85671568562124 0 0 0 0 1.59412206876749 -1.18608774765678 0 0.892774153534683 -1.86206353088937 1.36826732259629 0.123702540119971 13.5030781913097 8.17426628813812 -5.60238617733232 0.50793375843574 -6.55867586217759 -11.1682280018778 7.9804703257887 2.9511073152307 6.52096737479836 14.5378714867578 0.605855025633171 0 0.309703365112517 0.609546169922476 0.518661023359122 0 1.08095965212256 -1.32258408485101 0 -0.85473623539076 
1.57142565333233 -15.1649440523074 5.98707973304534 18.9925056225585 -17.8455007904421 17.3482750343849 0 -0.884963926339971 0 0 -14.2017478096307 -0.667015781936709 0.446507904886505 -0.495434046487992 1.59412206876749 0 1.13675711356884 1.51713979221747 -0.584983382646452 -0.263169920194508 0 -16.7730637782128 0.0677719060647171 2.08576260231704 -4.13639658323321 -6.55867586217759 -16.2218149454434 13.0460968488111 0 0 9.71817587954838 1.89874144224391 0 0 -0.943802413038817 0.518661023359122 0 -1.54860505999467 0 -0.462485380686114 0.892010547636082 
1.57142565333233 7.09937914605224 -1.37710145738772 19.0996843013445 -17.8455007904421 0 -8.92065639091686 0 0 0 0 -1.43106898173274 1.48228125156941 0 1.59412206876749 -0.812091006344227 -1.69916298319547 0 -0.263255857053798 0 -0.477513038775657 -10.5398833335097 2.93969178709187 -14.65422294785 0 0 12.2307142113478 -6.44157256299703 16.1367461253594 0 0 1.52448077663988 0 -1.93143748395678 -0.368162372320966 -1.15070721001863 -1.40987321520684 -1.47500940853497 0 -0.462485380686114 0 
0 7.09937914605224 -1.37710145738772 -9.1407495872773 -15.5308212784728 0 0 -7.82775693937566 -13.2427075660055 0 19.275890085509 -1.43106898173274 1.48228125156941 0.601241291314942 -0.0134386774354794 0.495501579947538 -0.367440475322046 1.98367159906014 0 0 0.958012091442017 5.5775486145064 16.8016952913262 -14.5943358422231 0 0 -5.29580354937157 0 0 -7.6634243725163 0 0 0.73103691112764 0 0 1.64780915139607 0.324687051738001 -0.110677490062396 0 0 0.998112815897033 
1.57142565333233 0 0 7.13468860235749 0 0 0 12.7032875608202 0 5.85671568562124 0 0 0 -0.0655310107700205 0 -0.812091006344227 1.20801857263223 0 1.91856534961544 1.36826732259629 -0.477513038775657 0 6.24389083415451 -14.65422294785 -19.8002807701939 9.62414941267304 0 0 18.714143437666 -8.79713112898037 15.188975432999 1.97945172897515 0 -1.93143748395678 0 1.09351984276135 0 -0.699646122753455 0.898857128293653 -0.227854187706417 -0.0723366123029667 
0.748595936178965 -11.5187464510178 0 0 17.4451060860628 -9.84964745577874 -9.85824882511899 0 0 -12.7061459015618 -4.75414227915655 0.501176835960325 0 -1.71875939132588 1.76842868596708 0 0 0 -0.263255857053798 -0.640163976065891 0 -16.7730637782128 6.24389083415451 -16.539486076934 0 9.62414941267304 0 0 16.1367461253594 0 3.61207955685075 1.89874144224391 0 0 -1.34385550736629 1.09351984276135 0.584778882835423 0 0 0 0.0347239384589363 
0.748595936178965 7.09937914605224 18.5357060742265 17.0548388720745 0 0 -19.4188481194055 12.7032875608202 -13.3775255146332 0 -4.75414227915655 -1.43106898173274 0 -0.750603255234008 -1.45428966332892 0.361514742654522 0 0 -1.5158906315993 -0.263169920194508 0 -12.4947656469861 -16.9134174366078 0 -19.8002807701939 9.62414941267304 -16.2218149454434 0 0 -8.79713112898037 0 1.62543303874574 0 1.50723698619159 0 1.09351984276135 0 1.46843379524929 0.792212276157091 -0.227854187706417 -0.044609132243604 
1.57142565333233 0 -1.65069592280811 7.13468860235749 -3.13445302803742 -2.47382765616003 0 6.52057687124264 -13.3775255146332 1.71811433588998 -4.75414227915655 0 0 -0.0655310107700205 0 0.407039728214517 0 1.01030189684141 -1.5158906315993 -1.17557673862929 0 0 -16.9134174366078 -13.1234265738742 0 15.718997639799 2.28200829694141 0 1.03424918886006 0 15.188975432999 0 0 0 -1.34385550736629 0.368912837034516 1.24938009830629 1.44560278740041 0 0 -0.0723366123029667 
1.57142565333233 -19.8062348923675 17.0452139699111 -10.3638491455297 0 0 2.44386011848406 0 0 -12.5359003024809 0 -0.696059548620162 -1.13939879422048 0 0 0 -1.96145468529382 0 -0.584983382646452 0.644045354167021 0 0 -10.0607482111364 2.08576260231704 -17.7115514211876 -0.229985965522931 0.0782188587254935 0 0 -12.316610437034 15.1969395462409 1.17204904703984 -1.00884031644503 0 -1.52048759140097 0 -0.532287718044728 0 -1.39772556507854 1.61979038250623 0 
1.57142565333233 7.09937914605224 -1.37710145738772 3.23005655930846 -15.5308212784728 0 -8.92065639091686 -16.1343217064321 0 0 0 -1.43106898173274 1.48228125156941 1.20186968389986 -0.0134386774354794 -0.812091006344227 -1.69916298319547 1.42770609139824 -1.27025979537063 0 -0.477513038775657 -0.175418891094354 2.93969178709187 -14.65422294785 0 0 12.204178325927 -2.19771960852562 -15.2866566345499 0 17.4242149374561 0 0 -1.93143748395678 -0.368162372320966 -1.15070721001863 -1.44416876204506 1.24730596376923 0 -0.462485380686114 0 
1.57142565333233 -15.1649440523074 -3.60599176194798 3.97482614218016 6.48363125812431 17.3482750343849 15.0788702420326 -0.0771754043536146 -13.3775255146332 0 -4.84609227548171 -0.667015781936709 0 0 0 0 0.092221798418193 1.78570482816813 -1.5158906315993 1.55277195365763 -0.555537694387854 -7.97975425980042 0 -13.8402736158298 0 14.9860957893478 0 0 0 0 12.7464825626213 0 0 0.41138055101567 0 0 -1.0288879233547 1.44560278740041 0.249457139638 0 -1.16060079408838 
0 -11.5187464510178 0 7.13468860235749 0 -9.84964745577874 0 12.7032875608202 0 -12.7061459015618 0 0.501176835960325 0 -0.0655310107700205 0 0 1.20801857263223 0 1.91856534961544 -0.640163976065891 -0.468302361885227 0 6.24389083415451 -17.0475366884133 0 9.62414941267304 0 0 18.714143437666 0 14.6396884576602 0 0 -1.65560474230703 -1.34385550736629 1.09351984276135 0.584778882835423 1.46843379524929 0.898857128293653 0 0 
1.57142565333233 -9.6165230449366 -1.37710145738772 15.6851160692447 -15.5308212784728 11.0030013653464 15.0788702420326 -0.884963926339971 0 0 0 0.595608745978963 1.48228125156941 1.68346783317787 -0.0134386774354794 0 0.092221798418193 0.678453534226144 0 0 0 -7.97975425980042 0 0 -17.7115514211876 -0.229985965522931 12.204178325927 16.9700842801808 16.1367461253594 0.287984607409679 3.61207955685075 0 -0.464818962134802 -0.30580772753144 -1.52048759140097 0 -1.44416876204506 -0.62896793979172 0 0.721789859105735 0.0347239384589363 
1.57142565333233 -15.1649440523074 0 3.97482614218016 14.9720461922568 4.29867561175426 15.0788702420326 -12.2663846762229 13.8610990410024 0 -4.84609227548171 -0.667015781936709 0 0 -0.992810893334826 1.97938650286728 0.092221798418193 0 0 1.55277195365763 -0.555537694387854 -5.29501771800919 0 4.4710669780481 0 -12.5584815221645 17.6326684363338 19.4777762421769 0 -18.8818193501243 0 -1.49015409289401 0 -0.676888563985419 0 -1.64466012438976 1.46405320403355 -1.46783191220268 0.249457139638 -0.828458802899559 0 
0 -15.1649440523074 0 -8.55682962972523 -16.9130443068748 0 15.0788702420326 2.01416446921144 6.05411009213613 0 5.98353707510211 -0.667015781936709 0 -1.05863183972362 0.422197433385159 -0.0340225771227957 0.092221798418193 -0.876975858061097 0.286481964535304 -1.50088981795166 0 -5.29501771800919 0 4.4710669780481 8.11114053386782 14.9860957893478 -3.24917974208909 19.4777762421769 0 19.160583510022 -0.595567683035306 -1.49015409289401 0 -0.676888563985419 0.566886543094593 0 -0.366670587187014 -1.46783191220268 0 1.74054222448754 0.484981212990815 
0.748595936178965 0 -4.79095909636978 13.3577925814585 17.4451060860628 -2.47382765616003 0 2.77723446617705 -13.2427075660055 0 5.98353707510211 0 -2.31560287826024 -0.750603255234008 1.76842868596708 0.407039728214517 0 -0.0900088604958769 0 -1.79228180357827 0 -16.644828103783 2.21273568645713 7.7265433630564 10.5281553932131 0 0 0 -3.05914677821991 -12.8920902837497 13.5468737937263 0 0.448258783751288 -1.50750137935742 0.499858509050616 0 0 1.44560278740041 1.89902076492972 0.0489701861743676 0 
1.57142565333233 -9.6165230449366 0 -21.728738415534 0 0 15.0788702420326 -0.884963926339971 5.52340041171918 0 0 0.595608745978963 -0.365083544610573 1.10923002863733 0.860422585560206 0.495501579947538 0.092221798418193 0.678453534226144 -1.04755112763846 0 0 -7.97975425980042 2.4187233949633 8.36626113781997 -16.5644057730978 8.06639671701305 0 -10.2448234754823 16.1367461253594 -17.3967204323955 0 0 0.0620968378251869 -0.43053485778651 -1.89358647721521 -0.00812134147068548 -1.34377650047828 1.72971108077546 0 1.46104832434144 -0.044609132243604 
0.748595936178965 0 15.7029531876105 -8.55682962972523 0 4.29867561175426 0 2.01416446921144 -16.1604769230636 -8.54958560715876 8.67476599687932 1.67831776462417 0 -1.05863183972362 0 1.97938650286728 1.01342390617981 -0.876975858061097 0 0.692188950577839 -0.916600233803783 2.06069877457838 0.0677719060647171 0 5.4091972417241 5.29441916630343 -3.24917974208909 0 -11.2333667423732 -15.5948004385432 0.260916956612336 -2.53179981402671 0 -1.43275224391034 0 0 -0.366670587187014 -1.0613520290057 0 0 0.484981212990815 
1.57142565333233 0 0.538538526994427 13.3577925814585 17.4451060860628 -2.47382765616003 15.0788702420326 2.77723446617705 0 0 -4.75414227915655 0 0 -0.750603255234008 1.76842868596708 0.407039728214517 0.092221798418193 -0.0900088604958769 -0.263255857053798 0 0 0 -16.9134174366078 7.7265433630564 10.6418154251956 10.4952098105546 -2.94343250009391 16.9700842801808 16.1367461253594 2.7954618366414 13.5468737937263 1.97945172897515 0 -1.50750137935742 0 0 -1.13865786098813 -0.62896793979172 0 0 0 
1.57142565333233 -15.514817505849 0 13.3577925814585 17.2437094791065 -2.47382765616003 0 0.633055519444428 -13.3775255146332 0 -4.75414227915655 0 0 -0.750603255234008 -0.556065117267922 0.407039728214517 0 2.07029236710644 -1.5158906315993 -1.79228180357827 0 17.0922148214151 -16.9134174366078 -16.539486076934 -17.7115514211876 15.718997639799 -2.94343250009391 4.74327190655436 3.99048991687153 0.287984607409679 13.5468737937263 0 0 0 -1.52048759140097 0.368912837034516 -1.13865786098813 -0.715566599767453 0 0.721789859105735 0 
1.57142565333233 -12.0308381933863 1.97425624640857 5.91511163204681 -17.8455007904421 -13.9419613843513 2.44386011848406 -3.07990086105648 0 5.85671568562124 -14.2017478096307 -0.536488295782585 -0.155202636837588 -0.389709701943076 1.59412206876749 -1.18608774765678 -1.96145468529382 0.892774153534683 -0.584983382646452 1.36826732259629 0.26036008079553 -10.5398833335097 8.17426628813812 -3.84543605327859 0 -6.55867586217759 0.0782188587254935 0 -1.73541534181471 0 -4.72408519448903 1.52448077663988 0 -1.90735403723426 0.825355878484135 0.518661023359122 -0.532287718044728 0 -1.39772556507854 -0.462485380686114 0.438307766326846 
1.57142565333233 -8.81016282774981 3.94357362014408 -10.3638491455297 -11.9520861431733 -13.9419613843513 0 0 -6.29895993042689 -12.5359003024809 14.3290552097974 0.88316143345235 0 0 -1.21687125098746 -1.18608774765678 1.13675711356884 -0.939097410961565 0 0.644045354167021 0.594697144159441 18.9155071316825 -13.0122407213842 14.1446062802079 -17.7115514211876 -0.229985965522931 12.2307142113478 0 -11.2333667423732 0 -3.57591903003674 0.52622613614715 0.767198844238743 0 -1.52048759140097 0 -1.40987321520684 1.54329143908959 0 -0.462485380686114 0 
1.57142565333233 0 0 19.0996843013445 -17.8455007904421 11.0030013653464 0 0 -16.1604769230636 0 0 0 0 -0.210185076473367 1.59412206876749 0 0 0 0 0 0 -10.5398833335097 0 -3.84543605327859 -17.7115514211876 -6.55867586217759 12.2307142113478 4.74327190655436 16.1367461253594 0 0 1.52448077663988 -0.464818962134802 -1.90735403723426 -1.52048759140097 0.518661023359122 -1.40987321520684 -0.715566599767453 0 -0.462485380686114 0 
1.57142565333233 -8.81016282774981 0 19.0996843013445 -11.9520861431733 -13.9419613843513 0 0 0 5.85671568562124 -14.2017478096307 0.88316143345235 0 0 -1.21687125098746 -1.18608774765678 1.13675711356884 -0.652485858952853 -1.86206353088937 1.36826732259629 0 18.9155071316825 8.17426628813812 -3.84543605327859 0 -6.55867586217759 12.2307142113478 0 16.1367461253594 0 -3.57591903003674 0.52622613614715 0 -1.90735403723426 -0.415124763927946 0.518661023359122 -1.40987321520684 1.54329143908959 0 -0.462485380686114 0 
1.57142565333233 -9.6165230449366 -4.79095909636978 -9.1407495872773 0 7.55045987085926 3.84524594240135 -16.1343217064321 0 0 19.275890085509 0.595608745978963 -2.31560287826024 0.601241291314942 0.860422585560206 0 0 1.42770609139824 -0.263255857053798 0 0.958012091442017 4.51637977013196 16.8016952913262 -7.55176784822334 -15.3847301357355 0 12.204178325927 13.0460968488111 16.1367461253594 7.65148613958223 0 -0.874160631966852 0.73103691112764 0.475332658027919 1.49503452866107 0 -1.44416876204506 -1.54860505999467 0 0 -0.044609132243604 
1.57142565333233 -15.1649440523074 -1.37710145738772 0 -16.9130443068748 0 -7.64124319250288 2.01416446921144 6.05411009213613 0 0 -0.667015781936709 1.48228125156941 0 0.422197433385159 -0.0340225771227957 -0.527438999399282 -0.876975858061097 0.286481964535304 1.55277195365763 -0.622408810361479 2.06069877457838 0 4.4710669780481 8.11114053386782 -15.1671222109194 -3.24917974208909 0 0 -18.8818193501243 0.0928685535177908 -2.53179981402671 0 -0.676888563985419 0.566886543094593 1.62565194332304 -0.366670587187014 -1.0613520290057 0.792212276157091 -0.828458802899559 -0.780791532611843 
1.57142565333233 7.09937914605224 -1.37710145738772 -9.1407495872773 13.434979332278 -2.47382765616003 0 -11.2389959726664 0 0 19.275890085509 -1.43106898173274 1.48228125156941 0.601241291314942 2.32783074833352 0.407039728214517 0 0.572312833076489 -1.27025979537063 0 0.958012091442017 0 16.8016952913262 7.7265433630564 -19.8002807701939 15.718997639799 12.204178325927 0 0 2.7954618366414 0 1.97945172897515 0.73103691112764 -1.50750137935742 0 0.368912837034516 -1.44416876204506 1.44560278740041 0 0 0.998112815897033 
1.57142565333233 -15.1649440523074 -3.60599176194798 18.9925056225585 -11.9520861431733 0 15.0788702420326 0 -13.3775255146332 0 -9.64067697973953 -0.667015781936709 0 -0.495434046487992 -1.21687125098746 0 0.092221798418193 -0.813948322466551 -1.5158906315993 1.55277195365763 0.703530013888856 -12.4947656469861 -16.9134174366078 4.4710669780481 -19.8002807701939 13.0024174940784 2.28200829694141 0 1.03424918886006 2.7954618366414 12.7464825626213 1.62543303874574 0 -0.676888563985419 0 1.06894400299943 1.24938009830629 1.44560278740041 0 0 -1.16060079408838 
0 -15.1649440523074 15.7029531876105 -10.3638491455297 7.54104370602455 17.3482750343849 0 -0.884963926339971 -16.1604769230636 -11.9831124917525 0 -0.667015781936709 0 0 0 0 1.01342390617981 1.51713979221747 0 -0.27368127831895 -0.628737155640841 -7.97975425980042 0.0677719060647171 0 10.6418154251956 -18.7414049910109 20.4858299084407 0 -11.2333667423732 -13.9225590457081 0 0 0 1.50723698619159 0 0.0703606859223734 2.16036358673142 -1.9524874333071 0 0.54127276433691 1.19067444707764 
1.57142565333233 0 15.7029531876105 2.64758282464351 14.9720461922568 4.29867561175426 0 0 -0.351844448760079 -8.54958560715876 -14.2017478096307 1.9709476092695 0 0 -0.992810893334826 1.97938650286728 0 -0.813948322466551 -0.540700045666052 0.692188950577839 0 -19.5178733018776 -10.0607482111364 14.1446062802079 5.4091972417241 -6.55867586217759 17.6326684363338 0 -11.2333667423732 0 17.4242149374561 0 -1.00884031644503 0.127864720950771 0 0.518661023359122 1.46405320403355 0 0 0 0 
1.57142565333233 7.09937914605224 0 3.23005655930846 -12.4665150364938 0 -4.74278559197801 -16.7346931792492 13.8610990410024 0.645875335040444 2.48799035907164 -1.43106898173274 0 1.20186968389986 1.02557531233205 -0.812091006344227 1.64170756174331 0.366769787094914 0 0 1.73062504908565 -0.175418891094354 2.93969178709187 4.4710669780481 0 14.9860957893478 -11.6971095985254 -6.44157256299703 -15.2866566345499 14.260890741954 -9.67114824320709 0 0 -0.676888563985419 0.564293215244214 0 -0.462183201900769 -1.47500940853497 0 1.74054222448754 -0.938443573628759 
1.57142565333233 -15.1649440523074 -3.60599176194798 3.97482614218016 0 0 3.84524594240135 19.0058825253536 -13.3775255146332 0 -4.75414227915655 -0.667015781936709 0 0 0.860422585560206 0.495501579947538 0 0 -1.5158906315993 1.55277195365763 0 4.51637977013196 0.00863527879521031 4.4710669780481 -13.1164008998854 10.4952098105546 2.28200829694141 0 0 7.65148613958223 0 -0.874160631966852 1.82786254390509 -0.676888563985419 0 0 1.24938009830629 1.44560278740041 0 0 -0.044609132243604 
1.57142565333233 -15.1649440523074 0 7.13468860235749 0 0 0 12.7032875608202 0 0 -4.84609227548171 -0.667015781936709 0 -0.0655310107700205 0 -1.35148547093919 1.20801857263223 0 -1.31417429415238 1.55277195365763 -0.555537694387854 0 0 -13.8402736158298 0 17.2215254379071 0 19.4777762421769 18.714143437666 0 12.7464825626213 0 0 0.41138055101567 -1.34385550736629 -0.351307302350787 -1.0288879233547 -1.46783191220268 0.898857128293653 0 -1.16060079408838 
1.57142565333233 -11.5187464510178 5.98707973304534 18.9925056225585 -17.8455007904421 -9.84964745577874 15.0788702420326 -7.82775693937566 0 0 -14.2017478096307 0.501176835960325 0.446507904886505 0 1.59412206876749 0 0.092221798418193 1.98367159906014 -0.584983382646452 0 0 -16.7730637782128 0 2.08576260231704 -4.13639658323321 10.4952098105546 -5.29580354937157 13.0460968488111 0 0 0 1.89874144224391 0 0 -0.943802413038817 0 0.324687051738001 -1.54860505999467 0 -0.462485380686114 -0.044609132243604 
1.57142565333233 7.09937914605224 -1.37710145738772 3.23005655930846 17.4451060860628 0 4.15735367879148 2.77723446617705 7.17129616400753 -0.721922981376724 0 -1.43106898173274 1.48228125156941 1.20186968389986 1.76842868596708 -0.812091006344227 1.10723076253535 -0.0900088604958769 1.27771223947765 -1.79228180357827 -1.91035171407757 4.60495982533552 0.0677719060647171 -14.65422294785 -19.8002807701939 -18.7414049910109 -11.2976251781441 -2.19771960852562 0 6.44624838069838 13.5468737937263 1.38787825097697 0 -1.93143748395678 0 0.918205051179139 0.594007693507712 1.24730596376923 0 0 0 
1.57142565333233 0 0 3.97482614218016 0 0 15.0788702420326 -0.884963926339971 0 -8.54958560715876 0 0 0 0 0.860422585560206 0.495501579947538 0.092221798418193 1.51713979221747 -0.263255857053798 0.692188950577839 0 -7.97975425980042 2.4187233949633 -13.8402736158298 -11.2124111183045 10.4952098105546 -11.2976251781441 -13.2188631376339 16.1367461253594 7.65148613958223 0 0 0.0620968378251869 0.41138055101567 0.897129770786096 0 0.594007693507712 0.00617582816918186 0 0 -0.044609132243604 
0.748595936178965 17.2969402825911 5.98707973304534 7.73557021968792 0 19.3391693194114 -9.85824882511899 0 -8.43781127987328 -19.3594054967907 0 0 0.446507904886505 0.96672122371696 1.91099939398048 1.7545530711089 0 1.04267997156953 0 0 0.123702540119971 0 0 3.98261815960641 0 0 0 -10.7212407750642 2.9511073152307 -4.41047866102796 -16.570451835436 0 0 -1.74142211989566 0 0 -0.319856071993642 0 -1.32258408485101 -1.72215718297388 0.70701173912129 
0.748595936178965 -8.81016282774981 13.7953941122607 0 -13.7896853095105 -18.7380937294746 0 0 7.17129616400753 0 0 0.88316143345235 -0.0897939894766519 1.61532027256457 -1.72001939148177 -0.880340076461593 1.13675711356884 -0.652485858952853 1.27771223947765 0 -1.91035171407757 18.9155071316825 -13.0122407213842 12.9347387202711 -13.1468585010138 -18.7414049910109 -11.2976251781441 0 0 -16.6357951316218 0 0.52622613614715 0.767198844238743 0 0 0.918205051179139 0.594007693507712 1.54329143908959 0 -1.10906455717472 0 
0.748595936178965 -8.81016282774981 0 19.0996843013445 0 0 3.09838362091611 0 7.17129616400753 5.85671568562124 -14.2017478096307 0.88316143345235 0 0 0 -1.35148547093919 1.20801857263223 0 1.27771223947765 1.36826732259629 0 -10.5398833335097 6.24389083415451 -3.84543605327859 0 9.62414941267304 0 -10.2448234754823 18.714143437666 -19.8848077002376 14.5378714867578 1.52448077663988 0 -1.90735403723426 -1.34385550736629 1.09351984276135 0 1.72971108077546 0.898857128293653 1.46416145072512 -0.85473623539076 
1.57142565333233 -15.1649440523074 -3.40227012662323 3.97482614218016 0 0 15.0788702420326 -0.884963926339971 0 0 0 -0.667015781936709 -0.106277667510453 0 0.860422585560206 0.495501579947538 0.092221798418193 1.51713979221747 -0.263255857053798 1.55277195365763 -1.1681418461763 -7.97975425980042 0 -13.8402736158298 -11.2124111183045 -15.1671222109194 0 13.0460968488111 16.1367461253594 7.65148613958223 0.0928685535177908 0 0 0.41138055101567 0.897129770786096 1.62565194332304 0 -1.54860505999467 0 0 -0.729451707978478 
0.748595936178965 0 18.5357060742265 7.13468860235749 -4.16496046691433 0 -17.5041534390786 12.7032875608202 0 -5.83852268095991 0.631210145275672 2.30681140380763 0 -0.0655310107700205 0 -0.812091006344227 -2.47747474325703 0 1.91856534961544 -1.95520586425215 -0.468302361885227 -16.644828103783 6.24389083415451 -7.55176784822334 10.5281553932131 0 0 0 -3.05914677821991 -12.8920902837497 11.1808512598187 0 0 0.475332658027919 0.499858509050616 0 0.456579033497991 1.46843379524929 1.89902076492972 0.0489701861743676 0 
0 -15.1649440523074 0 3.97482614218016 0 17.3482750343849 0 -16.7346931792492 13.8610990410024 0 -14.2017478096307 -0.667015781936709 0 0 -1.18812326862855 0 1.01342390617981 0.366769787094914 0 1.55277195365763 0 -19.5178733018776 0 -17.0475366884133 5.4091972417241 14.9860957893478 0 19.4777762421769 -15.2866566345499 19.160583510022 17.4242149374561 0 0 -1.65560474230703 0 0 -1.0288879233547 -1.46783191220268 0 1.74054222448754 0 
1.57142565333233 -8.81016282774981 0 3.97482614218016 -17.8455007904421 -13.9419613843513 0 0 0 -20.8620359485559 0 0.88316143345235 0 0 1.59412206876749 -1.18608774765678 -1.1800882868376 0 -0.263255857053798 0 0 -10.5398833335097 2.4187233949633 -3.84543605327859 0 -6.55867586217759 0 -10.2448234754823 16.1367461253594 7.65148613958223 0 1.52448077663988 0.0620968378251869 -1.90735403723426 -0.415124763927946 0.518661023359122 -1.81739824908664 1.72971108077546 0 0 -0.044609132243604 
0.748595936178965 0 -4.79095909636978 -9.1407495872773 -15.5308212784728 7.55045987085926 13.1897675586817 12.7032875608202 0 -5.83852268095991 0 1.67831776462417 -2.31560287826024 0.601241291314942 -0.811212569852924 0 1.38840187685024 0 -1.27025979537063 -1.95520586425215 -1.3195076367443 0 16.8016952913262 -7.55176784822334 -15.3847301357355 0 12.204178325927 0 -3.05914677821991 -12.8920902837497 9.71817587954838 0 0.73103691112764 0.475332658027919 1.49503452866107 0 -1.44416876204506 1.46843379524929 1.89902076492972 0.0489701861743676 0.892010547636082 
0.748595936178965 -15.514817505849 0 15.6851160692447 -17.8455007904421 -13.9419613843513 0 0.633055519444428 3.70135965542931 0 -14.2017478096307 0 0 1.68346783317787 1.59412206876749 -1.18608774765678 0 2.07029236710644 0.821299720937991 0.14589676267742 0 -19.1064242735069 -9.98010377864358 2.08576260231704 -17.7115514211876 -6.55867586217759 -8.43019170147841 0 0 0 3.61207955685075 1.91697638571122 0.161063560359675 0 -1.52048759140097 0.518661023359122 0 0 0.160673894062952 -0.462485380686114 0.0347239384589363 
0 -15.1649440523074 -12.6065675134801 0 16.8561923023575 0 5.79528363691423 -0.884963926339971 13.0612709899718 0 0 -0.667015781936709 0 1.47072999340982 0.534682059909535 -0.826123000386228 -0.277401111306344 1.51713979221747 0 -0.263169920194508 -1.3195076367443 0 0 -13.8402736158298 0 -5.04572215953177 -12.6087386163225 16.0251126879943 0 -12.316610437034 9.71817587954838 0 0 0.41138055101567 0 -0.932824075227987 0 2.76376695826825 0.792212276157091 1.61979038250623 0.892010547636082 
