100
10
2.85401682280935 -9.6165230449366 2.13387962721003 -10.3638491455297 0 12.7497409259201 2.82187173304701 19.0058825253536 2.06952411451821 0 15.2766814170762 0.595608745978963 0 0 0.860422585560206 0 0.79409043040317 0 0.0348374208783905 1.55277195365763 0.591217487878733 -17.9936584914074 13.8948257145913 5.43270056668329 0 15.718997639799 3.13085404973517 13.0460968488111 0 18.4724600017641 -4.22133633644382 -1.77381643269854 0 -0.230153424074013 2.26721421987154 0.368912837034516 -1.81739824908664 -1.54860505999467 0.855582403072893 1.74054222448754 -0.044609132243604 
2.85401682280935 -9.6165230449366 7.30142838116802 0 0 0 2.82187173304701 12.7032875608202 1.18992964191825 -0.307268424195828 14.3290552097974 0.595608745978963 0.0356107136772995 -0.350463444455743 0.860422585560206 0.495501579947538 0.79409043040317 0 0.510160379144438 -0.560845573437794 0.594697144159441 17.8765355828575 19.5161355920677 4.75644002943599 -13.1164008998854 8.74422812601283 3.13085404973517 17.3993106021543 19.3847518097305 7.65148613958223 0 0.317181885650932 0.72311685530614 -0.388893530442796 0 -0.594654094937562 -1.81739824908664 -1.70862130471907 0.581065051635292 0 -0.044609132243604 
2.85401682280935 -9.6165230449366 2.13387962721003 6.71250458781724 0 0 2.82187173304701 16.16365037142 2.06952411451821 0 15.2766814170762 0.595608745978963 0 0 0.860422585560206 0.495501579947538 0.79409043040317 0 0.0348374208783905 0 0.591217487878733 4.51637977013196 13.8948257145913 -1.05203276353517 0 10.4952098105546 18.96162224494 10.2228014886718 19.3847518097305 1.58678779503647 -4.22133633644382 -0.874160631966852 0 -0.653569538357467 2.26721421987154 0 2.29791148500885 -1.54860505999467 0.581065051635292 -0.462485380686114 -0.044609132243604 
2.85401682280935 -8.20008195107807 5.75512571609818 14.2524333333841 0.560331688663145 21.2687917057279 1.88353217385408 -1.26443329754492 19.9770825323309 3.59964146397525 14.3290552097974 1.09673194805939 0.806164592437523 0 0.860422585560206 -0.155102175090044 0.278607121635511 0.103233621894956 1.21922591098548 0.88817023583137 0.594697144159441 4.45314907918365 0 -5.22881116407402 -17.7115514211876 -21.5882046992836 16.7554569353608 17.3993106021543 16.1866752375554 21.3171087949384 9.71817587954838 -0.474160196829662 0.0297454405900768 -0.667678957184627 -1.52048759140097 -0.672353881924578 1.04884079272805 -1.70862130471907 0.581065051635292 1.74054222448754 0.892010547636082 
2.85227568115202 -9.6165230449366 5.75512571609818 3.23005655930846 0 18.9134139843348 2.82187173304701 -0.0771754043536146 18.1124276659044 -0.125524705287779 -0.247605343464578 0.538946988223562 0.75899016615422 1.20186968389986 0.684997031141537 -0.106938016557572 0.79409043040317 1.78570482816813 1.32666692572025 0.287503853918753 -0.691457366464407 0 -1.87978522269045 0.58477505190986 5.4091972417241 7.20691330647418 0 21.2051998741483 19.3847518097305 2.80304112206355 9.71817587954838 1.73176888700191 -0.23258512202305 -0.960433059218541 -0.493103477458052 -0.221321241404545 -1.81739824908664 -1.70862130471907 0.581065051635292 0.899531756206197 0.892010547636082 
2.85349825055944 -9.6165230449366 2.8344479789885 0 -2.67812249161216 0 3.84524594240135 -0.0771754043536146 9.48171761707948 0.617433711987656 0.00548789510758961 0.497960850423184 1.6489678213368 -0.550279709692243 0.586827653109481 0.495501579947538 0 1.78570482816813 1.27771223947765 -0.263169920194508 0.252594015711264 8.84275944765786 -15.0430522985026 6.3126108834113 3.3398776808008 -7.94403869141547 20.4858299084407 17.3993106021543 15.8366649014813 1.01287162700336 5.20655095102571 -0.356071219451759 0.777818305035037 -0.676888563985419 -0.309161031879094 -1.80536125464615 2.16036358673142 -1.70862130471907 0.461214881078906 -1.41350626714225 0.421053572102009 
0 -8.5880554152597 2.8344479789885 16.9659098322345 0 21.2687917057279 -4.17879500686135 -0.0771754043536146 9.48171761707948 0.617433711987656 0.00548789510758961 1.44467368628116 1.6489678213368 0.57008058175914 0.828666320130539 0.366502849043581 0 1.78570482816813 1.27771223947765 -0.263169920194508 0.252594015711264 10.0643274118958 -15.0430522985026 6.3126108834113 0 -7.94403869141547 20.4858299084407 0 15.8366649014813 7.65148613958223 17.4242149374561 0.230906117218968 0.777818305035037 -0.676888563985419 0 -1.80536125464615 2.16036358673142 -0.699646122753455 0.461214881078906 0.627150817041821 0 
2.85314768722572 -15.2940305732628 2.65785999801376 14.2524333333841 0 2.11716746118253 15.0788702420326 -0.0771754043536146 22.3340620832211 0.112371983175339 -4.84609227548171 -0.888175080697134 1.51706056500183 0.557846121330674 0.860422585560206 0.455489467249946 0.23761765325331 1.78570482816813 1.31061227878119 1.24312016103096 -0.555537694387854 5.75275976979302 2.65421858390524 -16.539486076934 0 -21.5882046992836 17.6326684363338 17.3993106021543 10.0467394912833 -19.3184636123099 17.4242149374561 -1.56055925090823 -0.28109782528649 0 0 -0.80953590087571 1.46405320403355 -1.70862130471907 -0.00272511171769591 -1.17049035844882 -0.509900116939051 
2.85296702945728 -7.88964496626968 3.94357362014408 6.40022221775736 3.39300922252844 18.5528534135096 3.84524594240135 -0.0771754043536146 18.1124276659044 -0.0698750087152584 14.3290552097974 0.595608745978963 0 0.963090784811923 1.48790800912208 -0.191552240341693 0 1.78570482816813 1.32666692572025 -0.263169920194508 0.594697144159441 3.30415186155781 -1.87978522269045 4.04985858486027 -13.1164008998854 -18.7414049910109 -0.484130135217742 19.4777762421769 16.2473004009562 -0.430134157384808 12.1851239914937 -0.874160631966852 -0.23258512202305 -1.07924685198313 0 0.168417195248612 -2.23175890107255 -1.46783191220268 0.461214881078906 0.102783863201171 0.892010547636082 
2.85296702945728 -15.1649440523074 7.29248250422184 14.2524333333841 3.39300922252844 0.422914800873452 3.82697485749469 -0.0771754043536146 22.3340620832211 0.112371983175339 -5.62973323617118 -0.667015781936709 0.493731254899749 0.557846121330674 1.48790800912208 0.389900489700912 0.867401597927046 1.78570482816813 1.31061227878119 1.24312016103096 -0.555537694387854 0 -1.87978522269045 0 0 -21.5882046992836 17.6326684363338 17.3993106021543 0 -19.3184636123099 14.8171766717998 1.97945172897515 -0.23258512202305 -0.667678957184627 0 -0.404981171402606 1.46405320403355 -1.70862130471907 0.855582403072893 -1.17049035844882 0.48456446357284 
1.57142565333233 -9.6165230449366 -12.6065675134801 5.39949300603452 0 12.7497409259201 2.82187173304701 -0.0771754043536146 22.3340620832211 0 15.2766814170762 0.778663264717284 0 1.20186968389986 0.860422585560206 0 0.79409043040317 1.78570482816813 1.31061227878119 1.456729500078 0.591217487878733 4.51637977013196 -1.87978522269045 5.43270056668329 0 -21.5882046992836 3.13085404973517 11.736142372124 0 3.89367877249312 12.1851239914937 -0.596963967241796 -0.23258512202305 0.370020045870924 2.26721421987154 -0.672353881924578 -1.81739824908664 -2.01234856421703 0.855582403072893 -0.0839662442654214 0.892010547636082 
1.57142565333233 -9.6165230449366 3.94357362014408 3.23005655930846 3.39300922252844 24.8471354462892 16.1023454632155 -0.0771754043536146 21.7270361685786 -0.84298096317471 1.77938435379387 0.595608745978963 0 1.20186968389986 1.48790800912208 0.0713628322497769 0.23761765325331 1.78570482816813 1.92730612024074 0.274292355540345 -0.58537630092603 4.51637977013196 -1.87978522269045 -2.8712082465278 -13.1164008998854 -18.2150560659427 1.24519768417589 19.4777762421769 16.2473004009562 5.98476709746046 15.4001649952262 -0.874160631966852 -0.23258512202305 -0.667678957184627 0 0.221173366341355 -2.9477450249287 -1.46783191220268 0.461214881078906 0.167888309470326 0.77956829406301 
2.85282505739307 -15.1649440523074 2.65785999801376 3.23005655930846 2.95717485444954 22.6080074404171 3.82697485749469 -0.0771754043536146 19.9770825323309 -0.0698750087152584 -4.84609227548171 -0.667015781936709 1.51706056500183 1.20186968389986 0.860422585560206 -0.794128951562628 0.867401597927046 1.78570482816813 1.21922591098548 -0.0899025188199722 -0.30158478555809 4.51637977013196 -17.7299109090725 -16.539486076934 0 -21.5882046992836 17.6326684363338 20.7742899487839 10.0467394912833 -18.8818193501243 12.1851239914937 -0.874160631966852 0.0310912653948605 0 2.26721421987154 -1.3695590271985 1.46405320403355 -3.00226242427354 -0.00272511171769591 -1.56857905900505 0.892010547636082 
2.85282505739307 -9.6165230449366 -12.6065675134801 3.23005655930846 0 17.7051188946725 2.82187173304701 -0.0771754043536146 22.3340620832211 0 15.2766814170762 0.778663264717284 0 1.20186968389986 0.860422585560206 0.366502849043581 0.79409043040317 1.78570482816813 1.31061227878119 1.81926005851909 0.591217487878733 4.51637977013196 -1.87978522269045 5.43270056668329 0 -21.5882046992836 3.13085404973517 17.3993106021543 0 6.52482635107582 12.1851239914937 -0.596963967241796 -0.23258512202305 -0.230153424074013 2.26721421987154 -0.672353881924578 -1.81739824908664 -1.70862130471907 0.855582403072893 -0.0839662442654214 0.892010547636082 
1.57142565333233 -19.6061065236368 2.65785999801376 8.0834817620383 2.95717485444954 22.6080074404171 3.82697485749469 1.55847946838871 18.1124276659044 2.84413004202961 -4.84609227548171 -0.699111080644238 1.51706056500183 0.516109605541504 0.860422585560206 -0.794128951562628 0.867401597927046 1.60768633271925 1.32666692572025 0.88817023583137 -0.30158478555809 4.51637977013196 -1.87978522269045 -16.539486076934 -13.1164008998854 14.2060071027866 17.6326684363338 18.6680437632222 10.0467394912833 -18.8818193501243 12.1851239914937 -0.874160631966852 -0.23258512202305 0 0 -0.0768487838082244 -0.00347218213764555 -1.29964174623584 -0.00272511171769591 -1.56857905900505 0.892010547636082 
2.85265509800914 -9.6165230449366 3.94357362014408 3.23005655930846 0 17.7051188946725 1.04164783008939 -0.0771754043536146 18.1124276659044 0 14.3290552097974 0.595608745978963 -0.101165666739068 1.20186968389986 0.860422585560206 0.366502849043581 1.1867317711733 1.78570482816813 1.32666692572025 0 0.594697144159441 4.51637977013196 -2.63655989679348 0 5.4091972417241 10.4952098105546 -0.771715763407627 17.3993106021543 11.1529800113072 1.58678779503647 0 -0.874160631966852 -1.22670822586711 -0.667678957184627 -0.493103477458052 0 -3.06561182496865 -1.70862130471907 -0.00272511171769591 -0.462485380686114 -0.044609132243604 
2.85265509800914 -10.0868849364281 5.75512571609818 3.23005655930846 0 17.7051188946725 2.82187173304701 -0.0771754043536146 18.1124276659044 -2.80035309344547 14.3290552097974 0.34073995715973 0.75899016615422 1.20186968389986 0.684997031141537 0.366502849043581 0.79409043040317 1.78570482816813 1.32666692572025 0 0.594697144159441 0 -1.87978522269045 0.58477505190986 5.4091972417241 -18.7414049910109 1.24519768417589 21.2051998741483 19.3847518097305 2.80304112206355 9.71817587954838 1.54672771768026 -0.23258512202305 -0.355160973647219 -0.493103477458052 0.0703606859223734 -2.41878447859026 -1.70862130471907 0.581065051635292 0.176467678168075 0.892010547636082 
2.56819821463191 -9.6165230449366 3.94357362014408 4.75207632773187 0 2.11716746118253 3.82697485749469 -0.0771754043536146 22.3340620832211 0 14.3290552097974 0.595608745978963 0 0.683323396636789 1.16456358214121 0.455489467249946 0.867401597927046 1.78570482816813 1.31061227878119 0 0.594697144159441 0 -1.87978522269045 0 5.97282471147963 -21.5882046992836 17.6326684363338 17.3993106021543 0 1.58678779503647 12.1851239914937 1.97945172897515 -0.23258512202305 -0.404718226760029 -0.0149847201700252 -0.80953590087571 1.46405320403355 -1.70862130471907 0.855582403072893 -0.462485380686114 0.892010547636082 
1.57142565333233 -9.6165230449366 2.13387962721003 3.23005655930846 0 21.2687917057279 3.82697485749469 -0.0771754043536146 18.1124276659044 0 14.3290552097974 0.595608745978963 0 1.20186968389986 0.860422585560206 0.366502849043581 0.867401597927046 1.5422039709949 1.32666692572025 1.55277195365763 0.42169452054505 0 -1.87978522269045 0 5.4091972417241 10.4952098105546 1.24519768417589 17.3993106021543 10.0526542650781 18.4724600017641 0 1.97945172897515 -0.967597611387073 -0.667678957184627 -0.493103477458052 0 -2.41878447859026 -1.66012973586569 0.402963206545898 1.74054222448754 -0.044609132243604 
2.63497787523256 -9.6165230449366 5.75512571609818 3.23005655930846 0 12.7497409259201 2.82187173304701 -0.0771754043536146 18.1124276659044 2.84413004202961 12.1445830739777 0.595608745978963 0.75899016615422 1.20186968389986 0.860422585560206 0 0.79409043040317 1.78570482816813 1.32666692572025 0.88817023583137 1.02763989435399 0 -1.87978522269045 5.43270056668329 0 7.20691330647418 0 17.3993106021543 0 3.89367877249312 9.71817587954838 1.97945172897515 -0.23258512202305 -0.230153424074013 1.52201228954923 -0.221321241404545 -1.81739824908664 -1.70862130471907 0.855582403072893 -0.0839662442654214 1.35861408496677 
2.85206656194692 -7.96469454465653 1.73438365926705 -2.17944260206047 3.39300922252844 17.7051188946725 2.82187173304701 -0.0771754043536146 18.1124276659044 -2.80035309344547 14.3290552097974 -0.215791586579658 0.611240587072093 -0.0703306671512922 1.48790800912208 0.366502849043581 0.79409043040317 1.78570482816813 1.32666692572025 0 0.594697144159441 23.245621814274 1.69765792542494 0.58477505190986 -13.1164008998854 -18.7414049910109 1.24519768417589 19.4777762421769 19.3847518097305 2.80304112206355 0 1.38062080774485 -0.23258512202305 -0.355160973647219 0 0.0703606859223734 -2.41878447859026 -1.46783191220268 0.581065051635292 0.176467678168075 -0.044609132243604 
2.85206656194692 -7.96469454465653 3.94357362014408 8.0018293219627 3.39300922252844 17.7051188946725 2.82187173304701 -0.0771754043536146 18.1124276659044 -2.80035309344547 14.3290552097974 -0.809334380849886 0 0.564712925318029 1.48790800912208 0.366502849043581 0.383149220567732 1.78570482816813 1.32666692572025 0 0.594697144159441 0.262759531714376 -1.87978522269045 0.58477505190986 -13.1164008998854 7.20691330647418 17.6326684363338 17.3993106021543 10.0467394912833 2.80304112206355 0 1.97945172897515 -0.23258512202305 -0.960433059218541 0 -0.221321241404545 1.50988520317706 -1.70862130471907 -0.00272511171769591 0.176467678168075 -0.044609132243604 
2.85206656194692 -17.0448515280592 3.94357362014408 8.0834817620383 3.39300922252844 22.6080074404171 3.84524594240135 -0.0771754043536146 18.1124276659044 -1.18797411468717 14.3290552097974 -1.33736437542241 0 0.516109605541504 1.48790800912208 -0.794128951562628 0 1.78570482816813 1.32666692572025 -0.263169920194508 0.594697144159441 1.17547422231896 -1.87978522269045 -2.8712082465278 -13.1164008998854 -21.5882046992836 17.6326684363338 17.3993106021543 16.2473004009562 -18.7770909374007 12.1851239914937 -0.874160631966852 -0.23258512202305 -0.667678957184627 0 -1.3695590271985 -0.00347218213764555 -1.70862130471907 0.461214881078906 -2.18389430187358 0.892010547636082 
2.85206656194692 -16.6265021673527 7.29248250422184 0 3.39300922252844 17.7051188946725 3.84524594240135 -0.0771754043536146 18.1124276659044 0 14.3290552097974 -0.784538976845582 0.493731254899749 -0.550279709692243 1.48790800912208 0.366502849043581 0 1.78570482816813 1.32666692572025 0 0.594697144159441 7.8158445586757 -1.87978522269045 1.39058398219784 5.4091972417241 14.9860957893478 17.6326684363338 17.3993106021543 11.1529800113072 1.58678779503647 5.20655095102571 -0.874160631966852 -0.23258512202305 0.173234727332943 -0.493103477458052 0 1.46405320403355 -1.70862130471907 -0.00272511171769591 -0.462485380686114 0.421053572102009 
2.85206656194692 -4.5343740807075 3.94357362014408 -2.17944260206047 3.39300922252844 17.7051188946725 2.82187173304701 -0.0771754043536146 18.1124276659044 0 14.3290552097974 -0.320331846838971 0 -0.0703306671512922 1.48790800912208 0.366502849043581 0.79409043040317 1.78570482816813 1.32666692572025 1.55277195365763 0.594697144159441 20.127102311946 -17.7299109090725 5.43270056668329 -13.1164008998854 -18.7414049910109 1.24519768417589 19.4777762421769 19.3847518097305 2.80304112206355 17.4242149374561 1.01429005688722 0 -0.230153424074013 0 0.0703606859223734 -2.41878447859026 -1.46783191220268 0.581065051635292 0.176467678168075 0 
2.85248450694752 -8.20008195107807 5.75512571609818 0 1.52916748615874 3.11781161430656 2.82187173304701 12.7032875608202 19.9770825323309 -2.06931370341653 11.0606298292105 1.09673194805939 0.0496205396669084 -0.350463444455743 1.23595773071794 0.495501579947538 0.79409043040317 0 1.21922591098548 -1.22770558837694 0.921548834732524 17.8765355828575 19.5161355920677 -5.22881116407402 -14.4431679363331 10.4952098105546 18.96162224494 17.3993106021543 19.3847518097305 10.4032606837355 0.22068421948733 0.317181885650932 0.72311685530614 -0.327526097571257 -0.259408905370817 0 2.57854126267533 -1.70862130471907 0.581065051635292 0.0296732862245633 -0.044609132243604 
2.85154247632257 -9.6165230449366 -12.6065675134801 3.23005655930846 0 11.47205793209 2.82187173304701 -0.0771754043536146 22.3340620832211 0 13.6869094112129 0.778663264717284 0 1.20186968389986 0.860422585560206 0.657552726509772 0.79409043040317 1.78570482816813 1.31061227878119 1.456729500078 0.794030423445641 4.51637977013196 -1.87978522269045 5.43270056668329 0 -21.5882046992836 3.13085404973517 11.736142372124 0 3.89367877249312 12.1851239914937 -0.596963967241796 -0.23258512202305 -0.230153424074013 2.26721421987154 -0.672353881924578 -1.81739824908664 -2.01234856421703 0.855582403072893 -0.0839662442654214 0.892010547636082 
2.85154247632257 -19.6061065236368 -12.6065675134801 3.23005655930846 9.92576415565599 23.1290918053962 3.84524594240135 -0.0771754043536146 22.3340620832211 0 14.3290552097974 -0.699111080644238 0 1.20186968389986 -1.8872255875297 -0.421842071684935 0 1.78570482816813 1.31061227878119 1.456729500078 0.166108223156123 4.51637977013196 -1.87978522269045 0 -13.1164008998854 -20.780959787141 17.6326684363338 11.736142372124 7.54197774023841 3.89367877249312 13.2300715947664 -0.874160631966852 -0.23258512202305 -0.667678957184627 0 -0.935607305995937 1.46405320403355 -2.01234856421703 -0.00272511171769591 -0.0839662442654214 1.63189182484145 
1.57142565333233 -19.6061065236368 -12.6065675134801 3.23005655930846 9.92576415565599 24.5074273484095 3.84524594240135 -0.0771754043536146 21.9679977023127 0 1.77938435379387 -0.699111080644238 0 1.20186968389986 -1.8872255875297 -0.308842445448433 0 1.78570482816813 1.55635918238496 1.456729500078 -0.58537630092603 4.51637977013196 -1.87978522269045 -19.5475331334153 -10.4429768081023 10.4952098105546 1.24519768417589 11.736142372124 7.54197774023841 1.58678779503647 13.8489657608089 -0.874160631966852 -0.23258512202305 -0.198812838391779 0 0 -2.9477450249287 -2.01234856421703 -0.00272511171769591 -0.462485380686114 1.63189182484145 
2.65257847096328 -19.141335700262 5.19520189093668 3.23005655930846 0.0724695343396019 2.11716746118253 3.84524594240135 -0.0771754043536146 22.3340620832211 0 15.2766814170762 -0.517208376814243 0.413952988965415 1.20186968389986 1.48790800912208 0.455489467249946 0 1.78570482816813 1.31061227878119 1.55277195365763 0.591217487878733 0 1.04730629504067 0 0 -21.5882046992836 17.6326684363338 17.3993106021543 -0.454312304712046 1.58678779503647 12.1851239914937 1.97945172897515 0.211716619367579 -0.667678957184627 2.26721421987154 -0.80953590087571 1.46405320403355 -1.70862130471907 0.691212511151662 -0.462485380686114 0.892010547636082 
0.748595936178965 -15.1649440523074 7.29248250422184 0 9.07060356618399 15.9830059888228 3.82697485749469 -0.0771754043536146 22.3340620832211 2.84413004202961 -4.84609227548171 -0.667015781936709 0.493731254899749 -0.350463444455743 -1.77441399069243 0.366502849043581 0.867401597927046 1.78570482816813 1.31061227878119 0.88817023583137 -0.555537694387854 4.51637977013196 -1.87978522269045 0.58477505190986 -3.13569084074613 -22.3954928613712 2.62567526075322 17.3993106021543 0 0 12.1851239914937 -0.874160631966852 -0.23258512202305 -0.960433059218541 2.23443991783282 -1.30326062407962 -1.77855653046097 -1.70862130471907 0.855582403072893 -0.462485380686114 0.892010547636082 
2.56962366136775 -9.6165230449366 -12.6065675134801 3.23005655930846 0 17.3482750343849 5.24386391134181 -0.0771754043536146 20.0620747060338 1.83768806752641 14.3290552097974 0.778663264717284 0 1.20186968389986 0.860422585560206 0 0.79409043040317 1.78570482816813 1.23511853673268 0.695830386884432 0.42169452054505 4.51637977013196 -1.87978522269045 0.58477505190986 0 -18.7414049910109 3.13085404973517 11.736142372124 0 7.65148613958223 9.71817587954838 -0.874160631966852 -0.23258512202305 -0.960433059218541 0 0.0703606859223734 -1.75876191552671 -2.01234856421703 0.855582403072893 -0.0839662442654214 0.892010547636082 
2.571571100989 -8.20008195107807 -12.6065675134801 15.2504863903162 3.97740714905197 1.39652476119647 3.84524594240135 17.1200772424788 8.71017002361369 0 14.3290552097974 1.09673194805939 0.487258646049191 0 -0.334902758898634 0.495501579947538 0 -0.318329133539614 1.27771223947765 1.01454909248955 0.594697144159441 4.51637977013196 -1.4152920174018 0.546975062460161 -13.5787592957163 -8.1194014940734 20.4858299084407 19.4777762421769 16.2473004009562 7.65148613958223 17.4242149374561 -0.874160631966852 -0.515913718028885 -1.13189037139616 0.741418831498091 -1.64466012438976 2.16036358673142 -1.7767463035587 0.417506059793525 0.627150817041821 0 
2.57109798855871 -5.30360060155094 2.65785999801376 0 0 8.13799266805314 2.82187173304701 -0.0771754043536146 16.3047708667371 2.84413004202961 14.3290552097974 -0.534452047056729 1.51706056500183 -0.350463444455743 0.860422585560206 0.366502849043581 0.79409043040317 1.78570482816813 0.789256168850351 0.88817023583137 0.594697144159441 19.9946436327159 -17.7299109090725 -16.539486076934 -13.1164008998854 -18.7414049910109 17.6326684363338 19.4777762421769 11.2136596253205 -18.8818193501243 0 0.189035822874417 0.0310912653948605 0 0 0.0703606859223734 1.46405320403355 -1.46783191220268 0.400222561997465 -1.56857905900505 -0.044609132243604 
0 -9.6165230449366 4.98601106351056 14.2524333333841 -2.34393663289674 0 3.82697485749469 -0.0771754043536146 10.8199533856101 0.617433711987656 14.3290552097974 0.595608745978963 0.998750880094595 0 0.53326420780889 0.495501579947538 0.867401597927046 1.78570482816813 1.22422652804024 -0.263169920194508 0.42169452054505 7.68102710548836 0 -1.05203276353517 2.05315813343188 -7.94403869141547 16.6679209721358 17.3993106021543 18.3623859250976 1.58678779503647 17.4242149374561 -0.23366677472073 -0.498350015421561 -0.653569538357467 -0.352797822608984 -1.80536125464615 1.89857760578793 -1.70862130471907 0.581065051635292 -0.462485380686114 0 
2.56772166286727 -19.5912941736361 5.75512571609818 3.97132685360095 4.35601861609892 21.2687917057279 -4.17879500686135 -0.0771754043536146 19.9770825323309 1.83768806752641 14.3290552097974 -1.04283780984713 0.75899016615422 0.670913655041211 1.1309006450376 0.366502849043581 0 1.78570482816813 1.21922591098548 0.695830386884432 0.42169452054505 7.68102710548836 -15.0430522985026 6.3126108834113 -5.00139681757493 -7.94403869141547 18.96162224494 17.3993106021543 19.3847518097305 -18.8818193501243 12.1851239914937 -0.23366677472073 0.777818305035037 -0.676888563985419 1.81505507841476 -1.80536125464615 2.29791148500885 -1.70862130471907 0.581065051635292 -1.56857905900505 0.892010547636082 
2.57036047570913 -19.6061065236368 7.29248250422184 0 -6.14002694095952 0 3.84524594240135 -0.0771754043536146 19.9770825323309 -0.173089663974517 14.3290552097974 -0.699111080644238 0.493731254899749 -0.550279709692243 0.0923652952082294 -0.196184320159342 0 1.78570482816813 1.21922591098548 -0.0716119144864436 0.594697144159441 4.51637977013196 -1.87978522269045 1.39058398219784 2.17084162026683 14.7772009235701 17.6326684363338 17.3993106021543 0 1.01287162700336 5.20655095102571 -0.874160631966852 -0.23258512202305 0.173234727332943 0.0600085343280847 0.214942639449119 1.46405320403355 -1.70862130471907 0.855582403072893 -1.41350626714225 0.421053572102009 
2.57036047570913 -9.6165230449366 4.48450508899265 16.9659098322345 -0.899379409104296 0 -4.17879500686135 -0.0771754043536146 19.9770825323309 0.617433711987656 14.3290552097974 0.595608745978963 0 0.57008058175914 0.66859683057228 0.495501579947538 0 1.78570482816813 1.21922591098548 -0.263169920194508 0.42169452054505 7.68102710548836 -15.0430522985026 6.3126108834113 -2.43667606848137 -7.94403869141547 20.4858299084407 0 19.3847518097305 1.58678779503647 11.0439359588287 -0.23366677472073 0.777818305035037 -0.676888563985419 2.29325102345704 -1.80536125464615 2.16036358673142 -0.699646122753455 0.581065051635292 -0.462485380686114 1.54288833165676 
2.57036047570913 -12.7242402834232 2.13387962721003 6.69565338811169 0 21.2687917057279 3.82697485749469 -0.0771754043536146 19.9770825323309 0 1.89087667804718 0.595608745978963 0 0.113440549901426 0.860422585560206 0.366502849043581 0.867401597927046 1.78570482816813 1.21922591098548 0 0.0866061290989659 4.52168711396944 -17.7299109090725 1.07730470631612 9.08221915638178 -21.5882046992836 16.6679209721358 17.3993106021543 19.3847518097305 -18.8818193501243 2.66461668073415 -1.94533142684741 0 -1.02926456650685 -0.0593000749029685 -0.672353881924578 1.89857760578793 -1.70862130471907 0.581065051635292 -1.56857905900505 0.677865648026516 
2.57036047570913 -19.6061065236368 7.29248250422184 -0.676580162149193 0 0 3.84524594240135 -0.0771754043536146 19.9770825323309 0 14.3290552097974 -0.699111080644238 0.493731254899749 -1.00002079015599 0.860422585560206 0.495501579947538 0 1.78570482816813 1.21922591098548 1.01454909248955 0.594697144159441 4.51637977013196 -1.87978522269045 4.71168965150681 0 14.9860957893478 17.6326684363338 19.8129305872661 1.8974731137033 1.01287162700336 5.20655095102571 -0.874160631966852 -0.23258512202305 0.173234727332943 2.26721421987154 0 1.46405320403355 -1.39532170068255 0.437513761402813 -1.41350626714225 0.421053572102009 
2.57036047570913 -19.6061065236368 5.15372766144747 -2.64826294167352 -1.49356516643593 0 3.84524594240135 -0.0771754043536146 19.9770825323309 2.84413004202961 14.3290552097974 -0.699111080644238 0.458565329782928 -0.550279709692243 0.387499226949876 1.08766929275713 -0.296902272145684 1.78570482816813 1.21922591098548 0.88817023583137 0.594697144159441 0 -15.0430522985026 -0.88051125410968 1.14193178412594 6.90186134004121 17.6326684363338 17.3993106021543 10.0467394912833 1.01287162700336 9.71817587954838 1.97945172897515 0.777818305035037 0.485777144919046 0.361152383387625 -0.221321241404545 1.02819702539043 -1.70862130471907 -0.00272511171769591 -1.13195885704456 0.288980994852717 
2.57036047570913 -19.6061065236368 7.29248250422184 8.0018293219627 3.39300922252844 0 2.82187173304701 -0.0771754043536146 16.5105161587058 0 14.3290552097974 -0.699111080644238 0.493731254899749 0.564712925318029 1.48790800912208 0.495501579947538 0.383149220567732 1.78570482816813 0.624592087629527 1.01454909248955 0.594697144159441 4.51637977013196 -1.87978522269045 0.58477505190986 0 14.9860957893478 17.6326684363338 17.3993106021543 6.11165970389809 2.80304112206355 17.4242149374561 -0.874160631966852 -0.23258512202305 -0.960433059218541 2.26721421987154 0 1.50988520317706 -1.70862130471907 0.0949900055886199 0.176467678168075 0 
2.57036047570913 -9.6165230449366 3.94357362014408 14.2524333333841 0 2.11716746118253 3.82697485749469 -0.0771754043536146 19.9770825323309 0 14.3290552097974 0.595608745978963 0 0 0.860422585560206 0.455489467249946 0.867401597927046 1.78570482816813 1.21922591098548 0 0.42169452054505 4.52168711396944 -1.87978522269045 0 5.97282471147963 -23.5878653746507 18.96162224494 17.3993106021543 19.3847518097305 1.58678779503647 12.1851239914937 -1.31971142822863 -0.23258512202305 -0.667678957184627 -0.0149847201700252 -0.80953590087571 2.29791148500885 -1.70862130471907 0.581065051635292 -0.462485380686114 0.892010547636082 
2.57036047570913 -9.6165230449366 3.98420206887378 -2.64826294167352 0 0 3.82697485749469 -0.0771754043536146 19.9770825323309 0 0.00548789510758961 0.595608745978963 0.121599232541211 -0.550279709692243 0.860422585560206 0.495501579947538 0.867401597927046 1.78570482816813 1.21922591098548 0 0.252594015711264 0 -18.4232035060288 -0.88051125410968 9.08221915638178 7.20691330647418 16.6679209721358 17.3993106021543 10.0467394912833 -18.8818193501243 5.20655095102571 1.97945172897515 0.640219104956006 0.485777144919046 -0.0593000749029685 -0.221321241404545 1.89857760578793 -1.70862130471907 -0.00272511171769591 -1.56857905900505 0.421053572102009 
2.57036047570913 -22.3426477344207 5.74088333858684 3.23005655930846 -0.933661240028991 22.6080074404171 3.84524594240135 -0.0771754043536146 19.9770825323309 2.84413004202961 14.3290552097974 -1.17299638246326 0.75899016615422 1.20186968389986 0.156894409217357 -0.794128951562628 0.551798150181676 1.78570482816813 1.21922591098548 0.88817023583137 0.594697144159441 0.907838713241667 -16.668808727371 -2.8712082465278 5.4091972417241 10.4952098105546 1.24519768417589 17.3993106021543 16.3056339526808 1.58678779503647 9.71817587954838 -1.49969981939518 0.368220192886991 -0.667678957184627 -1.18561640889645 0 -2.41878447859026 -1.70862130471907 0.581065051635292 -0.462485380686114 0.892010547636082 
2.56914921254709 -9.6165230449366 5.15372766144747 -2.64826294167352 -1.49356516643593 0 3.84524594240135 -0.0771754043536146 19.9770825323309 0 0.00548789510758961 0.317807258510872 0.458565329782928 -0.550279709692243 0.387499226949876 0.495501579947538 -0.296902272145684 1.78570482816813 1.21922591098548 0.17682849466653 0.252594015711264 7.81553817506206 -15.0430522985026 1.07730470631612 1.14193178412594 7.20691330647418 17.6326684363338 17.3993106021543 10.0467394912833 1.01287162700336 5.20655095102571 -1.31971142822863 0.777818305035037 -0.951575753493968 -0.168785766907402 -0.221321241404545 1.02819702539043 -1.70862130471907 -0.00272511171769591 -1.13195885704456 0.421053572102009 
2.57036047570913 -9.6165230449366 2.13387962721003 8.0834817620383 0 0 2.82187173304701 -0.0771754043536146 19.9770825323309 0.122886070293787 14.3290552097974 0.595608745978963 0 0.516109605541504 0.860422585560206 0.495501579947538 0.79409043040317 1.78570482816813 1.21922591098548 -0.594386969173507 0.594697144159441 0.682085523257072 19.5161355920677 -1.05203276353517 -13.1164008998854 14.9860957893478 16.6679209721358 17.3993106021543 16.3056339526808 9.06861275197873 9.71817587954838 1.27824266477872 0.72311685530614 -0.653569538357467 0 0 1.89857760578793 -1.70862130471907 0.581065051635292 0.600178320845672 0.892010547636082 
2.56962366136775 -19.6061065236368 8.7481215907252 3.23005655930846 0 0 3.84524594240135 -0.0771754043536146 19.9770825323309 2.84413004202961 14.3290552097974 -0.699111080644238 -0.12971078105723 1.20186968389986 0.860422585560206 0.495501579947538 0.551798150181676 1.78570482816813 1.21922591098548 0.88817023583137 0.594697144159441 4.51637977013196 -1.87978522269045 4.71168965150681 0 10.4952098105546 1.24519768417589 17.3993106021543 16.3056339526808 1.01287162700336 9.71817587954838 -0.874160631966852 -0.771206546519513 0.173234727332943 2.26721421987154 0 -2.41878447859026 -1.70862130471907 0.581065051635292 -1.41350626714225 0.892010547636082 
2.56967445372853 -7.96469454465653 2.65785999801376 -2.64826294167352 -1.49356516643593 8.13799266805314 2.82187173304701 -0.0771754043536146 17.5075382966816 0 14.3290552097974 0.163984711600461 1.51706056500183 -0.550279709692243 0.387499226949876 0.366502849043581 0.79409043040317 1.78570482816813 0.622648736514453 0 0.594697144159441 20.127102311946 -17.7299109090725 -16.539486076934 -13.1164008998854 7.20691330647418 17.6326684363338 19.4777762421769 14.2413121248555 1.01287162700336 5.20655095102571 0.723841022720486 0.0310912653948605 0 0 -0.221321241404545 1.02819702539043 -1.46783191220268 0.477372414417272 -1.13195885704456 0.421053572102009 
2.57036047570913 -9.6165230449366 7.29248250422184 0 -2.67812249161216 -2.4761313672532 3.84524594240135 -0.0771754043536146 19.9770825323309 -0.0698750087152584 1.77938435379387 0.595608745978963 0.493731254899749 -0.550279709692243 0.586827653109481 0.45159900178276 0 1.78570482816813 1.21922591098548 -0.263169920194508 -0.58537630092603 4.51637977013196 0 1.39058398219784 3.3398776808008 13.5667851502852 1.24519768417589 17.3993106021543 0 1.58678779503647 15.4001649952262 -0.874160631966852 0 0.173234727332943 -0.309161031879094 0.351423918693989 -2.9477450249287 -1.70862130471907 0.855582403072893 -0.462485380686114 0.77956829406301 
2.8517153593779 -9.6165230449366 2.13387962721003 3.23005655930846 0 11.47205793209 2.82187173304701 -0.0771754043536146 22.3340620832211 0 15.2766814170762 0.778663264717284 0 1.20186968389986 0.860422585560206 0.657552726509772 0.79409043040317 1.78570482816813 1.31061227878119 1.456729500078 0.591217487878733 -17.9936584914074 13.8948257145913 5.43270056668329 0 -21.5882046992836 3.13085404973517 13.0460968488111 0 3.89367877249312 -4.22133633644382 -1.77381643269854 0 -0.230153424074013 2.26721421987154 -0.672353881924578 -1.81739824908664 -1.54860505999467 0.855582403072893 -0.0839662442654214 -0.044609132243604 
2.85401682280935 -9.6165230449366 7.30142838116802 0 0 0 2.82187173304701 12.7032875608202 1.18992964191825 -0.307268424195828 14.3290552097974 0.595608745978963 0.0356107136772995 -0.350463444455743 0.860422585560206 0.495501579947538 0.79409043040317 0 0.510160379144438 -0.560845573437794 0.594697144159441 17.8765355828575 19.5161355920677 4.75644002943599 -13.1164008998854 8.74422812601283 3.13085404973517 17.3993106021543 19.3847518097305 7.65148613958223 0 0.317181885650932 0.72311685530614 -0.388893530442796 0 -0.594654094937562 -1.81739824908664 -1.70862130471907 0.581065051635292 0 -0.044609132243604 
1.57142565333233 -9.6165230449366 5.75512571609818 6.71250458781724 0 18.9134139843348 2.82187173304701 16.16365037142 2.06952411451821 0 -0.247605343464578 0.595608745978963 0.75899016615422 0 0.684997031141537 -0.106938016557572 0.79409043040317 0 0.0348374208783905 0 -0.691457366464407 0 -1.87978522269045 -1.05203276353517 5.4091972417241 10.4952098105546 0 10.2228014886718 19.3847518097305 1.58678779503647 9.71817587954838 1.97945172897515 -0.23258512202305 -0.653569538357467 -0.493103477458052 0 -1.81739824908664 -1.54860505999467 0.581065051635292 -0.462485380686114 0.892010547636082 
2.56988634506748 -8.20008195107807 5.75512571609818 3.23005655930846 0.560331688663145 21.2687917057279 3.87236472010723 -0.0771754043536146 19.9770825323309 3.59964146397525 14.3290552097974 1.09673194805939 0.806164592437523 1.20186968389986 0.860422585560206 -0.155102175090044 0.471831905842681 1.78570482816813 1.21922591098548 0.88817023583137 0.594697144159441 4.51637977013196 -1.87978522269045 0 -17.7115514211876 10.4952098105546 -0.771715763407627 17.3993106021543 16.1866752375554 1.58678779503647 9.71817587954838 -0.874160631966852 -0.967597611387073 -0.667678957184627 -1.52048759140097 0 -3.06561182496865 -1.70862130471907 0.581065051635292 -0.462485380686114 0.892010547636082 
2.5694115145838 -19.6061065236368 5.75512571609818 3.23005655930846 0 18.9134139843348 2.82187173304701 -0.0771754043536146 19.9770825323309 -0.173089663974517 -0.247605343464578 -0.699111080644238 0.75899016615422 1.20186968389986 0.684997031141537 -0.106938016557572 0.79409043040317 1.78570482816813 1.21922591098548 -0.0716119144864436 -0.691457366464407 0 -1.87978522269045 1.39058398219784 5.4091972417241 7.20691330647418 17.6326684363338 21.2051998741483 19.3847518097305 1.01287162700336 5.20655095102571 1.97945172897515 -0.23258512202305 0.173234727332943 -0.493103477458052 -0.221321241404545 1.46405320403355 -1.70862130471907 0.581065051635292 -1.41350626714225 0.421053572102009 
2.85282505739307 -9.6165230449366 2.8344479789885 14.2524333333841 -2.67812249161216 0 3.82697485749469 -0.0771754043536146 10.8199533856101 0.617433711987656 14.3290552097974 0.595608745978963 1.6489678213368 0 0.586827653109481 0.495501579947538 0.867401597927046 1.78570482816813 1.27771223947765 -0.263169920194508 0.42169452054505 7.68102710548836 -15.0430522985026 6.3126108834113 3.3398776808008 -7.94403869141547 20.4858299084407 17.3993106021543 15.8366649014813 1.01287162700336 5.20655095102571 -0.23366677472073 0.777818305035037 -0.676888563985419 -0.309161031879094 -1.80536125464615 2.16036358673142 -1.70862130471907 0.461214881078906 -1.41350626714225 0.421053572102009 
2.85314768722572 -8.5880554152597 2.8344479789885 16.9659098322345 0 17.7051188946725 -4.17879500686135 -0.0771754043536146 9.48171761707948 -2.80035309344547 0.00548789510758961 0.952860246437071 1.6489678213368 0.57008058175914 0.828666320130539 0.366502849043581 0 1.78570482816813 1.27771223947765 0 0.252594015711264 10.0643274118958 -15.0430522985026 6.3126108834113 -13.1164008998854 7.20691330647418 20.4858299084407 0 10.0467394912833 7.65148613958223 17.4242149374561 0.230906117218968 0.777818305035037 -0.676888563985419 0 -0.221321241404545 2.16036358673142 -0.699646122753455 -0.00272511171769591 0.627150817041821 0 
2.85314768722572 -15.2940305732628 2.65785999801376 8.0834817620383 0 22.6080074404171 3.82697485749469 -0.0771754043536146 22.3340620832211 0.112371983175339 -4.84609227548171 -1.22481023472026 1.51706056500183 0.516109605541504 0.860422585560206 -0.794128951562628 0.867401597927046 1.78570482816813 1.31061227878119 1.24312016103096 -0.555537694387854 4.51637977013196 2.65421858390524 -16.539486076934 -13.1164008998854 -21.5882046992836 17.6326684363338 17.3993106021543 10.0467394912833 -18.8818193501243 17.4242149374561 -1.56055925090823 -0.28109782528649 0 0 -0.80953590087571 1.46405320403355 -1.70862130471907 -0.00272511171769591 -1.56857905900505 -0.509900116939051 
1.57142565333233 -7.88964496626968 5.75512571609818 14.2524333333841 0.560331688663145 17.3482750343849 1.88353217385408 -1.26443329754492 18.1124276659044 3.59964146397525 14.3290552097974 0.595608745978963 0.806164592437523 0 0.860422585560206 0 0.278607121635511 0.103233621894956 1.32666692572025 0.88817023583137 0.594697144159441 3.30415186155781 -1.87978522269045 4.04985858486027 -17.7115514211876 -18.7414049910109 16.7554569353608 19.4777762421769 16.2473004009562 21.3171087949384 9.71817587954838 -0.874160631966852 -0.23258512202305 -1.07924685198313 -1.52048759140097 0.0703606859223734 1.04884079272805 -1.46783191220268 0.461214881078906 1.74054222448754 0.892010547636082 
1.57142565333233 -15.1649440523074 5.75512571609818 3.23005655930846 3.39300922252844 12.7497409259201 3.82697485749469 -0.0771754043536146 18.1124276659044 2.84413004202961 14.3290552097974 -0.667015781936709 0.75899016615422 1.20186968389986 1.48790800912208 0 0.867401597927046 1.78570482816813 1.32666692572025 0.88817023583137 0.594697144159441 0 -1.87978522269045 0 0 7.20691330647418 0 17.3993106021543 0 -19.3184636123099 14.8171766717998 1.97945172897515 -0.23258512202305 -0.667678957184627 0 -0.221321241404545 -1.81739824908664 -1.70862130471907 0.855582403072893 -1.17049035844882 0.48456446357284 
1.57142565333233 -9.6165230449366 3.94357362014408 3.23005655930846 3.39300922252844 24.8471354462892 16.1023454632155 -0.0771754043536146 22.3340620832211 0 15.2766814170762 0.595608745978963 0 1.20186968389986 1.48790800912208 0.0713628322497769 0.23761765325331 1.78570482816813 1.31061227878119 1.456729500078 0.591217487878733 4.51637977013196 -1.87978522269045 5.43270056668329 -13.1164008998854 -21.5882046992836 3.13085404973517 11.736142372124 16.2473004009562 5.98476709746046 12.1851239914937 -0.874160631966852 -0.23258512202305 -0.230153424074013 0 -0.672353881924578 -1.81739824908664 -2.01234856421703 0.461214881078906 0.167888309470326 0.892010547636082 
2.57036047570913 -9.6165230449366 3.94357362014408 -2.64826294167352 -1.49356516643593 0 3.84524594240135 -0.0771754043536146 19.9770825323309 -0.84298096317471 1.77938435379387 0.595608745978963 0 -0.550279709692243 0.387499226949876 0.495501579947538 -0.296902272145684 1.78570482816813 1.21922591098548 0.274292355540345 -0.58537630092603 4.52168711396944 -1.87978522269045 -2.8712082465278 1.14193178412594 -18.2150560659427 1.24519768417589 17.3993106021543 16.2473004009562 5.98476709746046 5.20655095102571 -1.31971142822863 -0.23258512202305 -0.667678957184627 -0.168785766907402 0.221173366341355 -2.9477450249287 -1.70862130471907 0.461214881078906 0.167888309470326 0.421053572102009 
0 -8.5880554152597 2.8344479789885 3.23005655930846 2.95717485444954 22.6080074404171 -4.17879500686135 -0.0771754043536146 19.9770825323309 -0.0698750087152584 -4.84609227548171 1.44467368628116 1.6489678213368 1.20186968389986 0.860422585560206 -0.794128951562628 0 1.78570482816813 1.21922591098548 -0.263169920194508 -0.30158478555809 4.51637977013196 -15.0430522985026 -16.539486076934 0 -7.94403869141547 20.4858299084407 0 10.0467394912833 -18.8818193501243 12.1851239914937 -0.874160631966852 0.777818305035037 0 2.26721421987154 -1.80536125464615 2.16036358673142 -0.699646122753455 -0.00272511171769591 -1.56857905900505 0.892010547636082 
2.57036047570913 -9.6165230449366 2.13387962721003 6.69565338811169 0 17.7051188946725 3.82697485749469 -0.0771754043536146 22.3340620832211 0 1.89087667804718 0.778663264717284 0 0.113440549901426 0.860422585560206 0.366502849043581 0.867401597927046 1.78570482816813 1.31061227878119 1.456729500078 0.0866061290989659 4.51637977013196 -1.87978522269045 1.07730470631612 0 -21.5882046992836 3.13085404973517 17.3993106021543 19.3847518097305 3.89367877249312 12.1851239914937 -0.596963967241796 -0.23258512202305 -1.02926456650685 2.26721421987154 -0.672353881924578 -1.81739824908664 -1.70862130471907 0.581065051635292 -0.0839662442654214 0.892010547636082 
2.56841277967297 -19.6061065236368 2.65785999801376 15.2504863903162 3.97740714905197 22.6080074404171 3.84524594240135 -0.0771754043536146 8.71017002361369 2.84413004202961 -4.84609227548171 -0.699111080644238 1.51706056500183 0 -0.334902758898634 -0.794128951562628 0 1.78570482816813 1.27771223947765 0.88817023583137 -0.30158478555809 4.51637977013196 -1.4152920174018 0.546975062460161 -13.5787592957163 14.2060071027866 20.4858299084407 19.4777762421769 16.2473004009562 7.65148613958223 12.1851239914937 -0.874160631966852 -0.515913718028885 -1.13189037139616 0.741418831498091 -0.0768487838082244 2.16036358673142 -1.46783191220268 0.417506059793525 0.627150817041821 0.892010547636082 
1.57142565333233 -8.20008195107807 5.75512571609818 14.2524333333841 0 17.7051188946725 1.88353217385408 -1.26443329754492 18.1124276659044 0 14.3290552097974 1.09673194805939 0.806164592437523 0 0.860422585560206 0.366502849043581 0.278607121635511 0.103233621894956 1.32666692572025 0 0.594697144159441 4.45314907918365 -1.87978522269045 0 -17.7115514211876 10.4952098105546 16.7554569353608 17.3993106021543 16.1866752375554 1.58678779503647 0 -0.474160196829662 -0.967597611387073 -0.667678957184627 -1.52048759140097 0 1.04884079272805 -1.70862130471907 0.581065051635292 -0.462485380686114 -0.044609132243604 
1.57142565333233 -7.96469454465653 5.75512571609818 0 0 17.7051188946725 2.82187173304701 12.7032875608202 19.9770825323309 -2.80035309344547 14.3290552097974 0.163984711600461 0.75899016615422 -0.350463444455743 0.684997031141537 0.366502849043581 0.79409043040317 0 1.21922591098548 0 0.594697144159441 0 19.5161355920677 0.58477505190986 5.4091972417241 -18.7414049910109 18.96162224494 17.3993106021543 19.3847518097305 2.80304112206355 9.71817587954838 1.97945172897515 0.72311685530614 -0.355160973647219 -0.493103477458052 0.0703606859223734 2.57854126267533 -1.70862130471907 0.581065051635292 0.176467678168075 0.892010547636082 
2.5694115145838 -9.6165230449366 7.29248250422184 3.23005655930846 0 0 3.82697485749469 -0.0771754043536146 19.9770825323309 0 1.77938435379387 0.595608745978963 0.493731254899749 1.20186968389986 1.16456358214121 0.495501579947538 0.867401597927046 1.78570482816813 1.21922591098548 0 -0.58537630092603 0 0 0 3.3398776808008 10.4952098105546 17.6326684363338 17.3993106021543 0 1.58678779503647 15.4001649952262 1.97945172897515 0 -0.667678957184627 -0.309161031879094 0 1.46405320403355 -1.70862130471907 0.855582403072893 -0.462485380686114 0.77956829406301 
2.85366681912642 -9.6165230449366 7.29248250422184 3.23005655930846 -2.67812249161216 0 3.82697485749469 -0.0771754043536146 18.1124276659044 -0.0698750087152584 1.77938435379387 0.595608745978963 0.493731254899749 1.20186968389986 0.586827653109481 0.495501579947538 0.867401597927046 1.78570482816813 1.32666692572025 -0.263169920194508 -0.58537630092603 0 0 0 3.3398776808008 10.4952098105546 1.24519768417589 17.3993106021543 10.0526542650781 18.4724600017641 15.4001649952262 1.97945172897515 0 -0.667678957184627 -0.309161031879094 0 -2.41878447859026 -1.70862130471907 0.402963206545898 1.74054222448754 0.77956829406301 
2.85269303993233 -19.6061065236368 2.65785999801376 8.0834817620383 2.95717485444954 22.6080074404171 2.82187173304701 -0.0771754043536146 18.1124276659044 2.84413004202961 14.3290552097974 -0.699111080644238 1.51706056500183 0.516109605541504 0.860422585560206 -0.794128951562628 0.79409043040317 1.78570482816813 1.32666692572025 0.88817023583137 0.594697144159441 4.51637977013196 -1.87978522269045 -16.539486076934 -13.1164008998854 7.20691330647418 17.6326684363338 18.6680437632222 0 3.89367877249312 12.1851239914937 -0.874160631966852 -0.23258512202305 0 0 -0.221321241404545 -0.00347218213764555 -1.29964174623584 0.855582403072893 -0.0839662442654214 0.892010547636082 
0 -7.96469454465653 3.94357362014408 -2.17944260206047 0 17.7051188946725 -4.17879500686135 -0.0771754043536146 9.48171761707948 0.617433711987656 14.3290552097974 -0.215791586579658 0 -0.0703306671512922 0.828666320130539 0.366502849043581 0 1.78570482816813 1.27771223947765 -0.263169920194508 0.594697144159441 23.245621814274 -15.0430522985026 6.3126108834113 -13.1164008998854 -7.94403869141547 20.4858299084407 19.4777762421769 15.8366649014813 7.65148613958223 0 1.38062080774485 0.777818305035037 -0.676888563985419 0 -1.80536125464615 2.16036358673142 -1.46783191220268 0.461214881078906 0.627150817041821 -0.044609132243604 
2.61930163874916 -7.96469454465653 3.94357362014408 6.40022221775736 3.39300922252844 17.7051188946725 3.84524594240135 -0.0771754043536146 18.1124276659044 -0.0698750087152584 14.3290552097974 -0.215791586579658 0 0.963090784811923 1.48790800912208 0.366502849043581 0 1.78570482816813 1.32666692572025 -0.263169920194508 0.594697144159441 3.30415186155781 -1.87978522269045 0.58477505190986 -13.1164008998854 -18.7414049910109 17.6326684363338 17.3993106021543 10.0467394912833 -0.430134157384808 12.1851239914937 -0.874160631966852 -0.23258512202305 -0.960433059218541 0 0.168417195248612 1.50988520317706 -1.70862130471907 -0.00272511171769591 0.102783863201171 0.892010547636082 
2.85206656194692 -17.0448515280592 3.94357362014408 -2.17944260206047 3.39300922252844 22.6080074404171 2.82187173304701 -0.0771754043536146 18.1124276659044 -0.0698750087152584 14.3290552097974 -1.33736437542241 0 -0.0703306671512922 1.48790800912208 -0.794128951562628 0.79409043040317 1.78570482816813 1.32666692572025 -0.263169920194508 0.594697144159441 20.127102311946 -17.7299109090725 -2.8712082465278 -13.1164008998854 -21.5882046992836 17.6326684363338 19.4777762421769 16.2473004009562 2.80304112206355 12.1851239914937 0.723841022720486 0 -0.667678957184627 0 -1.3695590271985 -0.00347218213764555 -1.46783191220268 0.461214881078906 0.176467678168075 0.892010547636082 
2.85189431548331 -9.6165230449366 7.29248250422184 0 3.39300922252844 0 2.82187173304701 -0.0771754043536146 18.1124276659044 0 15.2766814170762 0.595608745978963 0.493731254899749 -0.550279709692243 1.48790800912208 0.495501579947538 0.79409043040317 1.78570482816813 1.32666692572025 0 0.591217487878733 4.51637977013196 -1.87978522269045 1.39058398219784 0 14.9860957893478 18.96162224494 17.3993106021543 19.3847518097305 1.58678779503647 5.20655095102571 -0.874160631966852 -0.23258512202305 0.173234727332943 2.26721421987154 0 2.29791148500885 -1.70862130471907 0.581065051635292 -0.462485380686114 0.421053572102009 
0 -9.6165230449366 2.13387962721003 6.71250458781724 0 17.7051188946725 2.82187173304701 -0.0771754043536146 2.06952411451821 0 15.2766814170762 0.595608745978963 0 0 0.860422585560206 0.366502849043581 0.79409043040317 1.78570482816813 0.0348374208783905 0 0.591217487878733 20.127102311946 13.8948257145913 -1.05203276353517 -13.1164008998854 -18.7414049910109 1.24519768417589 10.2228014886718 19.3847518097305 2.80304112206355 17.4242149374561 0.723841022720486 0 -0.653569538357467 0 0.0703606859223734 -2.41878447859026 -1.54860505999467 0.581065051635292 0.176467678168075 0 
1.57142565333233 -9.6165230449366 2.8344479789885 0 -2.67812249161216 3.11781161430656 3.84524594240135 12.7032875608202 19.9770825323309 0.617433711987656 0.00548789510758961 0.497960850423184 1.6489678213368 -0.350463444455743 0.586827653109481 0.495501579947538 0 0 1.21922591098548 -0.263169920194508 0.252594015711264 17.8765355828575 19.5161355920677 -5.22881116407402 3.3398776808008 10.4952098105546 18.96162224494 17.3993106021543 15.8366649014813 10.4032606837355 0.22068421948733 0.317181885650932 0.72311685530614 -0.327526097571257 -0.309161031879094 0 2.57854126267533 -1.70862130471907 0.461214881078906 0.0296732862245633 -0.044609132243604 
2.85282505739307 -9.6165230449366 -12.6065675134801 3.23005655930846 9.92576415565599 15.9830059888228 3.82697485749469 -0.0771754043536146 22.3340620832211 0 -4.84609227548171 0.778663264717284 0 1.20186968389986 -1.77441399069243 0.366502849043581 0.867401597927046 1.78570482816813 1.31061227878119 1.456729500078 -0.555537694387854 4.51637977013196 -1.87978522269045 0.58477505190986 0 -21.5882046992836 3.13085404973517 17.3993106021543 0 0 12.1851239914937 -0.596963967241796 -0.23258512202305 -0.960433059218541 2.26721421987154 -0.672353881924578 -1.81739824908664 -1.70862130471907 0.855582403072893 -0.462485380686114 0.892010547636082 
0 -19.6061065236368 -12.6065675134801 3.23005655930846 0 24.5074273484095 3.84524594240135 -0.0771754043536146 2.06952411451821 0 15.2766814170762 -0.699111080644238 0 1.20186968389986 0.860422585560206 -0.308842445448433 0 1.78570482816813 0.0348374208783905 1.456729500078 0.591217487878733 4.51637977013196 13.8948257145913 0 0 15.718997639799 17.6326684363338 11.736142372124 0 18.4724600017641 13.2300715947664 -0.874160631966852 0 -0.667678957184627 2.26721421987154 0.368912837034516 1.46405320403355 -2.01234856421703 0.855582403072893 1.74054222448754 1.63189182484145 
2.85189431548331 -19.6061065236368 -12.6065675134801 0 3.39300922252844 17.7051188946725 3.84524594240135 -0.0771754043536146 18.1124276659044 0 1.77938435379387 -0.699111080644238 0 -0.550279709692243 1.48790800912208 0.366502849043581 0 1.78570482816813 1.32666692572025 1.456729500078 -0.58537630092603 7.8158445586757 -1.87978522269045 1.39058398219784 -10.4429768081023 10.4952098105546 17.6326684363338 11.736142372124 11.1529800113072 1.58678779503647 5.20655095102571 -0.874160631966852 -0.23258512202305 0.173234727332943 0 0 1.46405320403355 -2.01234856421703 -0.00272511171769591 -0.462485380686114 0.421053572102009 
2.85143743786121 -9.6165230449366 3.94357362014408 3.23005655930846 0.0724695343396019 17.7051188946725 3.84524594240135 -0.0771754043536146 18.1124276659044 0 14.3290552097974 0.595608745978963 -0.101165666739068 1.20186968389986 1.48790800912208 0.366502849043581 0 1.78570482816813 1.32666692572025 0 0.594697144159441 4.51637977013196 -2.63655989679348 0 5.4091972417241 10.4952098105546 17.6326684363338 17.3993106021543 11.1529800113072 1.58678779503647 0 -0.874160631966852 -1.22670822586711 -0.667678957184627 -0.493103477458052 0 1.46405320403355 -1.70862130471907 -0.00272511171769591 -0.462485380686114 -0.044609132243604 
2.57036047570913 -15.1649440523074 7.29248250422184 0 -2.67812249161216 0 3.84524594240135 -0.0771754043536146 19.9770825323309 2.84413004202961 14.3290552097974 -0.667015781936709 0.493731254899749 -0.350463444455743 0.586827653109481 -0.196184320159342 0 1.78570482816813 1.21922591098548 0.88817023583137 0.594697144159441 4.51637977013196 -1.87978522269045 0.58477505190986 0 14.7772009235701 17.6326684363338 17.3993106021543 0 0 12.1851239914937 -0.874160631966852 -0.23258512202305 -0.960433059218541 2.26721421987154 0.214942639449119 1.46405320403355 -1.70862130471907 0.855582403072893 -0.462485380686114 0.892010547636082 
2.85206656194692 -7.96469454465653 -12.6065675134801 -2.17944260206047 3.39300922252844 17.7051188946725 2.82187173304701 -0.0771754043536146 18.1124276659044 1.83768806752641 14.3290552097974 -0.215791586579658 0 -0.0703306671512922 1.48790800912208 0.366502849043581 0.79409043040317 1.78570482816813 1.32666692572025 0.695830386884432 0.594697144159441 4.51637977013196 -1.87978522269045 0.58477505190986 -13.1164008998854 -18.7414049910109 3.13085404973517 19.4777762421769 19.3847518097305 7.65148613958223 9.71817587954838 -0.874160631966852 -0.23258512202305 -0.355160973647219 0 0.0703606859223734 -1.81739824908664 -1.46783191220268 0.581065051635292 -0.0839662442654214 0.892010547636082 
2.56650670918409 -15.1649440523074 7.29248250422184 14.2524333333841 3.97740714905197 1.39652476119647 3.82697485749469 -0.0771754043536146 22.3340620832211 0 -5.62973323617118 -0.667015781936709 0.493731254899749 0.557846121330674 -0.334902758898634 0.495501579947538 0.867401597927046 1.78570482816813 1.31061227878119 1.01454909248955 -0.555537694387854 0 -1.87978522269045 0 0 -21.5882046992836 20.4858299084407 19.4777762421769 0 7.65148613958223 17.4242149374561 1.97945172897515 -0.23258512202305 -0.667678957184627 0 -0.404981171402606 2.16036358673142 -1.46783191220268 0.855582403072893 0.627150817041821 0 
0 -7.88964496626968 3.94357362014408 6.40022221775736 0 18.5528534135096 2.82187173304701 -0.0771754043536146 16.3047708667371 2.84413004202961 14.3290552097974 0.595608745978963 0 0.963090784811923 0.860422585560206 -0.191552240341693 0.79409043040317 1.78570482816813 0.789256168850351 0.88817023583137 0.594697144159441 20.127102311946 -17.7299109090725 4.04985858486027 -13.1164008998854 -18.7414049910109 -0.484130135217742 19.4777762421769 16.2473004009562 -18.8818193501243 0 0.723841022720486 0.0310912653948605 -1.07924685198313 0 0.0703606859223734 -2.23175890107255 -1.46783191220268 0.461214881078906 -1.56857905900505 -0.044609132243604 
1.57142565333233 -9.6165230449366 4.98601106351056 3.23005655930846 -2.34393663289674 0 3.82697485749469 -0.0771754043536146 21.7270361685786 0.617433711987656 1.77938435379387 0.595608745978963 0.998750880094595 1.20186968389986 0.53326420780889 0.495501579947538 0.867401597927046 1.78570482816813 1.92730612024074 -0.263169920194508 -0.58537630092603 7.68102710548836 -1.87978522269045 -1.05203276353517 -13.1164008998854 -7.94403869141547 16.6679209721358 19.4777762421769 19.3847518097305 1.58678779503647 15.4001649952262 -0.23366677472073 -0.23258512202305 -0.653569538357467 0 -1.80536125464615 1.89857760578793 -1.46783191220268 0.581065051635292 -0.462485380686114 0.77956829406301 
2.85206656194692 -19.5912941736361 5.75512571609818 8.0834817620383 3.39300922252844 22.6080074404171 -4.17879500686135 -0.0771754043536146 18.1124276659044 -1.18797411468717 14.3290552097974 -1.04283780984713 0.75899016615422 0.516109605541504 1.48790800912208 -0.794128951562628 0 1.78570482816813 1.32666692572025 -0.263169920194508 0.42169452054505 7.68102710548836 -1.87978522269045 6.3126108834113 -13.1164008998854 -7.94403869141547 18.96162224494 17.3993106021543 19.3847518097305 -18.8818193501243 12.1851239914937 -0.23366677472073 -0.23258512202305 -0.676888563985419 0 -1.80536125464615 2.29791148500885 -1.70862130471907 0.581065051635292 -1.56857905900505 0.892010547636082 
2.56988634506748 -19.6061065236368 7.29248250422184 0 3.39300922252844 0 2.82187173304701 -0.0771754043536146 19.9770825323309 0 14.3290552097974 -0.699111080644238 0.493731254899749 -0.550279709692243 1.48790800912208 -0.196184320159342 0.383149220567732 1.78570482816813 1.21922591098548 1.01454909248955 0.594697144159441 4.51637977013196 -1.87978522269045 0.58477505190986 3.3398776808008 14.7772009235701 17.6326684363338 17.3993106021543 0 1.01287162700336 17.4242149374561 -0.874160631966852 -0.23258512202305 -0.960433059218541 -0.309161031879094 0.214942639449119 1.50988520317706 -1.70862130471907 0.855582403072893 -1.41350626714225 0 
2.57036047570913 -9.6165230449366 4.48450508899265 16.9659098322345 0 0 3.84524594240135 -0.0771754043536146 19.9770825323309 0.617433711987656 14.3290552097974 0.595608745978963 0 0.57008058175914 0.860422585560206 0.495501579947538 0 1.78570482816813 1.21922591098548 -0.263169920194508 0.594697144159441 7.68102710548836 -1.87978522269045 4.71168965150681 -3.21213010103075 14.9860957893478 20.4858299084407 0 19.3847518097305 1.58678779503647 5.20655095102571 -0.23366677472073 -0.23258512202305 0.173234727332943 1.80799649540707 0 2.16036358673142 -0.699646122753455 0.581065051635292 -0.462485380686114 0.421053572102009 
2.57036047570913 -9.6165230449366 2.13387962721003 6.69565338811169 0 17.7051188946725 2.82187173304701 -0.0771754043536146 22.3340620832211 0 1.89087667804718 0.595608745978963 0 0.113440549901426 0.860422585560206 0.366502849043581 0.79409043040317 1.78570482816813 1.31061227878119 1.81926005851909 0.0866061290989659 4.51637977013196 -1.87978522269045 5.43270056668329 9.08221915638178 -21.5882046992836 16.6679209721358 17.3993106021543 0 6.52482635107582 12.1851239914937 -0.596963967241796 -0.23258512202305 -0.230153424074013 -0.0593000749029685 -0.672353881924578 1.89857760578793 -1.70862130471907 0.855582403072893 -0.0839662442654214 0.892010547636082 
2.56962366136775 -9.6165230449366 7.29248250422184 -0.676580162149193 0 0 5.24386391134181 -0.0771754043536146 20.0620747060338 0 14.3290552097974 0.778663264717284 0.493731254899749 -1.00002079015599 0.860422585560206 0.495501579947538 0.79409043040317 1.78570482816813 1.23511853673268 1.01454909248955 0.594697144159441 4.51637977013196 -1.87978522269045 4.71168965150681 0 14.9860957893478 3.13085404973517 11.736142372124 0 1.01287162700336 5.20655095102571 -0.874160631966852 -0.23258512202305 0.173234727332943 2.26721421987154 0 -1.75876191552671 -2.01234856421703 0.855582403072893 -1.41350626714225 0.421053572102009 
2.57251523508209 -19.6061065236368 5.15372766144747 14.2524333333841 -1.49356516643593 0 15.0788702420326 -0.0771754043536146 22.3340620832211 2.84413004202961 -4.84609227548171 -0.699111080644238 0.458565329782928 0.557846121330674 0.387499226949876 1.08766929275713 0.23761765325331 1.78570482816813 1.31061227878119 0.88817023583137 -0.555537694387854 5.75275976979302 -15.0430522985026 -16.539486076934 1.14193178412594 -21.5882046992836 17.6326684363338 17.3993106021543 10.0467394912833 1.01287162700336 17.4242149374561 -1.56055925090823 0.777818305035037 0 -0.168785766907402 -0.80953590087571 1.46405320403355 -1.70862130471907 -0.00272511171769591 -1.13195885704456 -0.509900116939051 
2.85154247632257 -19.6061065236368 -12.6065675134801 3.23005655930846 3.39300922252844 0 5.24386391134181 -0.0771754043536146 19.9770825323309 1.83768806752641 14.3290552097974 -0.699111080644238 0 1.20186968389986 1.48790800912208 0.495501579947538 0.79409043040317 1.78570482816813 1.21922591098548 0.695830386884432 0.594697144159441 4.51637977013196 -1.87978522269045 0.58477505190986 0 -18.7414049910109 3.13085404973517 11.736142372124 8.60062024663231 7.65148613958223 17.4242149374561 -0.874160631966852 -0.23258512202305 -0.960433059218541 2.26721421987154 0.0703606859223734 -1.75876191552671 -2.01234856421703 0.0949900055886199 -0.0839662442654214 0 
2.57009741187275 -9.6165230449366 3.94357362014408 14.2524333333841 0 21.2687917057279 3.82697485749469 -0.0771754043536146 19.9770825323309 0 14.3290552097974 0.595608745978963 0 0 0.860422585560206 0.366502849043581 0.867401597927046 1.78570482816813 1.21922591098548 1.55277195365763 0.42169452054505 4.52168711396944 -1.87978522269045 0 5.4091972417241 -21.5882046992836 18.96162224494 17.3993106021543 19.3847518097305 18.4724600017641 0 -1.31971142822863 -0.967597611387073 -0.667678957184627 -0.493103477458052 -0.80953590087571 2.29791148500885 -1.66012973586569 0.581065051635292 1.74054222448754 -0.044609132243604 
2.56819821463191 -9.6165230449366 5.15372766144747 -2.64826294167352 3.39300922252844 0.422914800873452 3.82697485749469 -0.0771754043536146 19.9770825323309 0.112371983175339 0.00548789510758961 0.595608745978963 0.458565329782928 -0.550279709692243 1.48790800912208 0.389900489700912 0.867401597927046 1.78570482816813 1.21922591098548 1.24312016103096 0.252594015711264 0 -17.7299109090725 -0.88051125410968 9.08221915638178 7.20691330647418 17.6326684363338 17.3993106021543 10.0467394912833 -19.3184636123099 14.8171766717998 1.97945172897515 0 0.485777144919046 -0.0593000749029685 -0.221321241404545 1.46405320403355 -1.70862130471907 -0.00272511171769591 -1.17049035844882 0.48456446357284 
1.57142565333233 -19.6061065236368 5.74088333858684 0 -0.933661240028991 0 2.82187173304701 12.7032875608202 1.18992964191825 -0.307268424195828 14.3290552097974 -0.699111080644238 0.75899016615422 -0.350463444455743 0.156894409217357 0.495501579947538 0.79409043040317 0 0.510160379144438 -0.560845573437794 0.594697144159441 17.8765355828575 -16.668808727371 -2.8712082465278 5.4091972417241 10.4952098105546 3.13085404973517 17.3993106021543 19.3847518097305 7.65148613958223 9.71817587954838 0.317181885650932 0.368220192886991 -0.667678957184627 -1.18561640889645 0 -1.81739824908664 -1.70862130471907 0.581065051635292 0 0.892010547636082 
2.56914921254709 -15.2940305732628 5.15372766144747 -2.64826294167352 0 0 3.84524594240135 -0.0771754043536146 19.9770825323309 0 0.00548789510758961 -0.888175080697134 0.458565329782928 -0.550279709692243 0.860422585560206 0.495501579947538 -0.296902272145684 1.78570482816813 1.21922591098548 0.17682849466653 0.252594015711264 5.75275976979302 -15.0430522985026 -16.539486076934 1.14193178412594 -21.5882046992836 17.6326684363338 17.3993106021543 10.0467394912833 1.01287162700336 5.20655095102571 -1.56055925090823 0.777818305035037 0 -0.168785766907402 -0.80953590087571 1.02819702539043 -1.70862130471907 -0.00272511171769591 -1.13195885704456 0.421053572102009 
2.57036047570913 -9.6165230449366 2.13387962721003 8.0834817620383 0 0 2.82187173304701 -0.0771754043536146 19.9770825323309 0 14.3290552097974 0.595608745978963 0 0.516109605541504 0.860422585560206 0.495501579947538 0.79409043040317 1.78570482816813 1.21922591098548 1.456729500078 0.594697144159441 0.682085523257072 19.5161355920677 5.43270056668329 -13.1164008998854 -21.5882046992836 3.13085404973517 17.3993106021543 0 7.65148613958223 12.1851239914937 1.27824266477872 0.72311685530614 0.370020045870924 0 -0.672353881924578 -1.81739824908664 -1.70862130471907 0.855582403072893 0.600178320845672 0.892010547636082 
0 -5.30360060155094 7.29248250422184 3.23005655930846 0 0 3.84524594240135 -0.0771754043536146 16.3047708667371 2.84413004202961 14.3290552097974 -0.534452047056729 0.493731254899749 1.20186968389986 0.860422585560206 0.495501579947538 0.551798150181676 1.78570482816813 0.789256168850351 0.88817023583137 0.594697144159441 4.51637977013196 -17.7299109090725 4.71168965150681 0 -18.7414049910109 17.6326684363338 17.3993106021543 11.2136596253205 1.01287162700336 9.71817587954838 -0.874160631966852 0.0310912653948605 0.173234727332943 2.26721421987154 0.0703606859223734 1.46405320403355 -1.70862130471907 0.400222561997465 -1.41350626714225 0.892010547636082 
2.57036047570913 -7.96469454465653 2.65785999801376 -2.64826294167352 -0.933661240028991 8.13799266805314 2.82187173304701 -0.0771754043536146 16.3047708667371 0 14.3290552097974 0.163984711600461 1.51706056500183 -0.550279709692243 0.156894409217357 0.366502849043581 0.79409043040317 1.78570482816813 0.789256168850351 0 0.594697144159441 0.907838713241667 -16.668808727371 -16.539486076934 5.4091972417241 7.20691330647418 1.24519768417589 17.3993106021543 11.2136596253205 1.58678779503647 5.20655095102571 -1.49969981939518 0.368220192886991 0 -1.18561640889645 -0.221321241404545 -2.41878447859026 -1.70862130471907 0.400222561997465 -0.462485380686114 0.421053572102009 
2.85304364239642 -9.6165230449366 7.29248250422184 0 3.39300922252844 0.422914800873452 3.82697485749469 -0.0771754043536146 22.3340620832211 -0.0698750087152584 1.77938435379387 0.595608745978963 0.493731254899749 -0.550279709692243 1.48790800912208 0.389900489700912 0.867401597927046 1.78570482816813 1.31061227878119 -0.263169920194508 -0.58537630092603 4.51637977013196 0 1.39058398219784 3.3398776808008 -21.5882046992836 1.24519768417589 17.3993106021543 0 -19.3184636123099 15.4001649952262 -0.874160631966852 0 0.173234727332943 -0.309161031879094 -0.404981171402606 -2.9477450249287 -1.70862130471907 0.855582403072893 -1.17049035844882 0.77956829406301 
