100
10
2.85325165913957 -9.6165230449366 2.13387962721003 6.71250458781724 0 0 2.82187173304701 19.0058825253536 2.06952411451821 -0.307268424195828 15.2766814170762 0.595608745978963 0 0 0.860422585560206 0.495501579947538 0.79409043040317 0 0.0348374208783905 -0.560845573437794 0.591217487878733 4.51637977013196 13.8948257145913 5.43270056668329 0 10.4952098105546 3.13085404973517 13.0460968488111 0 18.4724600017641 9.05416622536917 -0.874160631966852 0 -0.230153424074013 2.26721421987154 0 -1.81739824908664 -1.54860505999467 0.855582403072893 1.74054222448754 0.892010547636082 
2.85227568115202 -9.6165230449366 0 3.23005655930846 -0.345942022742677 17.3482750343849 3.82697485749469 -0.0771754043536146 18.1124276659044 0 14.3290552097974 0.595608745978963 0.386276332701685 1.20186968389986 0.586827653109481 0 0.867401597927046 1.78570482816813 1.32666692572025 -0.263169920194508 0.594697144159441 0 0 0 5.4091972417241 -18.7414049910109 18.96162224494 0 1.03424918886006 2.7954618366414 13.5468737937263 1.97945172897515 0 -0.667678957184627 0 0.0703606859223734 2.29791148500885 1.44560278740041 0 0 0 
2.571571100989 -9.6165230449366 2.13387962721003 0 0 0 3.84524594240135 12.7032875608202 0.0801325910399354 0 14.3290552097974 0.595608745978963 0 0 0.860422585560206 0.495501579947538 0 0 0.45396995378843 0 0.594697144159441 4.51637977013196 13.8948257145913 0 -13.1164008998854 10.4952098105546 0 17.3993106021543 19.3847518097305 0 17.4242149374561 -0.874160631966852 0 -0.30580772753144 0 0 -1.81739824908664 -1.70862130471907 0.581065051635292 -0.462485380686114 0 
1.57142565333233 -9.6165230449366 2.13387962721003 0 0 0 3.84524594240135 17.131463543806 0.0801325910399354 0 14.3290552097974 0.595608745978963 0 0 0.860422585560206 0.495501579947538 0 0.761961203469877 0.45396995378843 0 0.594697144159441 4.51637977013196 -17.7299109090725 -16.539486076934 0 14.9860957893478 0 17.3591957544252 19.3847518097305 0 17.4242149374561 -0.874160631966852 0 0 2.26721421987154 0 -1.81739824908664 -2.04245565889518 0.581065051635292 -0.462485380686114 0 
2.56988634506748 -9.6165230449366 2.13387962721003 0 0 0 3.84524594240135 12.7032875608202 0.0801325910399354 0 14.3290552097974 0.595608745978963 0 0 0.860422585560206 0.495501579947538 0 -0.582755150498243 0.45396995378843 0 0.594697144159441 4.51637977013196 -17.7299109090725 -16.539486076934 0 14.9860957893478 0 18.0625698732969 19.3847518097305 0 17.4242149374561 -0.874160631966852 0 0 2.26721421987154 0 -1.81739824908664 -1.02107509152082 0.581065051635292 -0.462485380686114 0 
0 -9.6165230449366 2.13387962721003 0 0 -3.99822312267414 3.84524594240135 12.7032875608202 0.0801325910399354 0 14.3290552097974 0.595608745978963 0 0 0.860422585560206 0.495501579947538 0 0 0.45396995378843 0 0.594697144159441 4.51637977013196 -17.7299109090725 -16.539486076934 0 14.9860957893478 0 17.3993106021543 19.3847518097305 0 17.4242149374561 -0.874160631966852 0 0 2.26721421987154 0 -1.81739824908664 -1.70862130471907 0.581065051635292 -0.462485380686114 0 
1.57142565333233 -6.4795234687531 3.94357362014408 0 0 0 3.84524594240135 19.0058825253536 0 0 14.3290552097974 -0.234576263108559 0 0 0.860422585560206 0.495501579947538 0 0 -0.182365577957763 0 0.594697144159441 4.51637977013196 13.8948257145913 0 -13.1164008998854 10.4952098105546 0 13.0460968488111 14.112723278982 7.65148613958223 0 -0.874160631966852 0 -0.667678957184627 0 0 -1.81739824908664 -1.54860505999467 0.25687626114901 0 -0.044609132243604 
2.57109798855871 -9.6165230449366 3.94357362014408 0 0 0 3.84524594240135 19.0058825253536 1.18992964191825 0 14.3290552097974 0.595608745978963 0 0 0.860422585560206 0.495501579947538 0 0 -0.263255857053798 0 0.594697144159441 4.51637977013196 13.8948257145913 0 -13.1164008998854 10.4952098105546 0 13.0460968488111 17.749957399047 7.65148613958223 0 -0.874160631966852 0.154148438924061 -0.667678957184627 0 0 -1.81739824908664 -1.54860505999467 0 0 -0.044609132243604 
2.56988634506748 -15.1649440523074 -12.6065675134801 -10.3638491455297 17.6070935396045 -13.9419613843513 10.3223563201364 -0.0771754043536146 18.1124276659044 0 -4.84609227548171 -0.667015781936709 0 0 -0.992810893334826 -1.18608774765678 -0.354072984398377 1.78570482816813 1.32666692572025 1.55277195365763 -0.555537694387854 18.9155071316825 2.4187233949633 4.4710669780481 -0.880948356530139 -6.55867586217759 17.6326684363338 19.4777762421769 0 0 12.1851239914937 0.52622613614715 0.0620968378251869 -0.676888563985419 0.513742427999965 0.518661023359122 1.46405320403355 -1.46783191220268 0.249457139638 -0.462485380686114 0.892010547636082 
2.56793731455563 -19.6061065236368 0 8.0834817620383 13.613973849576 21.2687917057279 10.3223563201364 -0.0771754043536146 18.1124276659044 0 -4.84609227548171 -0.699111080644238 0 0.516109605541504 -0.967905312640548 0.366502849043581 -0.354072984398377 1.78570482816813 1.32666692572025 1.55277195365763 -0.555537694387854 -10.7386995284766 0 4.4710669780481 0 -9.44131235542768 17.6326684363338 19.4777762421769 0 -18.8818193501243 12.1851239914937 -0.523611902149213 0 -0.676888563985419 0 -1.64466012438976 1.46405320403355 -1.46783191220268 0.249457139638 -0.828458802899559 0.892010547636082 
2.57083390784213 -15.1649440523074 1.68475647714676 3.23005655930846 -0.345942022742677 0 3.84524594240135 -0.0771754043536146 0 0 14.3290552097974 -0.667015781936709 1.48228125156941 1.20186968389986 0.586827653109481 0.495501579947538 0 1.78570482816813 -0.263255857053798 1.55277195365763 -0.11987647643307 0 13.8948257145913 0 -13.1164008998854 10.4952098105546 20.4858299084407 0 18.714143437666 -1.55922105608472 -2.44195183666514 1.97945172897515 -0.345340259049712 -0.30580772753144 0 0 2.16036358673142 -0.699646122753455 0.898857128293653 0.031732575051362 -0.044609132243604 
2.56793731455563 -15.1649440523074 -12.6065675134801 -10.3638491455297 7.54104370602455 0 2.48400578248967 -0.0771754043536146 18.1124276659044 0 18.0017163031743 -0.667015781936709 0 0 0 0.495501579947538 0.487619732766235 1.78570482816813 1.32666692572025 1.55277195365763 0.594697144159441 17.0922148214151 0 -13.8402736158298 10.6418154251956 -12.5584815221645 -1.67387766611012 -2.05287800014619 16.1367461253594 7.65148613958223 12.1851239914937 0 0 0.41138055101567 0 -1.64466012438976 -1.35672851879929 -1.9524874333071 0 0 0.892010547636082 
2.56988634506748 -14.8643641910117 -12.6065675134801 0 7.54104370602455 10.9007613850295 5.79528363691423 -0.0771754043536146 18.1124276659044 0 -4.84609227548171 -0.0608999309227336 0 1.47072999340982 0 0.28542784632902 0.487619732766235 1.78570482816813 1.32666692572025 1.55277195365763 -0.555537694387854 -1.1384934429957 0 -13.8402736158298 9.08221915638178 -12.5584815221645 -1.67387766611012 -2.05287800014619 0 -1.55922105608472 12.1851239914937 0.503913633787964 0 0.41138055101567 -0.0593000749029685 -2.29785819353902 -1.35672851879929 -1.9524874333071 0.249457139638 0.031732575051362 0.892010547636082 
1.57142565333233 -15.1649440523074 0 -21.728738415534 4.26652499626694 3.46945355186213 10.4172108397666 -0.884963926339971 7.17129616400753 0 -1.32021938186149 -0.667015781936709 0 1.10923002863733 0.860422585560206 0.495501579947538 -0.354072984398377 0.678453534226144 1.27771223947765 1.55277195365763 0.331068010838268 -10.5398833335097 0.944683132830394 -3.84543605327859 0 -12.5584815221645 0 4.74327190655436 0 -17.3967204323955 0 1.52448077663988 0.705865813962121 -1.90735403723426 0 -1.66782619937687 -1.81739824908664 -0.715566599767453 0.249457139638 1.46104832434144 -0.505501113843872 
1.57142565333233 -15.1649440523074 5.98707973304534 3.97482614218016 0 17.3482750343849 3.84524594240135 -16.7346931792492 1.19507805034289 0 0 -0.667015781936709 0.446507904886505 0 0.860422585560206 0 0 0.366769787094914 -0.263255857053798 0 -1.1681418461763 -10.5398833335097 0 -16.539486076934 5.4091972417241 -6.55867586217759 0 4.87944621819977 -5.4537896084384 7.65148613958223 0 1.52448077663988 0 0 0.802263830137562 0.518661023359122 -1.81739824908664 0 -1.39772556507854 0 1.19067444707764 
1.57142565333233 -15.1649440523074 -3.40227012662323 7.13468860235749 0 -13.9419613843513 16.639962555673 3.93178126208101 1.20930868336433 0 14.3290552097974 -0.381027996642994 -0.106277667510453 -0.0655310107700205 0 -1.18608774765678 0.986122168454398 0 0.0418148931496846 1.55277195365763 0.594697144159441 -7.97975425980042 -17.7299109090725 2.08576260231704 -17.7115514211876 -12.5584815221645 1.0801462296304 -2.05287800014619 0 7.65148613958223 15.1969395462409 0 0 0 -1.52048759140097 -1.64466012438976 1.24938009830629 -1.9524874333071 0.0967945445733119 0 0 
1.57142565333233 18.1190077558248 -3.60599176194798 17.5682554680706 0 4.29867561175426 3.84524594240135 0 0 0 14.3290552097974 0.515170485114292 0 1.68346783317787 0 1.97938650286728 0 1.04267997156953 0 1.55277195365763 0.594697144159441 4.51637977013196 13.8948257145913 3.03479331062864 8.11114053386782 12.6751692708 -3.17835217594558 0 0 0 0 -1.5390849174648 0 0.190159802767522 0.566886543094593 0.74358359585683 -0.653072283981867 0 0.160673894062952 0 -0.044609132243604 
1.57142565333233 -14.8643641910117 5.98707973304534 3.97482614218016 7.54104370602455 14.2889247590159 15.0788702420326 -19.6451423052443 18.1124276659044 0 0 -0.0608999309227336 0.446507904886505 0 0 0.528207587226391 0.092221798418193 0.366769787094914 1.32666692572025 1.55277195365763 -1.1681418461763 -1.1384934429957 0 -13.8402736158298 9.08221915638178 -12.5584815221645 0 4.02883308615016 -1.73541534181471 -1.55922105608472 12.1851239914937 0.503913633787964 0 0.41138055101567 -0.0593000749029685 -2.29785819353902 0 0.671839484698996 -1.39772556507854 0.031732575051362 0.892010547636082 
1.57142565333233 7.09937914605224 1.01225917505206 2.80688923285663 13.434979332278 17.3482750343849 0 -0.0771754043536146 0 0 -4.84609227548171 -1.43106898173274 0.0636303548019521 -0.690034883650967 2.32783074833352 0 0 1.78570482816813 -0.263255857053798 0 -0.555537694387854 18.9155071316825 2.93969178709187 2.08576260231704 14.3360812131949 -12.5584815221645 0 0 1.03424918886006 -1.55922105608472 0 0.52622613614715 0 0.507876364378201 0 -1.64466012438976 -1.81739824908664 1.44560278740041 0 0.031732575051362 -0.044609132243604 
1.57142565333233 -15.1649440523074 3.94357362014408 20.0756516829252 -17.8455007904421 13.1122586046868 0 20.6897368781221 0 0 -3.08224794237513 -0.381027996642994 0 -0.516140276312893 2.45326011595002 0 1.13675711356884 -0.0509325843541569 -0.263255857053798 -0.263169920194508 -0.555537694387854 -16.7730637782128 13.8948257145913 2.08576260231704 -4.13639658323321 10.4952098105546 12.2307142113478 -4.54015135515488 16.1367461253594 0 9.71817587954838 1.89874144224391 0 -0.839252281812603 -0.943802413038817 0 -1.40987321520684 -1.27679533212296 0 -0.462485380686114 0.892010547636082 
1.57142565333233 -9.6165230449366 3.94357362014408 -10.3638491455297 7.54104370602455 4.29867561175426 0 2.77723446617705 0 0 -4.84609227548171 0.595608745978963 0 0 0 1.97938650286728 1.01342390617981 -0.0900088604958769 0 0.00246452847610439 -0.555537694387854 17.0922148214151 0 0 10.6418154251956 -0.229985965522931 20.4858299084407 14.521650017063 10.0467394912833 0 3.61207955685075 0 0 -0.30580772753144 0 0 2.16036358673142 -1.0195713002093 -0.00272511171769591 0 0.0347239384589363 
1.57142565333233 -9.6165230449366 0 -10.3638491455297 7.54104370602455 4.29867561175426 10.4172108397666 0 0 -0.359184609870047 -3.85805197474922 0.595608745978963 0 0 0 1.97938650286728 -0.354072984398377 0 0 0.763075787552202 -0.758736376421869 17.0922148214151 0 0 10.6418154251956 -0.229985965522931 -3.17835217594558 14.521650017063 10.0467394912833 1.75867701375795 11.3425204252557 0 0 -0.30580772753144 0 0 -0.653072283981867 -1.0195713002093 -0.00272511171769591 0.031732575051362 -0.598604849427289 
1.57142565333233 -9.6165230449366 5.98707973304534 0 13.434979332278 0 -4.17879500686135 19.0058825253536 -7.38909628688781 0 -14.2017478096307 0.595608745978963 0.446507904886505 0 2.32783074833352 0.495501579947538 0 0 0 -0.263169920194508 0 4.51637977013196 13.8948257145913 0 5.4091972417241 15.718997639799 0 13.0460968488111 18.5343008774958 2.7954618366414 0 -0.874160631966852 0 -0.667678957184627 0 0.368912837034516 -1.81739824908664 -1.54860505999467 0 0 1.19067444707764 
1.57142565333233 -9.6165230449366 -3.40227012662323 -10.3638491455297 17.4451060860628 4.34418694702638 2.44386011848406 2.77723446617705 0 5.85671568562124 0 0.595608745978963 -0.106277667510453 0 1.76842868596708 0.421578126978864 -2.24025220782508 -0.0900088604958769 -0.263255857053798 1.36826732259629 -0.477513038775657 -7.97975425980042 8.17426628813812 0 10.6418154251956 10.4952098105546 -4.10060526914923 13.0460968488111 16.4491815529527 7.65148613958223 0 0 0 -0.30580772753144 0 0 -1.81739824908664 -1.54860505999467 0.715210319969435 0 -0.044609132243604 
1.57142565333233 -8.20008195107807 1.27554064804015 -22.6778126558884 0 0 3.84524594240135 -0.884963926339971 7.17129616400753 0 0 1.09673194805939 0.75899016615422 1.54468232617 0.860422585560206 0.495501579947538 0 0.678453534226144 1.27771223947765 0 0 -10.5398833335097 -20.4804619990664 -16.2836630325921 -17.7115514211876 -6.55867586217759 0 13.0460968488111 0 -17.3967204323955 9.71817587954838 1.52448077663988 -0.588091951416848 0.198795086452176 -1.52048759140097 0.518661023359122 -1.81739824908664 -1.54860505999467 0 1.46104832434144 0.288980994852717 
1.57142565333233 -19.6061065236368 0 3.23005655930846 17.4451060860628 4.34418694702638 0 2.77723446617705 18.1124276659044 5.85671568562124 14.3290552097974 -0.699111080644238 0 1.20186968389986 1.76842868596708 1.32133292534451 1.20801857263223 -0.0900088604958769 1.32666692572025 1.36826732259629 0.42169452054505 0 19.1401366461255 4.4710669780481 0 9.15302979003313 0 0 0 19.160583510022 11.9134933526225 1.97945172897515 0.716161487901658 -0.676888563985419 2.26721421987154 1.42427737332614 0 -0.699646122753455 0.249457139638 1.74054222448754 0.892010547636082 
1.57142565333233 -9.6165230449366 5.98707973304534 14.2524333333841 13.434979332278 17.3482750343849 -4.17879500686135 -0.0771754043536146 18.1124276659044 0 -3.08224794237513 0.595608745978963 0.446507904886505 0 2.32783074833352 0 0 1.78570482816813 1.32666692572025 1.55277195365763 -0.555537694387854 0 13.8948257145913 0.58477505190986 -13.1164008998854 15.718997639799 12.2307142113478 0 1.03424918886006 0 -4.22133633644382 1.97945172897515 0 -0.960433059218541 -0.483833648350012 0.368912837034516 -1.40987321520684 1.44560278740041 0 -0.462485380686114 -0.044609132243604 
1.57142565333233 -15.1649440523074 -12.6065675134801 0 0 -13.9419613843513 10.1965096218961 3.93178126208101 -13.3775255146332 0 14.3290552097974 -0.381027996642994 0 1.47072999340982 0 -1.18608774765678 1.1729969407632 0 -1.5158906315993 1.55277195365763 0.594697144159441 0 13.8948257145913 2.08576260231704 -17.7115514211876 13.0024174940784 2.28200829694141 11.7135385842126 0 -1.55922105608472 0 0 0 0 -1.52048759140097 1.06894400299943 1.94478175153247 -1.0195713002093 0 0.031732575051362 1.19067444707764 
1.57142565333233 7.09937914605224 -13.4745438250129 0 -9.93127594221443 17.3482750343849 5.79528363691423 -0.0771754043536146 0 0 -14.2017478096307 -1.43106898173274 0 1.47072999340982 0.678142525329321 0 -0.0973621714894483 1.78570482816813 -1.27025979537063 1.55277195365763 0 -7.97975425980042 2.93969178709187 2.08576260231704 14.3360812131949 -12.5584815221645 -11.8119453195305 0 0 -1.55922105608472 -9.67114824320709 0 0 0 0 -1.64466012438976 0.420474968077836 1.44560278740041 0.160673894062952 0.031732575051362 -0.938443573628759 
1.57142565333233 -12.0308381933863 1.27554064804015 -25.5470006434466 0 17.3482750343849 3.84524594240135 15.3697943242126 0 0 -10.0163964342635 -0.536488295782585 0.75899016615422 1.80429820227171 0.860422585560206 0 0 0 0 0 0.26036008079553 -10.5398833335097 0.00863527879521031 -16.539486076934 -17.7115514211876 -6.55867586217759 0 17.7398835982847 0 -18.8818193501243 9.71817587954838 1.52448077663988 1.82786254390509 0 -1.52048759140097 0.518661023359122 -1.81739824908664 -1.63431044040914 0.249457139638 -0.828458802899559 0.288980994852717 
1.57142565333233 -16.9553841275421 3.94357362014408 17.5682554680706 0 -13.9419613843513 0 3.93178126208101 0 0 -14.2017478096307 -0.501105187293657 0 1.68346783317787 0.860422585560206 -1.18608774765678 0 0 -0.263255857053798 1.55277195365763 0 -22.3118229297976 13.8948257145913 2.08576260231704 8.11114053386782 13.0024174940784 2.28200829694141 12.170620185775 0 0 0 0.163467976573607 0 0 0.566886543094593 1.06894400299943 1.24938009830629 -1.37828108841939 0 0 -0.044609132243604 
1.57142565333233 -8.04527746224556 0 -10.3638491455297 17.4451060860628 15.9261411446268 0 19.0058825253536 0 0 0 0.200898502408945 0 0 1.11915983826349 -0.119537080926605 1.01342390617981 0 -0.263255857053798 0 -1.3195076367443 -17.9936584914074 0 0 10.6418154251956 -16.756209813783 20.4858299084407 13.0460968488111 0 -1.55922105608472 9.71817587954838 -1.77381643269854 0 -0.30580772753144 0 -0.306897349798538 2.16036358673142 -1.54860505999467 0.886331409572778 0.031732575051362 0.892010547636082 
1.57142565333233 17.2969402825911 3.94357362014408 3.97482614218016 17.4451060860628 0 0 2.77723446617705 0 5.85671568562124 -4.84609227548171 0 0 0 1.76842868596708 0.495501579947538 1.01342390617981 -0.0900088604958769 -0.263255857053798 1.36826732259629 -0.555537694387854 18.9155071316825 0 0 -19.8002807701939 13.0024174940784 -16.2218149454434 13.0460968488111 0 0 15.1969395462409 0.52622613614715 -0.464818962134802 -0.0447364503446672 0 1.06894400299943 0 -1.54860505999467 0 0 0 
1.57142565333233 -8.20008195107807 -2.53460593860811 -22.6778126558884 -17.8455007904421 0 3.84524594240135 19.0058825253536 0 0 14.3290552097974 1.09673194805939 1.64066026447837 1.54468232617 1.59412206876749 0.495501579947538 0 0 -0.263255857053798 0 0.594697144159441 -10.5398833335097 1.51936560884089 -16.2836630325921 5.4091972417241 -6.55867586217759 -8.43019170147841 13.0460968488111 0 7.65148613958223 9.71817587954838 1.52448077663988 0.568158380607217 0.198795086452176 0 0.518661023359122 0 -1.54860505999467 0.249457139638 0 0.288980994852717 
1.57142565333233 -15.1649440523074 -12.6065675134801 2.50821554218801 -0.345942022742677 17.3482750343849 0 -0.0771754043536146 7.17129616400753 5.85671568562124 14.3290552097974 -0.667015781936709 0 1.47072999340982 0.586827653109481 0 1.01342390617981 1.78570482816813 1.27771223947765 1.36826732259629 0.594697144159441 -1.1384934429957 0 8.5615162966128 5.4091972417241 -18.7414049910109 -1.67387766611012 -2.05287800014619 18.714143437666 -1.55922105608472 13.5468737937263 0.503913633787964 0 -0.676888563985419 0 0.0703606859223734 -1.35672851879929 -1.9524874333071 0.898857128293653 0.031732575051362 0 
1.5707963267949 3.38106438255918 -3.40227012662323 -10.3638491455297 -9.93127594221443 4.34418694702638 5.79528363691423 -0.0771754043536146 0 5.85671568562124 -14.2017478096307 -0.626860904612979 -0.106277667510453 0 0.678142525329321 0.421578126978864 0.487619732766235 1.78570482816813 -1.27025979537063 1.36826732259629 0 -7.97975425980042 8.17426628813812 0 10.6418154251956 -12.5584815221645 0 0 18.714143437666 7.65148613958223 -9.67114824320709 0.877301151155169 0 -0.30580772753144 0 -1.64466012438976 -1.81739824908664 1.44560278740041 0.898857128293653 0 -0.938443573628759 
0 -19.4471915326767 -12.6065675134801 14.2524333333841 0 0 3.84524594240135 19.0058825253536 2.06952411451821 -0.307268424195828 -3.08224794237513 0.516961798759625 0 0 0.860422585560206 0.495501579947538 0 0 0.0348374208783905 -0.560845573437794 -0.555537694387854 3.80972527191496 13.8948257145913 0.58477505190986 9.08221915638178 10.4952098105546 12.2307142113478 -2.05287800014619 0 18.4724600017641 -4.22133633644382 -1.0247221200842 0 -0.960433059218541 -0.0593000749029685 0 -1.40987321520684 -1.9524874333071 0.249457139638 1.74054222448754 -0.044609132243604 
1.57142565333233 3.69465236724105 -12.6065675134801 0 17.4451060860628 17.3482750343849 5.79528363691423 19.0058825253536 7.17129616400753 0 -4.84609227548171 0 0 1.47072999340982 1.76842868596708 0 0.0641976516946208 0 1.27771223947765 0 -0.732966975831877 -14.0345761273217 0 -13.8402736158298 0 -6.55867586217759 0 19.4777762421769 0 19.160583510022 10.9201317494363 0.928346362155092 0 0.41138055101567 2.26721421987154 0.518661023359122 0 -1.46783191220268 0.249457139638 1.74054222448754 -1.7483690295128 
1.57142565333233 -15.1649440523074 -12.6065675134801 -21.728738415534 4.26652499626694 0 5.79528363691423 -0.884963926339971 7.17129616400753 0 14.3290552097974 -0.667015781936709 0 1.10923002863733 1.16052761737282 0.495501579947538 0.487619732766235 0.678453534226144 1.27771223947765 1.55277195365763 0.594697144159441 -10.5398833335097 0.944683132830394 -3.84543605327859 0.387329325725943 -12.5584815221645 0 -2.05287800014619 0 -17.3967204323955 0 1.52448077663988 0.705865813962121 -1.90735403723426 0 -1.64466012438976 -1.81739824908664 -1.9524874333071 0.249457139638 1.46104832434144 -0.505501113843872 
1.57142565333233 -9.6165230449366 5.98707973304534 3.97482614218016 13.434979332278 17.3482750343849 -4.17879500686135 -0.0771754043536146 18.1124276659044 0 -14.2017478096307 0.595608745978963 0.446507904886505 -0.413010549453558 2.32783074833352 0 0 1.78570482816813 1.32666692572025 -0.263169920194508 0 0 13.8948257145913 -0.112304931791641 5.4091972417241 15.718997639799 0.214041729091686 0 1.03424918886006 2.7954618366414 0 1.97945172897515 0 0.168467124494941 0 0.368912837034516 -1.81739824908664 1.44560278740041 0 0 1.19067444707764 
1.57142565333233 17.2969402825911 -3.60599176194798 17.5682554680706 -17.8455007904421 0 0 -0.884963926339971 0 -0.0768299054246535 14.3290552097974 0 0 1.68346783317787 1.59412206876749 0.495501579947538 1.13675711356884 0.678453534226144 -0.263255857053798 1.48276379759552 0.594697144159441 -7.97975425980042 0 -16.539486076934 8.11114053386782 -12.5584815221645 2.28200829694141 0 -1.73541534181471 -3.69558517946656 0 0 0 0 0.566886543094593 -1.64466012438976 1.24938009830629 0 -1.39772556507854 0.0771499277451774 -0.044609132243604 
1.57142565333233 -9.6165230449366 0 15.6851160692447 -15.5308212784728 0 3.84524594240135 -7.82775693937566 0 5.85671568562124 -14.2017478096307 0.595608745978963 0 1.68346783317787 -0.0134386774354794 0.495501579947538 0 2.66822298549499 -0.263255857053798 1.36826732259629 0.26036008079553 4.51637977013196 0.0677719060647171 -3.84543605327859 0 10.4952098105546 0 4.65644508542327 16.1367461253594 -12.316610437034 0 -0.874160631966852 0 -1.90735403723426 0 0 -1.81739824908664 -0.309290139493202 0 1.61979038250623 -0.044609132243604 
1.57142565333233 -12.0308381933863 1.27554064804015 18.9925056225585 5.35695738897517 -17.07920405901 3.84524594240135 -0.884963926339971 0.306828975215009 0 -14.2017478096307 -0.536488295782585 0.75899016615422 -0.347456954651259 0.860422585560206 -0.965211463419353 0 1.51713979221747 -0.584983382646452 -0.263169920194508 0.528107038982262 -16.7730637782128 13.8948257145913 8.36626113781997 -13.1164008998854 -6.55867586217759 -16.2218149454434 4.74327190655436 -1.73541534181471 0 -0.694333965188979 1.89874144224391 0 -0.43053485778651 0 0.518661023359122 0 -0.715566599767453 -1.39772556507854 -0.462485380686114 1.19067444707764 
1.57142565333233 -8.04527746224556 0 0 17.4451060860628 4.29867561175426 10.4172108397666 0 0 0.908148420233348 -14.2017478096307 0.200898502408945 0 1.47072999340982 1.11915983826349 1.97938650286728 -0.354072984398377 0 -1.27025979537063 -0.071713002059475 0 -7.97975425980042 2.93969178709187 0 14.3360812131949 13.0024174940784 -11.2067888531866 13.0460968488111 -11.2333667423732 -1.55922105608472 15.1969395462409 0 0 -0.30580772753144 0 1.06894400299943 0.420474968077836 -1.54860505999467 0 0.141790156830936 0 
1.57142565333233 -19.6061065236368 0 0 7.54104370602455 17.3482750343849 10.3223563201364 19.4722756657155 0 0 -4.84609227548171 -0.699111080644238 0 1.47072999340982 0 0 -0.354072984398377 0 0 1.55277195365763 -0.555537694387854 4.51637977013196 0 2.08576260231704 0 12.6751692708 17.6326684363338 19.4777762421769 0 -18.8818193501243 12.1851239914937 -0.874160631966852 0 0 0 0.74358359585683 1.46405320403355 -1.95399847009871 0.249457139638 -0.828458802899559 0.892010547636082 
1.57142565333233 -15.1649440523074 0.300283280480785 -10.3638491455297 16.8561923023575 12.7497409259201 0 19.0058825253536 0 0 0 -0.667015781936709 0.099748652242007 0 -0.109434655434189 0 1.01342390617981 0 -0.263255857053798 0 -1.3195076367443 -17.9936584914074 -3.2661906447337 -16.539486076934 9.08221915638178 -16.756209813783 20.4858299084407 16.0251126879943 0 -1.55922105608472 9.71817587954838 -1.77381643269854 -0.743746740531058 -0.260609369995356 -0.0593000749029685 0 2.16036358673142 2.76376695826825 0.886331409572778 0.031732575051362 0.892010547636082 
1.57142565333233 -9.6165230449366 5.75512571609818 -25.5470006434466 0 0 3.84524594240135 12.7032875608202 0.0801325910399354 0 0 0.595608745978963 0.75899016615422 1.80429820227171 0.860422585560206 0.495501579947538 0 0 0.45396995378843 0 0 4.51637977013196 10.4690859585391 0 -17.7115514211876 10.4952098105546 0 17.3993106021543 19.3847518097305 -17.3967204323955 9.71817587954838 -0.874160631966852 0.258479309574924 -0.30580772753144 -1.52048759140097 0 -1.81739824908664 -1.70862130471907 0.581065051635292 1.46104832434144 0.288980994852717 
1.57142565333233 -18.133981757394 0 3.23005655930846 -0.345942022742677 0 0 19.0058825253536 7.17129616400753 5.85671568562124 14.3290552097974 0.0712745807931173 0.386276332701685 1.20186968389986 0.586827653109481 0.495501579947538 1.01342390617981 0 1.27771223947765 1.36826732259629 0.594697144159441 -2.32941576970248 0 4.4710669780481 5.4091972417241 -18.7414049910109 20.4858299084407 13.0460968488111 16.1367461253594 7.65148613958223 0 1.53632938206956 0 -0.676888563985419 0 0.0703606859223734 2.16036358673142 -1.54860505999467 0 0 -0.044609132243604 
1.57142565333233 0 0.733153074110463 3.23005655930846 20.8182331218702 4.34418694702638 3.24031541554272 2.77723446617705 7.17129616400753 5.85671568562124 14.3290552097974 0 -0.259543087668504 1.20186968389986 1.59190538412514 1.32133292534451 1.25371266363827 -0.0900088604958769 1.27771223947765 1.36826732259629 0.594697144159441 0 19.1401366461255 4.4710669780481 -0.117941129239249 9.15302979003313 2.78091521527661 0 18.714143437666 19.160583510022 13.5468737937263 1.97945172897515 0.716161487901658 -0.676888563985419 2.26721421987154 1.42427737332614 0 -0.699646122753455 0.898857128293653 1.74054222448754 0 
1.57142565333233 -9.6165230449366 2.13387962721003 8.09518033526613 17.4451060860628 -1.1907745415069 3.84524594240135 19.0058825253536 7.17129616400753 0 -4.84609227548171 0.667759861213975 0 0.323994219454003 1.76842868596708 0.850268123848489 0 0 1.27771223947765 0 -0.555537694387854 -14.0345761273217 0 -2.52945333697342 0 -6.55867586217759 0 19.4777762421769 18.714143437666 19.160583510022 14.5378714867578 0.928346362155092 0 -2.77690422752728 2.26721421987154 0.518661023359122 0 -1.46783191220268 0.898857128293653 1.74054222448754 -0.85473623539076 
0 -9.6165230449366 2.13387962721003 6.71250458781724 0 17.3482750343849 -4.17879500686135 -0.0771754043536146 2.06952411451821 -0.307268424195828 15.2766814170762 0.595608745978963 0 0 0.860422585560206 0 0 1.78570482816813 0.0348374208783905 -0.560845573437794 0.591217487878733 0 13.8948257145913 5.43270056668329 0 10.4952098105546 12.2307142113478 13.0460968488111 1.03424918886006 0 -4.22133633644382 1.97945172897515 0 -0.230153424074013 2.26721421987154 0 -1.40987321520684 -1.54860505999467 0 -0.462485380686114 -0.044609132243604 
1.57142565333233 -9.6165230449366 0 3.23005655930846 17.4451060860628 17.3482750343849 0 -0.0771754043536146 18.1124276659044 0 0 0.595608745978963 0.386276332701685 1.20186968389986 1.11915983826349 0 1.01342390617981 1.78570482816813 1.32666692572025 -0.263169920194508 -1.3195076367443 0 0 0 5.4091972417241 -16.756209813783 18.96162224494 0 0 -1.55922105608472 13.5468737937263 1.97945172897515 0 -0.667678957184627 0 0 2.29791148500885 1.44560278740041 0.886331409572778 0.031732575051362 0 
2.571571100989 -9.6165230449366 2.13387962721003 0 0 0 3.84524594240135 12.7032875608202 0.0801325910399354 0 14.3290552097974 0.595608745978963 0 0 0.860422585560206 0.495501579947538 0 0 0.45396995378843 0 0.594697144159441 4.51637977013196 -17.7299109090725 0 0 14.9860957893478 0 17.3993106021543 19.3847518097305 0 17.4242149374561 -0.874160631966852 0 -0.30580772753144 2.26721421987154 0 -1.81739824908664 -1.70862130471907 0.581065051635292 -0.462485380686114 0 
1.57142565333233 -15.1649440523074 -12.6065675134801 0 0 0 5.79528363691423 3.93178126208101 -13.3775255146332 0 14.3290552097974 -0.381027996642994 0 1.47072999340982 0.860422585560206 0.495501579947538 0.487619732766235 0 -1.5158906315993 0 0.594697144159441 4.51637977013196 13.8948257145913 -16.539486076934 -17.7115514211876 13.0024174940784 2.28200829694141 17.3993106021543 19.3847518097305 -1.55922105608472 17.4242149374561 -0.874160631966852 0 0 -1.52048759140097 1.06894400299943 1.24938009830629 -1.70862130471907 0.581065051635292 0.031732575051362 0 
1.57142565333233 -9.6165230449366 -12.6065675134801 -10.3638491455297 14.9720461922568 0 3.84524594240135 12.7032875608202 18.1124276659044 0 14.3290552097974 0.595608745978963 0 0 -0.992810893334826 0.495501579947538 0 0 1.32666692572025 0 0.594697144159441 18.9155071316825 2.4187233949633 -16.539486076934 0 14.9860957893478 0 17.3993106021543 0 0 17.4242149374561 0.52622613614715 0.0620968378251869 0 2.26721421987154 0 -1.81739824908664 -1.70862130471907 0.249457139638 -0.462485380686114 0 
2.56988634506748 -9.6165230449366 2.13387962721003 0 0 0 3.84524594240135 12.7032875608202 1.18992964191825 0 14.3290552097974 0.595608745978963 0 0 0.860422585560206 0.495501579947538 0 0 -0.263255857053798 0 0.594697144159441 4.51637977013196 -17.7299109090725 -16.539486076934 0 14.9860957893478 0 17.3993106021543 19.3847518097305 7.65148613958223 0 -0.874160631966852 0 0 2.26721421987154 0 -1.81739824908664 -1.70862130471907 0.581065051635292 0 -0.044609132243604 
0 -9.6165230449366 3.94357362014408 0 0 0 3.84524594240135 -0.0771754043536146 0 0 -14.2017478096307 0.595608745978963 0 0 0.860422585560206 0.495501579947538 0 1.78570482816813 -0.182365577957763 -0.263169920194508 0 0 13.8948257145913 0 5.4091972417241 15.718997639799 0 13.0460968488111 1.03424918886006 2.7954618366414 0 1.97945172897515 0 -0.667678957184627 0 0.368912837034516 -1.81739824908664 -1.54860505999467 0 0 -0.044609132243604 
0 7.09937914605224 3.94357362014408 0 0 0 3.84524594240135 -0.0771754043536146 1.18992964191825 0 -14.2017478096307 -1.43106898173274 0 0 0.860422585560206 0.495501579947538 0 1.78570482816813 -0.263255857053798 0 0 4.51637977013196 13.8948257145913 0 -13.1164008998854 10.4952098105546 0 0 17.749957399047 7.65148613958223 -9.67114824320709 -0.874160631966852 0 -0.30580772753144 0 0 -1.81739824908664 1.44560278740041 0 0 -0.938443573628759 
1.57142565333233 -15.1649440523074 -12.6065675134801 -10.3638491455297 14.9720461922568 -13.9419613843513 10.3223563201364 -0.0771754043536146 0 0 -3.08224794237513 -0.381027996642994 0 0 -0.992810893334826 -1.18608774765678 -0.354072984398377 1.78570482816813 -0.263255857053798 1.55277195365763 -0.555537694387854 -16.7730637782128 13.8948257145913 2.08576260231704 0 10.4952098105546 17.6326684363338 19.4777762421769 0 0 9.71817587954838 1.89874144224391 0 -0.839252281812603 0 0 1.46405320403355 -1.46783191220268 0.249457139638 -0.462485380686114 0.892010547636082 
1.57142565333233 -19.6061065236368 5.98707973304534 8.0834817620383 13.434979332278 17.3482750343849 -4.17879500686135 -0.0771754043536146 18.1124276659044 0 -3.08224794237513 -0.699111080644238 0.446507904886505 0.516109605541504 2.32783074833352 0 0 1.78570482816813 1.32666692572025 1.55277195365763 -0.555537694387854 0 0 0.58477505190986 0 -12.5584815221645 12.2307142113478 0 1.03424918886006 -18.8818193501243 12.1851239914937 1.97945172897515 0 -0.960433059218541 0 -1.64466012438976 -1.40987321520684 1.44560278740041 0 -0.828458802899559 0.892010547636082 
1.57142565333233 -15.1649440523074 0.733153074110463 3.23005655930846 20.8182331218702 0 3.84524594240135 2.77723446617705 7.17129616400753 0 14.3290552097974 -0.667015781936709 -0.259543087668504 1.20186968389986 1.59190538412514 0.495501579947538 0 -0.0900088604958769 1.27771223947765 1.55277195365763 0.594697144159441 0 13.8948257145913 4.4710669780481 -13.1164008998854 9.15302979003313 0 0 18.714143437666 -1.55922105608472 0 1.97945172897515 -0.345340259049712 -0.676888563985419 0 1.42427737332614 0 -0.699646122753455 0.898857128293653 0.031732575051362 -0.044609132243604 
0.748595936178965 -15.1649440523074 -12.6065675134801 -10.3638491455297 0 0 3.84524594240135 -0.0771754043536146 18.1124276659044 0 0 -0.667015781936709 0 0 0.860422585560206 0.495501579947538 0 1.78570482816813 1.32666692572025 1.55277195365763 0 -10.5398833335097 0 -13.8402736158298 -17.7115514211876 -12.5584815221645 0 -2.05287800014619 0 7.65148613958223 9.71817587954838 1.52448077663988 0 0.41138055101567 -1.52048759140097 -1.64466012438976 -1.81739824908664 -1.9524874333071 0 0 0.288980994852717 
0.748595936178965 -14.8643641910117 -12.6065675134801 0 0 14.2889247590159 3.84524594240135 19.0058825253536 18.1124276659044 0 14.3290552097974 -0.0608999309227336 0 1.47072999340982 0.860422585560206 0.528207587226391 0 0 1.32666692572025 0 0.594697144159441 4.51637977013196 0 -13.8402736158298 9.08221915638178 -12.5584815221645 0 13.0460968488111 0 -1.55922105608472 0 -0.874160631966852 0 0.41138055101567 -0.0593000749029685 -2.29785819353902 -1.81739824908664 -1.54860505999467 0.249457139638 0.031732575051362 -0.044609132243604 
1.57142565333233 -8.20008195107807 0 -22.6778126558884 0 3.11781161430656 3.84524594240135 -0.884963926339971 7.17129616400753 0 0 1.09673194805939 0 1.54468232617 0.860422585560206 0.495501579947538 0 0.678453534226144 1.27771223947765 1.55277195365763 0 -10.5398833335097 0.944683132830394 -3.84543605327859 -17.7115514211876 -12.5584815221645 0 13.0460968488111 0 -17.3967204323955 0 1.52448077663988 0.705865813962121 -1.90735403723426 -1.52048759140097 -1.64466012438976 -1.81739824908664 -1.54860505999467 0.249457139638 1.46104832434144 -0.505501113843872 
1.57142565333233 -9.6165230449366 2.13387962721003 3.97482614218016 0 17.3482750343849 3.84524594240135 -16.7346931792492 0 0 0 0.595608745978963 0 0 0.860422585560206 0 0 0.366769787094914 -0.263255857053798 0 -1.1681418461763 -10.5398833335097 0 -16.539486076934 0 14.9860957893478 0 4.87944621819977 -1.73541534181471 7.65148613958223 17.4242149374561 1.52448077663988 0 0 2.26721421987154 0 -1.81739824908664 0 -1.39772556507854 0 0 
1.57142565333233 -15.1649440523074 -12.6065675134801 14.2524333333841 0 0 15.0788702420326 19.0058825253536 1.20930868336433 0 -3.08224794237513 -0.381027996642994 0 0 0.860422585560206 0.495501579947538 0.092221798418193 0 0.0418148931496846 1.55277195365763 -0.555537694387854 4.51637977013196 -17.7299109090725 0.58477505190986 -17.7115514211876 -12.5584815221645 12.2307142113478 -2.05287800014619 0 18.4724600017641 -4.22133633644382 -0.874160631966852 0 -0.960433059218541 -1.52048759140097 -1.64466012438976 -1.40987321520684 -1.9524874333071 0.0967945445733119 1.74054222448754 -0.044609132243604 
1.57142565333233 -9.6165230449366 2.13387962721003 17.5682554680706 17.4451060860628 -1.1907745415069 3.84524594240135 19.0058825253536 7.17129616400753 0 14.3290552097974 0.667759861213975 0 1.68346783317787 1.76842868596708 0.850268123848489 0 0 1.27771223947765 0 0.594697144159441 4.51637977013196 0 3.03479331062864 0 -6.55867586217759 0 19.4777762421769 0 19.160583510022 0 -0.874160631966852 0 0.190159802767522 2.26721421987154 0.518661023359122 0 -1.46783191220268 0.160673894062952 1.74054222448754 -0.044609132243604 
0 -14.8643641910117 2.13387962721003 3.97482614218016 7.54104370602455 0 3.84524594240135 -16.7346931792492 0.0801325910399354 0 0 -0.0608999309227336 0 0 0 0.495501579947538 0 0.366769787094914 0.45396995378843 1.55277195365763 -1.1681418461763 -1.1384934429957 0 -13.8402736158298 0 14.9860957893478 0 4.87944621819977 19.3847518097305 0 17.4242149374561 0.503913633787964 0 0.41138055101567 2.26721421987154 0 0 0 0.581065051635292 -0.462485380686114 0 
0 -15.1649440523074 1.01225917505206 20.0756516829252 -17.8455007904421 17.3482750343849 0 19.0058825253536 0 0 -4.84609227548171 -0.381027996642994 0.0636303548019521 -0.516140276312893 2.45326011595002 0 1.13675711356884 0 -0.263255857053798 -0.263169920194508 -0.555537694387854 18.9155071316825 2.93969178709187 2.08576260231704 -4.13639658323321 -12.5584815221645 0 0 1.03424918886006 0 9.71817587954838 0.52622613614715 0 0 -0.943802413038817 -1.64466012438976 -1.81739824908664 1.44560278740041 0 -0.462485380686114 0.892010547636082 
1.57142565333233 -15.1649440523074 2.13387962721003 0 -17.8455007904421 13.1122586046868 0 19.0058825253536 0 0 14.3290552097974 -0.381027996642994 0 0 2.45326011595002 0 1.13675711356884 0 -0.263255857053798 -0.263169920194508 0.594697144159441 -16.7730637782128 13.8948257145913 -16.539486076934 0 10.4952098105546 0 18.0625698732969 19.3847518097305 0 9.71817587954838 1.89874144224391 0 0 2.26721421987154 0 -1.81739824908664 -1.02107509152082 0.581065051635292 -0.462485380686114 0.892010547636082 
0.748595936178965 -9.6165230449366 3.94357362014408 -10.3638491455297 0 4.29867561175426 3.84524594240135 -0.884963926339971 0 0 -4.84609227548171 0.595608745978963 0 0 0.860422585560206 1.97938650286728 0 0.678453534226144 0 0 -0.555537694387854 17.0922148214151 -17.7299109090725 -16.2836630325921 -17.7115514211876 -6.55867586217759 0 13.0460968488111 0 -17.3967204323955 9.71817587954838 0 0 0.198795086452176 -1.52048759140097 0.518661023359122 -1.81739824908664 -1.54860505999467 0 1.46104832434144 0.288980994852717 
0 -9.6165230449366 -3.60599176194798 -10.3638491455297 7.54104370602455 0 0 0 0 0 -3.85805197474922 0.595608745978963 0 0 0 0.495501579947538 1.13675711356884 0 -0.263255857053798 1.55277195365763 -0.758736376421869 17.0922148214151 0 -16.539486076934 8.11114053386782 -12.5584815221645 -3.17835217594558 14.521650017063 -1.73541534181471 -2.25491322197715 11.3425204252557 0 0 0 0.566886543094593 -1.64466012438976 -0.653072283981867 -1.0195713002093 -1.39772556507854 0.031732575051362 -0.598604849427289 
1.57142565333233 -9.6165230449366 -12.6065675134801 0 13.434979332278 10.9007613850295 5.79528363691423 19.0058825253536 -6.29895993042689 0 -4.84609227548171 0.595608745978963 0 1.47072999340982 2.32783074833352 0.28542784632902 0.487619732766235 0 0 1.55277195365763 -0.555537694387854 4.51637977013196 0 -13.8402736158298 9.08221915638178 15.718997639799 -1.67387766611012 -2.05287800014619 0 -1.55922105608472 12.1851239914937 -0.874160631966852 0 0.41138055101567 -0.0593000749029685 0.368912837034516 -1.35672851879929 -1.9524874333071 0.249457139638 0.031732575051362 0.892010547636082 
1.57142565333233 -9.6165230449366 3.94357362014408 -10.3638491455297 17.4451060860628 -13.9419613843513 0 2.77723446617705 0 5.85671568562124 0 0.595608745978963 0 0 1.76842868596708 -1.18608774765678 0 -0.0900088604958769 -0.263255857053798 1.36826732259629 -0.477513038775657 -19.5178733018776 13.8948257145913 2.08576260231704 8.11114053386782 10.4952098105546 -4.10060526914923 12.170620185775 0 0 0 0 0 0 0.566886543094593 0 -1.81739824908664 -1.37828108841939 0 0 -0.044609132243604 
1.57142565333233 -8.20008195107807 3.94357362014408 0 0 0 3.84524594240135 -0.884963926339971 0 0 14.3290552097974 1.09673194805939 0 0 0.860422585560206 0.495501579947538 0 0.678453534226144 -0.182365577957763 0 0.594697144159441 4.51637977013196 -17.7299109090725 0 -17.7115514211876 -6.55867586217759 0 13.0460968488111 0 7.65148613958223 0 -0.874160631966852 0 -0.667678957184627 -1.52048759140097 0.518661023359122 -1.81739824908664 -1.54860505999467 0 0 -0.044609132243604 
1.57142565333233 -19.6061065236368 0 3.23005655930846 17.4451060860628 4.34418694702638 0 2.77723446617705 18.1124276659044 5.85671568562124 14.3290552097974 -0.699111080644238 0 1.20186968389986 1.76842868596708 1.32133292534451 1.20801857263223 -0.0900088604958769 1.32666692572025 1.36826732259629 0.594697144159441 0 19.1401366461255 4.4710669780481 0 9.15302979003313 0 0 0 19.160583510022 12.1851239914937 1.97945172897515 0.716161487901658 -0.676888563985419 2.26721421987154 1.42427737332614 0 -0.699646122753455 0.249457139638 1.74054222448754 0.892010547636082 
1.57142565333233 -15.1649440523074 5.98707973304534 -10.3638491455297 13.434979332278 0 2.48400578248967 -0.0771754043536146 18.1124276659044 0 18.0017163031743 -0.667015781936709 0.446507904886505 0 2.32783074833352 0.495501579947538 0.487619732766235 1.78570482816813 1.32666692572025 1.55277195365763 0.594697144159441 17.0922148214151 0 0.58477505190986 -13.1164008998854 15.718997639799 12.2307142113478 -2.05287800014619 16.1367461253594 7.65148613958223 -4.22133633644382 0 0 -0.960433059218541 0 0.368912837034516 -1.40987321520684 -1.9524874333071 0 0 -0.044609132243604 
1.57142565333233 17.2969402825911 -12.6065675134801 3.97482614218016 0 0 5.79528363691423 3.93178126208101 0 0 14.3290552097974 0 0 0 0 0.495501579947538 0.487619732766235 0 -0.263255857053798 1.55277195365763 0.594697144159441 0 13.8948257145913 0 -19.8002807701939 13.0024174940784 2.28200829694141 11.7135385842126 0 -1.55922105608472 15.1969395462409 0 0 -0.0447364503446672 0 1.06894400299943 1.24938009830629 -1.0195713002093 0 0.031732575051362 0 
0 7.09937914605224 2.13387962721003 0 -9.93127594221443 17.3482750343849 5.79528363691423 12.7032875608202 0.0801325910399354 0 14.3290552097974 -1.43106898173274 0 1.47072999340982 0.678142525329321 0 -0.0973621714894483 -0.582755150498243 0.45396995378843 0 0.594697144159441 -7.97975425980042 2.93969178709187 -16.539486076934 0 14.9860957893478 0 18.0625698732969 19.3847518097305 0 -9.67114824320709 0 0 0 2.26721421987154 0 -1.81739824908664 -1.02107509152082 0.581065051635292 -0.462485380686114 -0.938443573628759 
2.57083390784213 -15.1649440523074 1.68475647714676 3.23005655930846 -0.345942022742677 17.3482750343849 3.84524594240135 -0.0771754043536146 0 0 14.3290552097974 -0.667015781936709 1.48228125156941 1.20186968389986 0.586827653109481 0 0 1.78570482816813 -0.263255857053798 0 -0.11987647643307 -10.5398833335097 0.00863527879521031 0 -17.7115514211876 -6.55867586217759 20.4858299084407 0 18.714143437666 -1.55922105608472 9.71817587954838 1.52448077663988 1.82786254390509 -0.30580772753144 -1.52048759140097 0.518661023359122 2.16036358673142 -0.699646122753455 0.898857128293653 0.031732575051362 0.288980994852717 
1.57142565333233 -15.1649440523074 3.94357362014408 14.2524333333841 0 0 3.84524594240135 19.0058825253536 2.06952411451821 0 -14.2017478096307 -0.381027996642994 0 0 0.860422585560206 0.495501579947538 0 0 0.0348374208783905 1.55277195365763 0 -19.5178733018776 13.8948257145913 2.08576260231704 9.08221915638178 13.0024174940784 2.28200829694141 -2.05287800014619 0 0 -4.22133633644382 0 0 0 -0.0593000749029685 1.06894400299943 1.24938009830629 -1.9524874333071 0.249457139638 0 -0.044609132243604 
1.57142565333233 -8.04527746224556 0 3.23005655930846 17.4451060860628 4.34418694702638 0 2.77723446617705 0 5.85671568562124 14.3290552097974 0.200898502408945 0 1.20186968389986 1.11915983826349 1.32133292534451 1.01342390617981 -0.0900088604958769 -0.263255857053798 1.36826732259629 0.42169452054505 -17.9936584914074 19.1401366461255 0 0 -16.756209813783 0 13.0460968488111 0 19.160583510022 9.71817587954838 -1.77381643269854 0.716161487901658 -0.30580772753144 2.26721421987154 0 0 -1.54860505999467 0.249457139638 1.74054222448754 0.892010547636082 
1.57142565333233 17.2969402825911 3.94357362014408 3.97482614218016 17.4451060860628 0 0 2.77723446617705 0 5.85671568562124 14.3290552097974 0 0 0 1.76842868596708 0.495501579947538 1.01342390617981 -0.0900088604958769 -0.263255857053798 1.36826732259629 0.594697144159441 4.51637977013196 0 0 -19.8002807701939 13.0024174940784 0 13.0460968488111 17.749957399047 0 0 -0.874160631966852 -0.464818962134802 -0.667678957184627 0 1.06894400299943 -1.81739824908664 -1.54860505999467 0 0 -0.044609132243604 
0 -9.6165230449366 1.27554064804015 -10.3638491455297 -17.8455007904421 0 10.4172108397666 0 0 -0.359184609870047 14.3290552097974 0.595608745978963 0.75899016615422 0 1.59412206876749 0.495501579947538 -0.354072984398377 0 0 0.763075787552202 0.594697144159441 17.0922148214151 0 -16.2836630325921 10.6418154251956 -0.229985965522931 -8.43019170147841 13.0460968488111 0 7.65148613958223 9.71817587954838 0 0 0.198795086452176 0 0 0 -1.54860505999467 0.249457139638 0 0.288980994852717 
0 -15.1649440523074 2.75399511589389 -10.3638491455297 16.8561923023575 17.3482750343849 0 -0.0771754043536146 7.17129616400753 0 0 -0.667015781936709 0 0 -0.109434655434189 0 1.01342390617981 1.78570482816813 1.27771223947765 0 -1.3195076367443 -17.9936584914074 0 -16.539486076934 5.4091972417241 -16.756209813783 20.4858299084407 -2.05287800014619 18.714143437666 -1.55922105608472 9.71817587954838 -1.77381643269854 0 -0.260609369995356 0 0 2.16036358673142 -1.9524874333071 0.898857128293653 0.031732575051362 0.892010547636082 
0 7.09937914605224 -3.40227012662323 0 7.54104370602455 17.3482750343849 5.79528363691423 -0.0771754043536146 0 0 -4.84609227548171 -1.43106898173274 -0.106277667510453 1.47072999340982 0 0 0.487619732766235 1.78570482816813 0 1.55277195365763 -0.555537694387854 4.51637977013196 8.17426628813812 2.08576260231704 10.6418154251956 -12.5584815221645 0 19.4777762421769 0 7.65148613958223 -9.67114824320709 -0.874160631966852 0 0 0 -1.64466012438976 -1.81739824908664 -1.46783191220268 0.249457139638 0 -0.938443573628759 
1.57142565333233 -15.1649440523074 -12.6065675134801 14.2524333333841 7.54104370602455 17.3482750343849 10.3223563201364 19.0058825253536 2.06952411451821 0 -4.84609227548171 -0.381027996642994 0 0 0 0 -0.354072984398377 0 0.0348374208783905 1.55277195365763 -0.555537694387854 4.51637977013196 0 2.08576260231704 9.08221915638178 12.6751692708 17.6326684363338 19.4777762421769 0 -18.8818193501243 12.1851239914937 -0.874160631966852 0 0 -0.0593000749029685 0.74358359585683 1.46405320403355 -1.46783191220268 0.249457139638 -0.828458802899559 0.892010547636082 
1.57142565333233 -12.0308381933863 1.27554064804015 0 17.4451060860628 17.3482750343849 5.79528363691423 15.3697943242126 0 0 -4.84609227548171 -0.536488295782585 0.75899016615422 1.47072999340982 1.76842868596708 0 0.0641976516946208 0 0 0 -0.555537694387854 -14.0345761273217 0.00863527879521031 -13.8402736158298 0 -6.55867586217759 0 19.4777762421769 0 19.160583510022 9.71817587954838 0.928346362155092 1.82786254390509 0.41138055101567 2.26721421987154 0.518661023359122 -1.81739824908664 -1.46783191220268 0.249457139638 1.74054222448754 0.288980994852717 
1.57142565333233 -9.6165230449366 0 -21.728738415534 -15.5308212784728 0 5.79528363691423 -7.82775693937566 7.17129616400753 0 14.3290552097974 0.595608745978963 0 1.10923002863733 -0.0134386774354794 0.495501579947538 0.487619732766235 1.98367159906014 1.27771223947765 1.55277195365763 0.594697144159441 4.51637977013196 0.944683132830394 -3.84543605327859 0 -12.5584815221645 0 4.74327190655436 0 -17.3967204323955 0 -0.874160631966852 0.705865813962121 -1.90735403723426 0 -1.64466012438976 -1.81739824908664 -0.715566599767453 0.249457139638 1.46104832434144 -0.044609132243604 
1.57142565333233 -9.6165230449366 5.98707973304534 3.97482614218016 13.434979332278 17.3482750343849 -4.17879500686135 -0.0771754043536146 18.1124276659044 0 -14.2017478096307 0.595608745978963 0.446507904886505 -0.413010549453558 2.32783074833352 0 0 1.78570482816813 1.32666692572025 -0.263169920194508 0 0 13.8948257145913 0 5.4091972417241 15.718997639799 0.214041729091686 0 1.03424918886006 2.7954618366414 0 1.97945172897515 0 -0.520165227451439 0 0.368912837034516 -1.81739824908664 1.44560278740041 0 0 1.19067444707764 
0.748595936178965 -6.4795234687531 -3.60599176194798 17.5682554680706 0 0 0 -0.884963926339971 0 0 14.3290552097974 -0.234576263108559 0 1.68346783317787 0.860422585560206 0.495501579947538 1.13675711356884 0.678453534226144 -0.182365577957763 0 0.594697144159441 -7.97975425980042 0 -16.539486076934 -13.1164008998854 10.4952098105546 0 13.0460968488111 -1.73541534181471 0 0 0 0 0 0 0 -1.81739824908664 -1.54860505999467 -1.39772556507854 0 -0.044609132243604 
1.57142565333233 3.69465236724105 -12.6065675134801 15.6851160692447 17.4451060860628 17.3482750343849 5.79528363691423 19.0058825253536 7.17129616400753 0 -4.84609227548171 0 0 1.68346783317787 1.76842868596708 0 0.0641976516946208 0 1.27771223947765 0 -0.732966975831877 4.51637977013196 0 -3.84543605327859 0 10.4952098105546 0 19.4777762421769 16.1367461253594 19.160583510022 10.9201317494363 -0.874160631966852 0 -1.90735403723426 2.26721421987154 0 -1.81739824908664 -1.46783191220268 0 1.74054222448754 -1.7483690295128 
0.748595936178965 -19.6061065236368 1.27554064804015 3.23005655930846 17.4451060860628 4.34418694702638 3.84524594240135 2.77723446617705 0.306828975215009 0 14.3290552097974 -0.699111080644238 0.75899016615422 1.20186968389986 1.76842868596708 1.32133292534451 0 -0.0900088604958769 -0.584983382646452 -0.263169920194508 0.42169452054505 -16.7730637782128 19.1401366461255 8.36626113781997 -13.1164008998854 9.15302979003313 -16.2218149454434 4.74327190655436 0 19.160583510022 -0.694333965188979 1.89874144224391 0.716161487901658 -0.43053485778651 0 1.42427737332614 0 -0.715566599767453 0.249457139638 1.74054222448754 1.19067444707764 
1.57142565333233 -9.6165230449366 0 0 -15.5308212784728 4.29867561175426 10.4172108397666 -7.82775693937566 0 0 -14.2017478096307 0.595608745978963 0 1.47072999340982 -0.0134386774354794 1.97938650286728 -0.354072984398377 2.66822298549499 -1.27025979537063 0 0.26036008079553 -7.97975425980042 0.0677719060647171 -3.84543605327859 0 10.4952098105546 -11.2067888531866 4.65644508542327 -11.2333667423732 -1.55922105608472 0 0 0 -1.90735403723426 0 0 0.420474968077836 -0.309290139493202 0 0.031732575051362 -0.044609132243604 
0.748595936178965 -19.6061065236368 2.13387962721003 3.97482614218016 7.54104370602455 -1.1907745415069 10.3223563201364 19.0058825253536 7.17129616400753 0 -4.84609227548171 -0.699111080644238 0 0 0 0.850268123848489 -0.354072984398377 0 1.27771223947765 1.55277195365763 -0.555537694387854 -14.0345761273217 0 -3.84543605327859 0 -6.55867586217759 0 19.4777762421769 0 -18.8818193501243 12.1851239914937 0.928346362155092 0 -1.90735403723426 0 0.518661023359122 0 -1.46783191220268 0.249457139638 -0.828458802899559 0.892010547636082 
1.57142565333233 -15.1649440523074 0 0 16.8561923023575 12.7497409259201 0 19.0058825253536 0 0.908148420233348 -14.2017478096307 -0.667015781936709 0 1.47072999340982 -0.109434655434189 0 1.01342390617981 0 -0.263255857053798 -0.071713002059475 0 -17.9936584914074 2.93969178709187 -16.539486076934 14.3360812131949 -16.756209813783 -11.2067888531866 16.0251126879943 -11.2333667423732 -1.55922105608472 9.71817587954838 -1.77381643269854 0 -0.260609369995356 0 0 0.420474968077836 2.76376695826825 0 0.141790156830936 0.892010547636082 
0 -9.6165230449366 -12.6065675134801 -25.5470006434466 17.4451060860628 0 5.79528363691423 12.7032875608202 7.17129616400753 0 -4.84609227548171 0.595608745978963 0 1.80429820227171 1.76842868596708 0.495501579947538 0.0641976516946208 0 1.27771223947765 0 -0.732966975831877 4.51637977013196 13.8948257145913 -13.8402736158298 0 -6.55867586217759 0 19.4777762421769 19.3847518097305 19.160583510022 10.9201317494363 -0.874160631966852 0 0.41138055101567 2.26721421987154 0.518661023359122 0 -1.46783191220268 0.581065051635292 1.74054222448754 -1.7483690295128 
1.57142565333233 -15.1649440523074 0 3.23005655930846 -0.345942022742677 0 0 20.6897368781221 0 5.85671568562124 14.3290552097974 -0.381027996642994 0.386276332701685 1.20186968389986 0.586827653109481 0.495501579947538 1.13675711356884 -0.0509325843541569 -0.263255857053798 1.36826732259629 0.594697144159441 0 0 4.4710669780481 -4.13639658323321 -18.7414049910109 20.4858299084407 -4.54015135515488 16.1367461253594 7.65148613958223 9.71817587954838 1.97945172897515 0 -0.676888563985419 -0.943802413038817 0.0703606859223734 2.16036358673142 -1.27679533212296 0 0 0.892010547636082 
0.748595936178965 0 1.27554064804015 3.23005655930846 0 0 0 -0.884963926339971 7.17129616400753 0 0 0 0.75899016615422 1.20186968389986 0.860422585560206 0.495501579947538 1.20801857263223 0.678453534226144 1.27771223947765 0 0 0 -20.4804619990664 -16.2836630325921 -0.117941129239249 -6.55867586217759 0 13.0460968488111 0 -17.3967204323955 9.71817587954838 1.97945172897515 -0.588091951416848 0.198795086452176 2.26721421987154 0.518661023359122 -1.81739824908664 -1.54860505999467 0 1.46104832434144 0.288980994852717 
1.57142565333233 -9.6165230449366 2.13387962721003 3.97482614218016 17.4451060860628 0 -4.17879500686135 19.0058825253536 7.17129616400753 0 -14.2017478096307 0.595608745978963 0 0 1.76842868596708 0.495501579947538 0 0 1.27771223947765 0 0 4.51637977013196 13.8948257145913 -3.84543605327859 0 15.718997639799 0 19.4777762421769 18.5343008774958 19.160583510022 14.5378714867578 -0.874160631966852 0 -1.90735403723426 2.26721421987154 0.368912837034516 0 -1.46783191220268 0 1.74054222448754 -0.85473623539076 
